513
1 1 3
Id
1
1 1 1.0
Nupdn
1
1 2 2142.59
Ntot
1
1 3 1.0
2 3 3
Id
3
1 1 1.0
2 2 1.0
3 3 -0.6951526607370009
Nupdn
1
1 2 2142.59
Ntot
2
1 3 -0.718862141352755
3 2 2071.9231876165923
3 3 3
Id
3
1 1 1.0
2 2 1.0
3 3 -0.8025428276211648
Nupdn
1
1 2 2142.59
Ntot
2
1 3 0.5965945103953146
3 2 -2882.226046453973
4 3 3
Id
3
1 1 1.0
2 2 1.0
3 3 -0.8510659796103748
Nupdn
1
1 2 2142.59
Ntot
2
1 3 -0.5250587570451842
3 2 3472.9169503147064
5 3 3
Id
3
1 1 1.0
2 2 1.0
3 3 -0.8788129971899845
Nupdn
1
1 2 2142.59
Ntot
2
1 3 0.47716633993813523
3 2 -3946.0787194113736
6 3 3
Id
3
1 1 1.0
2 2 1.0
3 3 -0.89676757627927
Nupdn
1
1 2 2142.59
Ntot
2
1 3 -0.442501880373636
3 2 4342.140285681545
7 3 3
Id
3
1 1 1.0
2 2 1.0
3 3 -0.9093192133378398
Nupdn
1
1 2 2142.59
Ntot
2
1 3 0.41609922885611383
3 2 -4682.292391316203
8 3 3
Id
3
1 1 1.0
2 2 1.0
3 3 -0.9185721315563797
Nupdn
1
1 2 2142.59
Ntot
2
1 3 -0.3952533859791323
3 2 4979.396845585258
9 3 3
Id
3
1 1 1.0
2 2 1.0
3 3 -0.9256626129715377
Nupdn
1
1 2 2142.59
Ntot
2
1 3 0.37835000587644385
3 2 -5242.012494045979
10 3 3
Id
3
1 1 1.0
2 2 1.0
3 3 -0.9312585821981718
Nupdn
1
1 2 2142.59
Ntot
2
1 3 -0.36435896185252675
3 2 5476.2076263670315
11 3 3
Id
3
1 1 1.0
2 2 1.0
3 3 -0.9357785299591383
Nupdn
1
1 2 2142.59
Ntot
2
1 3 0.35258834760597796
3 2 -5686.488887448292
12 3 3
Id
3
1 1 1.0
2 2 1.0
3 3 -0.9394980749734232
Nupdn
1
1 2 2142.59
Ntot
2
1 3 -0.3425541812928752
3 2 5876.323485119798
13 3 3
Id
3
1 1 1.0
2 2 1.0
3 3 -0.9426061727554786
Nupdn
1
1 2 2142.59
Ntot
2
1 3 0.3339065783767497
3 2 -6048.453940327613
14 3 3
Id
3
1 1 1.0
2 2 1.0
3 3 -0.9452367137139668
Nupdn
1
1 2 2142.59
Ntot
2
1 3 -0.32638559258524313
3 2 6205.098437080878
15 3 3
Id
3
1 1 1.0
2 2 1.0
3 3 -0.9474872311416329
Nupdn
1
1 2 2142.59
Ntot
2
1 3 0.31979360034803955
3 2 -6348.08409037068
16 3 3
Id
3
1 1 1.0
2 2 1.0
3 3 -0.9494304650159453
Nupdn
1
1 2 2142.59
Ntot
2
1 3 -0.313977375139684
3 2 6478.93886982624
17 3 3
Id
3
1 1 1.0
2 2 1.0
3 3 -0.9511217748337806
Nupdn
1
1 2 2142.59
Ntot
2
1 3 0.30881607703783714
3 2 -6598.956968459335
18 3 3
Id
3
1 1 1.0
2 2 1.0
3 3 -0.9526040420945874
Nupdn
1
1 2 2142.59
Ntot
2
1 3 -0.30421298293309823
3 2 6709.24651167929
19 3 3
Id
3
1 1 1.0
2 2 1.0
3 3 -0.9539110014447922
Nupdn
1
1 2 2142.59
Ntot
2
1 3 0.30008965547414895
3 2 -6810.765167350666
20 3 3
Id
3
1 1 1.0
2 2 1.0
3 3 -0.9550695583685052
Nupdn
1
1 2 2142.59
Ntot
2
1 3 -0.29638174484571106
3 2 6904.347250300585
21 3 3
Id
3
1 1 1.0
2 2 1.0
3 3 -0.9561014358359416
Nupdn
1
1 2 2142.59
Ntot
2
1 3 0.29303590973198274
3 2 -6990.724711115998
22 3 3
Id
3
1 1 1.0
2 2 1.0
3 3 -0.9570243661748483
Nupdn
1
1 2 2142.59
Ntot
2
1 3 -0.2900075215363044
3 2 7070.543639213427
23 3 3
Id
3
1 1 1.0
2 2 1.0
3 3 -0.9578529682713326
Nupdn
1
1 2 2142.59
Ntot
2
1 3 0.28725892705675465
3 2 -7144.377416974051
24 3 3
Id
3
1 1 1.0
2 2 1.0
3 3 -0.9585994029512399
Nupdn
1
1 2 2142.59
Ntot
2
1 3 -0.28475811605909707
3 2 7212.737333685142
25 3 3
Id
3
1 1 1.0
2 2 1.0
3 3 -0.9592738693451361
Nupdn
1
1 2 2142.59
Ntot
2
1 3 0.2824776868915672
3 2 -7276.081244991078
26 3 3
Id
3
1 1 1.0
2 2 1.0
3 3 -0.9598849855071474
Nupdn
1
1 2 2142.59
Ntot
2
1 3 -0.2803940345263129
3 2 7334.82070890762
27 3 3
Id
3
1 1 1.0
2 2 1.0
3 3 -0.9604400836043574
Nupdn
1
1 2 2142.59
Ntot
2
1 3 0.27848670669540937
3 2 -7389.326920299211
28 3 3
Id
3
1 1 1.0
2 2 1.0
3 3 -0.9609454412454363
Nupdn
1
1 2 2142.59
Ntot
2
1 3 -0.27673788853283815
3 2 7439.935687424834
29 3 3
Id
3
1 1 1.0
2 2 1.0
3 3 -0.9614064645102938
Nupdn
1
1 2 2142.59
Ntot
2
1 3 0.27513198650432796
3 2 -7486.951637165265
30 3 3
Id
3
1 1 1.0
2 2 1.0
3 3 -0.9618278340544775
Nupdn
1
1 2 2142.59
Ntot
2
1 3 -0.2736552898046594
3 2 7530.65179349474
31 3 3
Id
3
1 1 1.0
2 2 1.0
3 3 -0.9622136227007756
Nupdn
1
1 2 2142.59
Ntot
2
1 3 0.2722956927478836
3 2 -7571.288642348451
32 3 3
Id
3
1 1 1.0
2 2 1.0
3 3 -0.9625673908092269
Nupdn
1
1 2 2142.59
Ntot
2
1 3 -0.2710424655855915
3 2 7609.092772300901
33 3 3
Id
3
1 1 1.0
2 2 1.0
3 3 -0.9628922641789113
Nupdn
1
1 2 2142.59
Ntot
2
1 3 0.2698860640796589
3 2 -7644.27516234465
34 3 3
Id
3
1 1 1.0
2 2 1.0
3 3 -0.9631909981073394
Nupdn
1
1 2 2142.59
Ntot
2
1 3 -0.2688179703163225
3 2 7677.029174077859
35 3 3
Id
3
1 1 1.0
2 2 1.0
3 3 -0.9634660303980076
Nupdn
1
1 2 2142.59
Ntot
2
1 3 0.26783055887838014
3 2 -7707.532294729128
36 3 3
Id
3
1 1 1.0
2 2 1.0
3 3 -0.9637195254817479
Nupdn
1
1 2 2142.59
Ntot
2
1 3 -0.2669169837332098
3 2 7735.947668904476
37 3 3
Id
3
1 1 1.0
2 2 1.0
3 3 -0.9639534113457626
Nupdn
1
1 2 2142.59
Ntot
2
1 3 0.2660710821469833
3 2 -7762.425450182406
38 3 3
Id
3
1 1 1.0
2 2 1.0
3 3 -0.964169410604979
Nupdn
1
1 2 2142.59
Ntot
2
1 3 -0.2652872926727698
3 2 7787.103998291757
39 3 3
Id
3
1 1 1.0
2 2 1.0
3 3 -0.9643690667746132
Nupdn
1
1 2 2142.59
Ntot
2
1 3 0.264560584835046
3 2 -7810.110943279508
40 3 3
Id
3
1 1 1.0
2 2 1.0
3 3 -0.964553766589547
Nupdn
1
1 2 2142.59
Ntot
2
1 3 -0.26388639858453916
3 2 7831.564134575968
41 3 3
Id
3
1 1 1.0
2 2 1.0
3 3 -0.9647247590499508
Nupdn
1
1 2 2142.59
Ntot
2
1 3 0.2632605919540835
3 2 -7851.572490019135
42 3 3
Id
3
1 1 1.0
2 2 1.0
3 3 -0.9648831717422917
Nupdn
1
1 2 2142.59
Ntot
2
1 3 -0.2626793956299865
3 2 7870.236757569712
43 3 3
Id
3
1 1 1.0
2 2 1.0
3 3 -0.9650300248819708
Nupdn
1
1 2 2142.59
Ntot
2
1 3 0.26213937338046517
3 2 -7887.650200532389
44 3 3
Id
3
1 1 1.0
2 2 1.0
3 3 -0.9651662434421604
Nupdn
1
1 2 2142.59
Ntot
2
1 3 -0.26163738746545423
3 2 7903.89921551171
45 3 3
Id
3
1 1 1.0
2 2 1.0
3 3 -0.9652926676681539
Nupdn
1
1 2 2142.59
Ntot
2
1 3 0.26117056829991164
3 2 -7919.063891012752
46 3 3
Id
3
1 1 1.0
2 2 1.0
3 3 -0.9654100622241262
Nupdn
1
1 2 2142.59
Ntot
2
1 3 -0.26073628776295965
3 2 7933.218513493921
47 3 3
Id
3
1 1 1.0
2 2 1.0
3 3 -0.9655191241769043
Nupdn
1
1 2 2142.59
Ntot
2
1 3 0.2603321356434187
3 2 -7946.432026754238
48 3 3
Id
3
1 1 1.0
2 2 1.0
3 3 -0.9656204899870136
Nupdn
1
1 2 2142.59
Ntot
2
1 3 -0.25995589879292913
3 2 7958.768449756567
49 3 3
Id
3
1 1 1.0
2 2 1.0
3 3 -0.9657147416492806
Nupdn
1
1 2 2142.59
Ntot
2
1 3 0.2596055426243113
3 2 -7970.287257328241
50 3 3
Id
3
1 1 1.0
2 2 1.0
3 3 -0.9658024121023607
Nupdn
1
1 2 2142.59
Ntot
2
1 3 -0.25927919464789584
3 2 7981.043727617851
51 3 3
Id
3
1 1 1.0
2 2 1.0
3 3 -0.965883990007713
Nupdn
1
1 2 2142.59
Ntot
2
1 3 0.25897512978427123
3 2 -7991.089259708195
52 3 3
Id
3
1 1 1.0
2 2 1.0
3 3 -0.9659599239829726
Nupdn
1
1 2 2142.59
Ntot
2
1 3 -0.25869175723012433
3 2 8000.471664373805
53 3 3
Id
3
1 1 1.0
2 2 1.0
3 3 -0.9660306263617817
Nupdn
1
1 2 2142.59
Ntot
2
1 3 0.2584276086858059
3 2 -8009.235430618963
54 3 3
Id
3
1 1 1.0
2 2 1.0
3 3 -0.9660964765413822
Nupdn
1
1 2 2142.59
Ntot
2
1 3 -0.25818132778016045
3 2 8017.42197032678
55 3 3
Id
3
1 1 1.0
2 2 1.0
3 3 -0.9661578239703221
Nupdn
1
1 2 2142.59
Ntot
2
1 3 0.25795166055083374
3 2 -8025.06984308646
56 3 3
Id
3
1 1 1.0
2 2 1.0
3 3 -0.9662149908210904
Nupdn
1
1 2 2142.59
Ntot
2
1 3 -0.2577374468574566
3 2 8032.21496303678
57 3 3
Id
3
1 1 1.0
2 2 1.0
3 3 -0.9662682743861872
Nupdn
1
1 2 2142.59
Ntot
2
1 3 0.25753761262141817
3 2 -8038.8907893639525
58 3 3
Id
3
1 1 1.0
2 2 1.0
3 3 -0.9663179492307894
Nupdn
1
1 2 2142.59
Ntot
2
1 3 -0.2573511627997854
3 2 8045.128501918391
59 3 3
Id
3
1 1 1.0
2 2 1.0
3 3 -0.9663642691306598
Nupdn
1
1 2 2142.59
Ntot
2
1 3 0.2571771750128025
3 2 -8050.957163261419
60 3 3
Id
3
1 1 1.0
2 2 1.0
3 3 -0.9664074688201223
Nupdn
1
1 2 2142.59
Ntot
2
1 3 -0.2570147937545308
3 2 8056.403868319365
61 3 3
Id
3
1 1 1.0
2 2 1.0
3 3 -0.9664477655716452
Nupdn
1
1 2 2142.59
Ntot
2
1 3 0.2568632251249174
3 2 -8061.493882704039
62 3 3
Id
3
1 1 1.0
2 2 1.0
3 3 -0.9664853606258037
Nupdn
1
1 2 2142.59
Ntot
2
1 3 -0.25672173202907894
3 2 8066.250770654213
63 3 3
Id
3
1 1 1.0
2 2 1.0
3 3 -0.9665204404880006
Nupdn
1
1 2 2142.59
Ntot
2
1 3 0.2565896297960651
3 2 -8070.696513460357
64 3 3
Id
3
1 1 1.0
2 2 1.0
3 3 -0.9665531781062775
Nupdn
1
1 2 2142.59
Ntot
2
1 3 -0.2564662821749769
3 2 8074.851619152865
65 3 3
Id
3
1 1 1.0
2 2 1.0
3 3 -0.9665837339427878
Nupdn
1
1 2 2142.59
Ntot
2
1 3 0.25635109767117853
3 2 -8078.735224160963
66 3 3
Id
3
1 1 1.0
2 2 1.0
3 3 -0.9666122569499807
Nupdn
1
1 2 2142.59
Ntot
2
1 3 -0.2562435261895697
3 2 8082.365187584443
67 3 3
Id
3
1 1 1.0
2 2 1.0
3 3 -0.966638885461234
Nupdn
1
1 2 2142.59
Ntot
2
1 3 0.2561430559555786
3 2 -8085.7581786623405
68 3 3
Id
3
1 1 1.0
2 2 1.0
3 3 -0.9666637480045368
Nupdn
1
1 2 2142.59
Ntot
2
1 3 -0.2560492106877542
3 2 8088.9297579705335
69 3 3
Id
3
1 1 1.0
2 2 1.0
3 3 -0.9666869640468179
Nupdn
1
1 2 2142.59
Ntot
2
1 3 0.2559615469986572
3 2 -8091.894452833332
70 3 3
Id
3
1 1 1.0
2 2 1.0
3 3 -0.9667086446756876
Nupdn
1
1 2 2142.59
Ntot
2
1 3 -0.2558796520032312
3 2 8094.665827392659
71 3 3
Id
3
1 1 1.0
2 2 1.0
3 3 -0.9667288932245619
Nupdn
1
1 2 2142.59
Ntot
2
1 3 0.25580314111600355
3 2 -8097.256547739974
72 3 3
Id
3
1 1 1.0
2 2 1.0
3 3 -0.9667478058465238
Nupdn
1
1 2 2142.59
Ntot
2
1 3 -0.25573165602039166
3 2 8099.678442482443
73 3 3
Id
3
1 1 1.0
2 2 1.0
3 3 -0.9667654720416798
Nupdn
1
1 2 2142.59
Ntot
2
1 3 0.2556648627950806
3 2 -8101.942559083799
74 3 3
Id
3
1 1 1.0
2 2 1.0
3 3 -0.9667819751422588
Nupdn
1
1 2 2142.59
Ntot
2
1 3 -0.25560245018393846
3 2 8104.0592162923485
75 3 3
Id
3
1 1 1.0
2 2 1.0
3 3 -0.9667973927592679
Nupdn
1
1 2 2142.59
Ntot
2
1 3 0.2555441279972644
3 2 -8106.038052943466
76 3 3
Id
3
1 1 1.0
2 2 1.0
3 3 -0.9668117971941257
Nupdn
1
1 2 2142.59
Ntot
2
1 3 -0.2554896256333406
3 2 8107.888073400649
77 3 3
Id
3
1 1 1.0
2 2 1.0
3 3 -0.9668252558183399
Nupdn
1
1 2 2142.59
Ntot
2
1 3 0.2554386907103184
3 2 -8109.617689878564
78 3 3
Id
3
1 1 1.0
2 2 1.0
3 3 -0.9668378314239896
Nupdn
1
1 2 2142.59
Ntot
2
1 3 -0.25539108779939285
3 2 8111.234761871943
79 3 3
Id
3
1 1 1.0
2 2 1.0
3 3 -0.9668495825475134
Nupdn
1
1 2 2142.59
Ntot
2
1 3 0.2553465972510685
3 2 -8112.746632897632
80 3 3
Id
3
1 1 1.0
2 2 1.0
3 3 -0.9668605637690451
Nupdn
1
1 2 2142.59
Ntot
2
1 3 -0.2553050141070558
3 2 8114.160164740233
81 3 3
Id
3
1 1 1.0
2 2 1.0
3 3 -0.9668708259893393
Nupdn
1
1 2 2142.59
Ntot
2
1 3 0.2552661470910172
3 2 -8115.481769377937
82 3 3
Id
3
1 1 1.0
2 2 1.0
3 3 -0.9668804166861225
Nupdn
1
1 2 2142.59
Ntot
2
1 3 -0.25522981767197594
3 2 8116.717438751599
83 3 3
Id
3
1 1 1.0
2 2 1.0
3 3 -0.9668893801515526
Nupdn
1
1 2 2142.59
Ntot
2
1 3 0.2551958591947492
3 2 -8117.872772527877
84 3 3
Id
3
1 1 1.0
2 2 1.0
3 3 -0.9668977577122975
Nupdn
1
1 2 2142.59
Ntot
2
1 3 -0.2551641160722466
3 2 8118.953003996154
85 3 3
Id
3
1 1 1.0
2 2 1.0
3 3 -0.9669055879336206
Nupdn
1
1 2 2142.59
Ntot
2
1 3 0.25513444303492183
3 2 -8119.963024228492
86 3 3
Id
3
1 1 1.0
2 2 1.0
3 3 -0.9669129068087285
Nupdn
1
1 2 2142.59
Ntot
2
1 3 -0.25510670443305716
3 2 8120.907404622719
87 3 3
Id
3
1 1 1.0
2 2 1.0
3 3 -0.9669197479345357
Nupdn
1
1 2 2142.59
Ntot
2
1 3 0.2550807735879238
3 2 -8121.7904179397465
88 3 3
Id
3
1 1 1.0
2 2 1.0
3 3 -0.9669261426748883
Nupdn
1
1 2 2142.59
Ntot
2
1 3 -0.2550565321881829
3 2 8122.616057938284
89 3 3
Id
3
1 1 1.0
2 2 1.0
3 3 -0.9669321203122088
Nupdn
1
1 2 2142.59
Ntot
2
1 3 0.25503386972819114
3 2 -8123.3880577028585
90 3 3
Id
3
1 1 1.0
2 2 1.0
3 3 -0.966937708188444
Nupdn
1
1 2 2142.59
Ntot
2
1 3 -0.2550126829851401
3 2 8124.109906753938
91 3 3
Id
3
1 1 1.0
2 2 1.0
3 3 -0.9669429318361127
Nupdn
1
1 2 2142.59
Ntot
2
1 3 0.2549928755322058
3 2 -8124.784867022971
92 3 3
Id
3
1 1 1.0
2 2 1.0
3 3 -0.9669478151001987
Nupdn
1
1 2 2142.59
Ntot
2
1 3 -0.2549743572851052
3 2 8125.415987769054
93 3 3
Id
3
1 1 1.0
2 2 1.0
3 3 -0.9669523802515623
Nupdn
1
1 2 2142.59
Ntot
2
1 3 0.25495704407966
3 2 -8126.006119508808
94 3 3
Id
3
1 1 1.0
2 2 1.0
3 3 -0.9669566480924983
Nupdn
1
1 2 2142.59
Ntot
2
1 3 -0.2549408572781548
3 2 8126.557927025657
95 3 3
Id
3
1 1 1.0
2 2 1.0
3 3 -0.966960638055004
Nupdn
1
1 2 2142.59
Ntot
2
1 3 0.25492572340244396
3 2 -8127.073901520629
96 3 3
Id
3
1 1 1.0
2 2 1.0
3 3 -0.9669643682923001
Nupdn
1
1 2 2142.59
Ntot
2
1 3 -0.25491157379191814
3 2 8127.556371962131
97 3 3
Id
3
1 1 1.0
2 2 1.0
3 3 -0.9669678557640775
Nupdn
1
1 2 2142.59
Ntot
2
1 3 0.25489834428458424
3 2 -8128.007515688103
98 3 3
Id
3
1 1 1.0
2 2 1.0
3 3 -0.9669711163159236
Nupdn
1
1 2 2142.59
Ntot
2
1 3 -0.2548859749196431
3 2 8128.429368310711
99 3 3
Id
3
1 1 1.0
2 2 1.0
3 3 -0.9669741647533479
Nupdn
1
1 2 2142.59
Ntot
2
1 3 0.2548744096600626
3 2 -8128.823832970003
100 3 3
Id
3
1 1 1.0
2 2 1.0
3 3 -0.9669770149107806
Nupdn
1
1 2 2142.59
Ntot
2
1 3 -0.2548635961337672
3 2 8129.192688979676
101 3 3
Id
3
1 1 1.0
2 2 1.0
3 3 -0.9669796797159029
Nupdn
1
1 2 2142.59
Ntot
2
1 3 0.2548534853921559
3 2 -8129.537599905496
102 3 3
Id
3
1 1 1.0
2 2 1.0
3 3 -0.9669821712496367
Nupdn
1
1 2 2142.59
Ntot
2
1 3 -0.25484403168475045
3 2 8129.8601211139785
103 3 3
Id
3
1 1 1.0
2 2 1.0
3 3 -0.966984500802095
Nupdn
1
1 2 2142.59
Ntot
2
1 3 0.254835192248879
3 2 -8130.161706826326
104 3 3
Id
3
1 1 1.0
2 2 1.0
3 3 -0.9669866789247734
Nupdn
1
1 2 2142.59
Ntot
2
1 3 -0.25482692711335864
3 2 8130.443716710425
105 3 3
Id
3
1 1 1.0
2 2 1.0
3 3 -0.966988715479246
Nupdn
1
1 2 2142.59
Ntot
2
1 3 0.25481919891522625
3 2 -8130.707422041412
106 3 3
Id
3
1 1 1.0
2 2 1.0
3 3 -0.9669906196826012
Nupdn
1
1 2 2142.59
Ntot
2
1 3 -0.2548119727286359
3 2 8130.954011459248
107 3 3
Id
3
1 1 1.0
2 2 1.0
3 3 -0.966992400149846
Nupdn
1
1 2 2142.59
Ntot
2
1 3 0.25480521590509064
3 2 -8131.184596349804
108 3 3
Id
3
1 1 1.0
2 2 1.0
3 3 -0.9669940649334858
Nupdn
1
1 2 2142.59
Ntot
2
1 3 -0.2547988979242523
3 2 8131.40021587445
109 3 3
Id
3
1 1 1.0
2 2 1.0
3 3 -0.9669956215604674
Nupdn
1
1 2 2142.59
Ntot
2
1 3 0.2547929902546092
3 2 -8131.601841671006
110 3 3
Id
3
1 1 1.0
2 2 1.0
3 3 -0.9669970770666725
Nupdn
1
1 2 2142.59
Ntot
2
1 3 -0.25478746622334447
3 2 8131.790382247805
111 3 3
Id
3
1 1 1.0
2 2 1.0
3 3 -0.9669984380291208
Nupdn
1
1 2 2142.59
Ntot
2
1 3 0.25478230089478454
3 2 -8131.9666870911215
112 3 3
Id
3
1 1 1.0
2 2 1.0
3 3 -0.9669997105960417
Nupdn
1
1 2 2142.59
Ntot
2
1 3 -0.2547774709568558
3 2 8132.1315505044295
113 3 3
Id
3
1 1 1.0
2 2 1.0
3 3 -0.9670009005149562
Nupdn
1
1 2 2142.59
Ntot
2
1 3 0.25477295461501337
3 2 -8132.28571519752
114 3 3
Id
3
1 1 1.0
2 2 1.0
3 3 -0.9670020131589043
Nupdn
1
1 2 2142.59
Ntot
2
1 3 -0.2547687314931451
3 2 8132.429875641492
115 3 3
Id
3
1 1 1.0
2 2 1.0
3 3 -0.9670030535509417
Nupdn
1
1 2 2142.59
Ntot
2
1 3 0.25476478254098334
3 2 -8132.564681205169
116 3 3
Id
3
1 1 1.0
2 2 1.0
3 3 -0.9670040263870217
Nupdn
1
1 2 2142.59
Ntot
2
1 3 -0.25476108994759833
3 2 8132.690739087099
117 3 3
Id
3
1 1 1.0
2 2 1.0
3 3 -0.96700493605737
Nupdn
1
1 2 2142.59
Ntot
2
1 3 0.25475763706056354
3 2 -8132.808617056725
118 3 3
Id
3
1 1 1.0
2 2 1.0
3 3 -0.9670057866664545
Nupdn
1
1 2 2142.59
Ntot
2
1 3 -0.25475440831041773
3 2 8132.918846016897
119 3 3
Id
3
1 1 1.0
2 2 1.0
3 3 -0.9670065820516431
Nupdn
1
1 2 2142.59
Ntot
2
1 3 0.2547513891400776
3 2 -8133.021922399698
120 3 3
Id
3
1 1 1.0
2 2 1.0
3 3 -0.9670073258006313
Nupdn
1
1 2 2142.59
Ntot
2
1 3 -0.2547485659388727
3 2 8133.118310406235
121 3 3
Id
3
1 1 1.0
2 2 1.0
3 3 -0.9670080212677343
Nupdn
1
1 2 2142.59
Ntot
2
1 3 0.2547459259808901
3 2 -8133.208444100734
122 3 3
Id
3
1 1 1.0
2 2 1.0
3 3 -0.9670086715891046
Nupdn
1
1 2 2142.59
Ntot
2
1 3 -0.2547434573673578
3 2 8133.292729368391
123 3 3
Id
3
1 1 1.0
2 2 1.0
3 3 -0.9670092796969545
Nupdn
1
1 2 2142.59
Ntot
2
1 3 0.25474114897279043
3 2 -8133.371545745854
124 3 3
Id
3
1 1 1.0
2 2 1.0
3 3 -0.9670098483328462
Nupdn
1
1 2 2142.59
Ntot
2
1 3 -0.2547389903946502
3 2 8133.445248132641
125 3 3
Id
3
1 1 1.0
2 2 1.0
3 3 -0.9670103800601151
Nupdn
1
1 2 2142.59
Ntot
2
1 3 0.25473697190630035
3 2 -8133.514168391341
126 3 3
Id
3
1 1 1.0
2 2 1.0
3 3 -0.9670108772754773
Nupdn
1
1 2 2142.59
Ntot
2
1 3 -0.2547350844130272
3 2 8133.5786168436525
127 3 3
Id
3
1 1 1.0
2 2 1.0
3 3 -0.9670113422198781
Nupdn
1
1 2 2142.59
Ntot
2
1 3 0.2547333194109283
3 2 -8133.638883669334
128 3 3
Id
3
1 1 1.0
2 2 1.0
3 3 -0.9670117769886355
Nupdn
1
1 2 2142.59
Ntot
2
1 3 -0.25473166894848637
3 2 8133.695240214026
129 3 3
Id
3
1 1 1.0
2 2 1.0
3 3 -0.9670121835409176
Nupdn
1
1 2 2142.59
Ntot
2
1 3 0.2547301255906462
3 2 -8133.747940212283
130 3 3
Id
3
1 1 1.0
2 2 1.0
3 3 -0.967012563708602
Nupdn
1
1 2 2142.59
Ntot
2
1 3 -0.2547286823852331
3 2 8133.797220930961
131 3 3
Id
3
1 1 1.0
2 2 1.0
3 3 -0.9670129192045569
Nupdn
1
1 2 2142.59
Ntot
2
1 3 0.25472733283156124
3 2 -8133.843304238375
132 3 3
Id
3
1 1 1.0
2 2 1.0
3 3 -0.9670132516303844
Nupdn
1
1 2 2142.59
Ntot
2
1 3 -0.25472607085108284
3 2 8133.886397604032
133 3 3
Id
3
1 1 1.0
2 2 1.0
3 3 -0.9670135624836551
Nupdn
1
1 2 2142.59
Ntot
2
1 3 0.2547248907599539
3 2 -8133.926695033398
134 3 3
Id
3
1 1 1.0
2 2 1.0
3 3 -0.9670138531646735
Nupdn
1
1 2 2142.59
Ntot
2
1 3 -0.2547237872433809
3 2 8133.96437794183
135 3 3
Id
3
1 1 1.0
2 2 1.0
3 3 -0.9670141249828033
Nupdn
1
1 2 2142.59
Ntot
2
1 3 0.2547227553316424
3 2 -8133.999615971972
136 3 3
Id
3
1 1 1.0
2 2 1.0
3 3 -0.9670143791623764
Nupdn
1
1 2 2142.59
Ntot
2
1 3 -0.25472179037766574
3 2 8134.0325677578385
137 3 3
Id
3
1 1 1.0
2 2 1.0
3 3 -0.9670146168482241
Nupdn
1
1 2 2142.59
Ntot
2
1 3 0.2547208880360671
3 2 -8134.063381639376
138 3 3
Id
3
1 1 1.0
2 2 1.0
3 3 -0.9670148391108391
Nupdn
1
1 2 2142.59
Ntot
2
1 3 -0.2547200442435535
3 2 8134.092196330664
139 3 3
Id
3
1 1 1.0
2 2 1.0
3 3 -0.9670150469512102
Nupdn
1
1 2 2142.59
Ntot
2
1 3 0.2547192552005999
3 2 -8134.119141544643
140 3 3
Id
3
1 1 1.0
2 2 1.0
3 3 -0.9670152413053374
Nupdn
1
1 2 2142.59
Ntot
2
1 3 -0.2547185173543139
3 2 8134.144338577333
141 3 3
Id
3
1 1 1.0
2 2 1.0
3 3 -0.9670154230484527
Nupdn
1
1 2 2142.59
Ntot
2
1 3 0.25471782738242293
3 2 -8134.167900854024
142 3 3
Id
3
1 1 1.0
2 2 1.0
3 3 -0.9670155929989699
Nupdn
1
1 2 2142.59
Ntot
2
1 3 -0.2547171821782943
3 2 8134.1899344402345
143 3 3
Id
3
1 1 1.0
2 2 1.0
3 3 -0.9670157519221745
Nupdn
1
1 2 2142.59
Ntot
2
1 3 0.25471657883693316
3 2 -8134.210538519171
144 3 3
Id
3
1 1 1.0
2 2 1.0
3 3 -0.9670159005336745
Nupdn
1
1 2 2142.59
Ntot
2
1 3 -0.2547160146418889
3 2 8134.229805838485
145 3 3
Id
3
1 1 1.0
2 2 1.0
3 3 -0.9670160395026268
Nupdn
1
1 2 2142.59
Ntot
2
1 3 0.2547154870530143
3 2 -8134.247823127855
146 3 3
Id
3
1 1 1.0
2 2 1.0
3 3 -0.9670161694547548
Nupdn
1
1 2 2142.59
Ntot
2
1 3 -0.254714993695017
3 2 8134.264671489563
147 3 3
Id
3
1 1 1.0
2 2 1.0
3 3 -0.9670162909751687
Nupdn
1
1 2 2142.59
Ntot
2
1 3 0.2547145323467587
3 2 -8134.280426763602
148 3 3
Id
3
1 1 1.0
2 2 1.0
3 3 -0.9670164046110006
Nupdn
1
1 2 2142.59
Ntot
2
1 3 -0.2547141009312477
3 2 8134.295159869201
149 3 3
Id
3
1 1 1.0
2 2 1.0
3 3 -0.9670165108738735
Nupdn
1
1 2 2142.59
Ntot
2
1 3 0.25471369750627804
3 2 -8134.3089371241485
150 3 3
Id
3
1 1 1.0
2 2 1.0
3 3 -0.9670166102422055
Nupdn
1
1 2 2142.59
Ntot
2
1 3 -0.25471332025568333
3 2 8134.321820543338
151 3 3
Id
3
1 1 1.0
2 2 1.0
3 3 -0.9670167031633654
Nupdn
1
1 2 2142.59
Ntot
2
1 3 0.2547129674811544
3 2 -8134.333868118007
152 3 3
Id
3
1 1 1.0
2 2 1.0
3 3 -0.9670167900556885
Nupdn
1
1 2 2142.59
Ntot
2
1 3 -0.25471263759458984
3 2 8134.345134076797
153 3 3
Id
3
1 1 1.0
2 2 1.0
3 3 -0.9670168713103615
Nupdn
1
1 2 2142.59
Ntot
2
1 3 0.2547123291109406
3 2 -8134.355669129939
154 3 3
Id
3
1 1 1.0
2 2 1.0
3 3 -0.9670169472931855
Nupdn
1
1 2 2142.59
Ntot
2
1 3 -0.2547120406415226
3 2 8134.365520697522
155 3 3
Id
3
1 1 1.0
2 2 1.0
3 3 -0.9670170183462228
Nupdn
1
1 2 2142.59
Ntot
2
1 3 0.25471177088776437
3 2 -8134.374733122962
156 3 3
Id
3
1 1 1.0
2 2 1.0
3 3 -0.9670170847893387
Nupdn
1
1 2 2142.59
Ntot
2
1 3 -0.25471151863535474
3 2 8134.38334787268
157 3 3
Id
3
1 1 1.0
2 2 1.0
3 3 -0.9670171469216422
Nupdn
1
1 2 2142.59
Ntot
2
1 3 0.25471128274877697
3 2 -8134.391403722737
158 3 3
Id
3
1 1 1.0
2 2 1.0
3 3 -0.9670172050228312
Nupdn
1
1 2 2142.59
Ntot
2
1 3 -0.2547110621661948
3 2 8134.398936933398
159 3 3
Id
3
1 1 1.0
2 2 1.0
3 3 -0.9670172593544568
Nupdn
1
1 2 2142.59
Ntot
2
1 3 0.2547108558946701
3 2 -8134.405981412365
160 3 3
Id
3
1 1 1.0
2 2 1.0
3 3 -0.9670173101610957
Nupdn
1
1 2 2142.59
Ntot
2
1 3 -0.2547106630056914
3 2 8134.4125688674685
161 3 3
Id
3
1 1 1.0
2 2 1.0
3 3 -0.9670173576714562
Nupdn
1
1 2 2142.59
Ntot
2
1 3 0.2547104826309958
3 2 -8134.418728949308
162 3 3
Id
3
1 1 1.0
2 2 1.0
3 3 -0.9670174020994058
Nupdn
1
1 2 2142.59
Ntot
2
1 3 -0.25471031395865407
3 2 8134.424489384803
163 3 3
Id
3
1 1 1.0
2 2 1.0
3 3 -0.9670174436449344
Nupdn
1
1 2 2142.59
Ntot
2
1 3 0.2547101562294206
3 2 -8134.429876101976
164 3 3
Id
3
1 1 1.0
2 2 1.0
3 3 -0.9670174824950566
Nupdn
1
1 2 2142.59
Ntot
2
1 3 -0.25471000873331057
3 2 8134.4349133467
165 3 3
Id
3
1 1 1.0
2 2 1.0
3 3 -0.967017518824651
Nupdn
1
1 2 2142.59
Ntot
2
1 3 0.25470987080640545
3 2 -8134.439623791791
166 3 3
Id
3
1 1 1.0
2 2 1.0
3 3 -0.9670175527972504
Nupdn
1
1 2 2142.59
Ntot
2
1 3 -0.25470974182786327
3 2 8134.444028639062
167 3 3
Id
3
1 1 1.0
2 2 1.0
3 3 -0.9670175845657767
Nupdn
1
1 2 2142.59
Ntot
2
1 3 0.25470962121712426
3 2 -8134.448147714856
168 3 3
Id
3
1 1 1.0
2 2 1.0
3 3 -0.9670176142732294
Nupdn
1
1 2 2142.59
Ntot
2
1 3 -0.25470950843129553
3 2 8134.451999559158
169 3 3
Id
3
1 1 1.0
2 2 1.0
3 3 -0.9670176420533296
Nupdn
1
1 2 2142.59
Ntot
2
1 3 0.25470940296270717
3 2 -8134.455601509149
170 3 3
Id
3
1 1 1.0
2 2 1.0
3 3 -0.9670176680311227
Nupdn
1
1 2 2142.59
Ntot
2
1 3 -0.2547093043366288
3 2 8134.45896977721
171 3 3
Id
3
1 1 1.0
2 2 1.0
3 3 -0.9670176923235407
Nupdn
1
1 2 2142.59
Ntot
2
1 3 0.25470921210913017
3 2 -8134.462119523891
172 3 3
Id
3
1 1 1.0
2 2 1.0
3 3 -0.9670177150399291
Nupdn
1
1 2 2142.59
Ntot
2
1 3 -0.2547091258650827
3 2 8134.465064926184
173 3 3
Id
3
1 1 1.0
2 2 1.0
3 3 -0.9670177362825381
Nupdn
1
1 2 2142.59
Ntot
2
1 3 0.25470904521629295
3 2 -8134.467819241269
174 3 3
Id
3
1 1 1.0
2 2 1.0
3 3 -0.9670177561469848
Nupdn
1
1 2 2142.59
Ntot
2
1 3 -0.25470896979975144
3 2 8134.4703948662855
175 3 3
Id
3
1 1 1.0
2 2 1.0
3 3 -0.9670177747226816
Nupdn
1
1 2 2142.59
Ntot
2
1 3 0.25470889927600243
3 2 -8134.472803394032
176 3 3
Id
3
1 1 1.0
2 2 1.0
3 3 -0.967017792093241
Nupdn
1
1 2 2142.59
Ntot
2
1 3 -0.25470883332761257
3 2 8134.475055665246
177 3 3
Id
3
1 1 1.0
2 2 1.0
3 3 -0.9670178083368492
Nupdn
1
1 2 2142.59
Ntot
2
1 3 0.2547087716577436
3 2 -8134.477161817305
178 3 3
Id
3
1 1 1.0
2 2 1.0
3 3 -0.9670178235266209
Nupdn
1
1 2 2142.59
Ntot
2
1 3 -0.25470871398881606
3 2 8134.479131329925
179 3 3
Id
3
1 1 1.0
2 2 1.0
3 3 -0.9670178377309271
Nupdn
1
1 2 2142.59
Ntot
2
1 3 0.25470866006125936
3 2 -8134.480973067808
180 3 3
Id
3
1 1 1.0
2 2 1.0
3 3 -0.967017851013702
Nupdn
1
1 2 2142.59
Ntot
2
1 3 -0.2547086096323435
3 2 8134.482695320531
181 3 3
Id
3
1 1 1.0
2 2 1.0
3 3 -0.9670178634347324
Nupdn
1
1 2 2142.59
Ntot
2
1 3 0.254708562475086
3 2 -8134.484305839873
182 3 3
Id
3
1 1 1.0
2 2 1.0
3 3 -0.9670178750499265
Nupdn
1
1 2 2142.59
Ntot
2
1 3 -0.25470851837723196
3 2 8134.485811874696
183 3 3
Id
3
1 1 1.0
2 2 1.0
3 3 -0.9670178859115646
Nupdn
1
1 2 2142.59
Ntot
2
1 3 0.2547084771402959
3 2 -8134.48722020361
184 3 3
Id
3
1 1 1.0
2 2 1.0
3 3 -0.9670178960685354
Nupdn
1
1 2 2142.59
Ntot
2
1 3 -0.2547084385786696
3 2 8134.488537165388
185 3 3
Id
3
1 1 1.0
2 2 1.0
3 3 -0.9670179055665553
Nupdn
1
1 2 2142.59
Ntot
2
1 3 0.25470840251878724
3 2 -8134.489768687632
186 3 3
Id
3
1 1 1.0
2 2 1.0
3 3 -0.9670179144483759
Nupdn
1
1 2 2142.59
Ntot
2
1 3 -0.2547083687983439
3 2 8134.490920313338
187 3 3
Id
3
1 1 1.0
2 2 1.0
3 3 -0.9670179227539748
Nupdn
1
1 2 2142.59
Ntot
2
1 3 0.25470833726556324
3 2 -8134.491997225923
188 3 3
Id
3
1 1 1.0
2 2 1.0
3 3 -0.9670179305207347
Nupdn
1
1 2 2142.59
Ntot
2
1 3 -0.25470830777851644
3 2 8134.4930042724645
189 3 3
Id
3
1 1 1.0
2 2 1.0
3 3 -0.9670179377836143
Nupdn
1
1 2 2142.59
Ntot
2
1 3 0.2547082802044843
3 2 -8134.493945985646
190 3 3
Id
3
1 1 1.0
2 2 1.0
3 3 -0.9670179445753031
Nupdn
1
1 2 2142.59
Ntot
2
1 3 -0.25470825441935635
3 2 8134.494826604036
191 3 3
Id
3
1 1 1.0
2 2 1.0
3 3 -0.9670179509263717
Nupdn
1
1 2 2142.59
Ntot
2
1 3 0.25470823030707407
3 2 -8134.495650091254
192 3 3
Id
3
1 1 1.0
2 2 1.0
3 3 -0.9670179568654051
Nupdn
1
1 2 2142.59
Ntot
2
1 3 -0.2547082077591092
3 2 8134.496420153751
193 3 3
Id
3
1 1 1.0
2 2 1.0
3 3 -0.9670179624191353
Nupdn
1
1 2 2142.59
Ntot
2
1 3 0.2547081866739737
3 2 -8134.497140257519
194 3 3
Id
3
1 1 1.0
2 2 1.0
3 3 -0.9670179676125594
Nupdn
1
1 2 2142.59
Ntot
2
1 3 -0.2547081669567641
3 2 8134.497813643715
195 3 3
Id
3
1 1 1.0
2 2 1.0
3 3 -0.9670179724690531
Nupdn
1
1 2 2142.59
Ntot
2
1 3 0.2547081485187346
3 2 -8134.4984433431855
196 3 3
Id
3
1 1 1.0
2 2 1.0
3 3 -0.9670179770104748
Nupdn
1
1 2 2142.59
Ntot
2
1 3 -0.2547081312768962
3 2 8134.499032190158
197 3 3
Id
3
1 1 1.0
2 2 1.0
3 3 -0.9670179812572659
Nupdn
1
1 2 2142.59
Ntot
2
1 3 0.25470811515364483
3 2 -8134.499582834986
198 3 3
Id
3
1 1 1.0
2 2 1.0
3 3 -0.9670179852285405
Nupdn
1
1 2 2142.59
Ntot
2
1 3 -0.25470810007640926
3 2 8134.5000977561
199 3 3
Id
3
1 1 1.0
2 2 1.0
3 3 -0.9670179889421735
Nupdn
1
1 2 2142.59
Ntot
2
1 3 0.25470808597732864
3 2 -8134.500579271104
200 3 3
Id
3
1 1 1.0
2 2 1.0
3 3 -0.9670179924148796
Nupdn
1
1 2 2142.59
Ntot
2
1 3 -0.25470807279294383
3 2 8134.501029547265
201 3 3
Id
3
1 1 1.0
2 2 1.0
3 3 -0.9670179956622897
Nupdn
1
1 2 2142.59
Ntot
2
1 3 0.2547080604639119
3 2 -8134.501450611236
202 3 3
Id
3
1 1 1.0
2 2 1.0
3 3 -0.9670179986990197
Nupdn
1
1 2 2142.59
Ntot
2
1 3 -0.25470804893474136
3 2 8134.501844358197
203 3 3
Id
3
1 1 1.0
2 2 1.0
3 3 -0.9670180015387377
Nupdn
1
1 2 2142.59
Ntot
2
1 3 0.2547080381535403
3 2 -8134.502212560373
204 3 3
Id
3
1 1 1.0
2 2 1.0
3 3 -0.9670180041942262
Nupdn
1
1 2 2142.59
Ntot
2
1 3 -0.25470802807178233
3 2 8134.502556875016
205 3 3
Id
3
1 1 1.0
2 2 1.0
3 3 -0.9670180066774356
Nupdn
1
1 2 2142.59
Ntot
2
1 3 0.25470801864409115
3 2 -8134.50287885185
206 3 3
Id
3
1 1 1.0
2 2 1.0
3 3 -0.9670180089995446
Nupdn
1
1 2 2142.59
Ntot
2
1 3 -0.25470800982803243
3 2 8134.50317994007
207 3 3
Id
3
1 1 1.0
2 2 1.0
3 3 -0.9670180111710032
Nupdn
1
1 2 2142.59
Ntot
2
1 3 0.25470800158392637
3 2 -8134.503461494838
208 3 3
Id
3
1 1 1.0
2 2 1.0
3 3 -0.9670180132015862
Nupdn
1
1 2 2142.59
Ntot
2
1 3 -0.2547079938746662
3 2 8134.503724783434
209 3 3
Id
3
1 1 1.0
2 2 1.0
3 3 -0.9670180151004324
Nupdn
1
1 2 2142.59
Ntot
2
1 3 0.2547079866655539
3 2 -8134.503970990875
210 3 3
Id
3
1 1 1.0
2 2 1.0
3 3 -0.9670180168760887
Nupdn
1
1 2 2142.59
Ntot
2
1 3 -0.25470797992414074
3 2 8134.504201225324
211 3 3
Id
3
1 1 1.0
2 2 1.0
3 3 -0.9670180185365473
Nupdn
1
1 2 2142.59
Ntot
2
1 3 0.25470797362008474
3 2 -8134.504416523071
212 3 3
Id
3
1 1 1.0
2 2 1.0
3 3 -0.9670180200892815
Nupdn
1
1 2 2142.59
Ntot
2
1 3 -0.25470796772501225
3 2 8134.504617853124
213 3 3
Id
3
1 1 1.0
2 2 1.0
3 3 -0.9670180215412802
Nupdn
1
1 2 2142.59
Ntot
2
1 3 0.25470796221238906
3 2 -8134.504806121659
214 3 3
Id
3
1 1 1.0
2 2 1.0
3 3 -0.967018022899079
Nupdn
1
1 2 2142.59
Ntot
2
1 3 -0.2547079570574034
3 2 8134.504982176064
215 3 3
Id
3
1 1 1.0
2 2 1.0
3 3 -0.9670180241687889
Nupdn
1
1 2 2142.59
Ntot
2
1 3 0.25470795223685416
3 2 -8134.505146808749
216 3 3
Id
3
1 1 1.0
2 2 1.0
3 3 -0.9670180253561249
Nupdn
1
1 2 2142.59
Ntot
2
1 3 -0.2547079477290433
3 2 8134.505300760686
217 3 3
Id
3
1 1 1.0
2 2 1.0
3 3 -0.9670180264664312
Nupdn
1
1 2 2142.59
Ntot
2
1 3 0.25470794351368214
3 2 -8134.50544472483
218 3 3
Id
3
1 1 1.0
2 2 1.0
3 3 -0.9670180275047049
Nupdn
1
1 2 2142.59
Ntot
2
1 3 -0.2547079395717969
3 2 8134.505579349146
219 3 3
Id
3
1 1 1.0
2 2 1.0
3 3 -0.9670180284756191
Nupdn
1
1 2 2142.59
Ntot
2
1 3 0.2547079358856458
3 2 -8134.505705239541
220 3 3
Id
3
1 1 1.0
2 2 1.0
3 3 -0.9670180293835444
Nupdn
1
1 2 2142.59
Ntot
2
1 3 -0.25470793243863876
3 2 8134.505822962663
221 3 3
Id
3
1 1 1.0
2 2 1.0
3 3 -0.9670180302325673
Nupdn
1
1 2 2142.59
Ntot
2
1 3 0.25470792921525987
3 2 -8134.505933048365
222 3 3
Id
3
1 1 1.0
2 2 1.0
3 3 -0.9670180310265084
Nupdn
1
1 2 2142.59
Ntot
2
1 3 -0.2547079262010014
3 2 8134.506035992141
223 3 3
Id
3
1 1 1.0
2 2 1.0
3 3 -0.9670180317689419
Nupdn
1
1 2 2142.59
Ntot
2
1 3 0.254707923382296
3 2 -8134.506132257323
224 3 3
Id
3
1 1 1.0
2 2 1.0
3 3 -0.9670180324632092
Nupdn
1
1 2 2142.59
Ntot
2
1 3 -0.2547079207464578
3 2 8134.506222277184
225 3 3
Id
3
1 1 1.0
2 2 1.0
3 3 -0.967018033112435
Nupdn
1
1 2 2142.59
Ntot
2
1 3 0.25470791828162226
3 2 -8134.506306456917
226 3 3
Id
3
1 1 1.0
2 2 1.0
3 3 -0.9670180337195413
Nupdn
1
1 2 2142.59
Ntot
2
1 3 -0.25470791597669606
3 2 8134.506385175385
227 3 3
Id
3
1 1 1.0
2 2 1.0
3 3 -0.9670180342872612
Nupdn
1
1 2 2142.59
Ntot
2
1 3 0.2547079138213049
3 2 -8134.506458786913
228 3 3
Id
3
1 1 1.0
2 2 1.0
3 3 -0.9670180348181496
Nupdn
1
1 2 2142.59
Ntot
2
1 3 -0.254707911805746
3 2 8134.506527622816
229 3 3
Id
3
1 1 1.0
2 2 1.0
3 3 -0.9670180353145963
Nupdn
1
1 2 2142.59
Ntot
2
1 3 0.2547079099209494
3 2 -8134.506591992912
230 3 3
Id
3
1 1 1.0
2 2 1.0
3 3 -0.9670180357788349
Nupdn
1
1 2 2142.59
Ntot
2
1 3 -0.2547079081584314
3 2 8134.5066521869085
231 3 3
Id
3
1 1 1.0
2 2 1.0
3 3 -0.9670180362129557
Nupdn
1
1 2 2142.59
Ntot
2
1 3 0.25470790651025843
3 2 -8134.506708475773
232 3 3
Id
3
1 1 1.0
2 2 1.0
3 3 -0.9670180366189125
Nupdn
1
1 2 2142.59
Ntot
2
1 3 -0.25470790496901263
3 2 8134.506761112816
233 3 3
Id
3
1 1 1.0
2 2 1.0
3 3 -0.9670180369985326
Nupdn
1
1 2 2142.59
Ntot
2
1 3 0.2547079035277566
3 2 -8134.5068103349895
234 3 3
Id
3
1 1 1.0
2 2 1.0
3 3 -0.9670180373535238
Nupdn
1
1 2 2142.59
Ntot
2
1 3 -0.25470790218000416
3 2 8134.506856363809
235 3 3
Id
3
1 1 1.0
2 2 1.0
3 3 -0.9670180376854849
Nupdn
1
1 2 2142.59
Ntot
2
1 3 0.2547079009196881
3 2 -8134.506899406468
236 3 3
Id
3
1 1 1.0
2 2 1.0
3 3 -0.9670180379959097
Nupdn
1
1 2 2142.59
Ntot
2
1 3 -0.25470789974113683
3 2 8134.506939656682
237 3 3
Id
3
1 1 1.0
2 2 1.0
3 3 -0.9670180382861955
Nupdn
1
1 2 2142.59
Ntot
2
1 3 0.2547078986390456
3 2 -8134.5069772956085
238 3 3
Id
3
1 1 1.0
2 2 1.0
3 3 -0.9670180385576483
Nupdn
1
1 2 2142.59
Ntot
2
1 3 -0.25470789760845375
3 2 8134.507012492677
239 3 3
Id
3
1 1 1.0
2 2 1.0
3 3 -0.9670180388114906
Nupdn
1
1 2 2142.59
Ntot
2
1 3 0.25470789664472215
3 2 -8134.507045406301
240 3 3
Id
3
1 1 1.0
2 2 1.0
3 3 -0.9670180390488643
Nupdn
1
1 2 2142.59
Ntot
2
1 3 -0.25470789574351393
3 2 8134.507076184611
241 3 3
Id
3
1 1 1.0
2 2 1.0
3 3 -0.9670180392708387
Nupdn
1
1 2 2142.59
Ntot
2
1 3 0.2547078949007727
3 2 -8134.507104966149
242 3 3
Id
3
1 1 1.0
2 2 1.0
3 3 -0.9670180394784118
Nupdn
1
1 2 2142.59
Ntot
2
1 3 -0.2547078941127049
3 2 8134.507131880444
243 3 3
Id
3
1 1 1.0
2 2 1.0
3 3 -0.9670180396725183
Nupdn
1
1 2 2142.59
Ntot
2
1 3 0.2547078933757638
3 2 -8134.507157048645
244 3 3
Id
3
1 1 1.0
2 2 1.0
3 3 -0.967018039854032
Nupdn
1
1 2 2142.59
Ntot
2
1 3 -0.25470789268663363
3 2 8134.507180584041
245 3 3
Id
3
1 1 1.0
2 2 1.0
3 3 -0.9670180400237696
Nupdn
1
1 2 2142.59
Ntot
2
1 3 0.25470789204221156
3 2 -8134.507202592549
246 3 3
Id
3
1 1 1.0
2 2 1.0
3 3 -0.9670180401824955
Nupdn
1
1 2 2142.59
Ntot
2
1 3 -0.2547078914395961
3 2 8134.507223173222
247 3 3
Id
3
1 1 1.0
2 2 1.0
3 3 -0.9670180403309241
Nupdn
1
1 2 2142.59
Ntot
2
1 3 0.25470789087607615
3 2 -8134.507242418706
248 3 3
Id
3
1 1 1.0
2 2 1.0
3 3 -0.9670180404697231
Nupdn
1
1 2 2142.59
Ntot
2
1 3 -0.2547078903491157
3 2 8134.50726041562
249 3 3
Id
3
1 1 1.0
2 2 1.0
3 3 -0.9670180405995172
Nupdn
1
1 2 2142.59
Ntot
2
1 3 0.2547078898563416
3 2 -8134.5072772449685
250 3 3
Id
3
1 1 1.0
2 2 1.0
3 3 -0.967018040720891
Nupdn
1
1 2 2142.59
Ntot
2
1 3 -0.2547078893955371
3 2 8134.507292982485
251 3 3
Id
3
1 1 1.0
2 2 1.0
3 3 -0.9670180408343905
Nupdn
1
1 2 2142.59
Ntot
2
1 3 0.2547078889646281
3 2 -8134.507307699016
252 3 3
Id
3
1 1 1.0
2 2 1.0
3 3 -0.9670180409405265
Nupdn
1
1 2 2142.59
Ntot
2
1 3 -0.25470788856167437
3 2 8134.507321460805
253 3 3
Id
3
1 1 1.0
2 2 1.0
3 3 -0.9670180410397768
Nupdn
1
1 2 2142.59
Ntot
2
1 3 0.254707888184863
3 2 -8134.507334329767
254 3 3
Id
3
1 1 1.0
2 2 1.0
3 3 -0.9670180411325882
Nupdn
1
1 2 2142.59
Ntot
2
1 3 -0.2547078878324974
3 2 8134.50734636385
255 3 3
Id
3
1 1 1.0
2 2 1.0
3 3 -0.9670180412193781
Nupdn
1
1 2 2142.59
Ntot
2
1 3 0.25470788750299256
3 2 -8134.507357617204
256 3 3
Id
3
1 1 1.0
2 2 1.0
3 3 -0.9670180413005376
Nupdn
1
1 2 2142.59
Ntot
2
1 3 -0.25470788719486426
3 2 8134.507368140492
257 3 3
Id
3
1 1 1.0
2 2 1.0
3 3 -0.9670180413764318
Nupdn
1
1 2 2142.59
Ntot
2
1 3 0.2547078869067261
3 2 -8134.507377981065
258 3 3
Id
3
1 1 1.0
2 2 1.0
3 3 -0.9670180414474026
Nupdn
1
1 2 2142.59
Ntot
2
1 3 -0.254707886637281
3 2 8134.507387183227
259 3 3
Id
3
1 1 1.0
2 2 1.0
3 3 -0.9670180415137684
Nupdn
1
1 2 2142.59
Ntot
2
1 3 0.25470788638531683
3 2 -8134.507395788375
260 3 3
Id
3
1 1 1.0
2 2 1.0
3 3 -0.9670180415758287
Nupdn
1
1 2 2142.59
Ntot
2
1 3 -0.2547078861496995
3 2 8134.507403835266
261 3 3
Id
3
1 1 1.0
2 2 1.0
3 3 -0.9670180416338636
Nupdn
1
1 2 2142.59
Ntot
2
1 3 0.254707885929367
3 2 -8134.507411360094
262 3 3
Id
3
1 1 1.0
2 2 1.0
3 3 -0.9670180416881329
Nupdn
1
1 2 2142.59
Ntot
2
1 3 -0.2547078857233297
3 2 8134.507418396751
263 3 3
Id
3
1 1 1.0
2 2 1.0
3 3 -0.9670180417388812
Nupdn
1
1 2 2142.59
Ntot
2
1 3 0.2547078855306595
3 2 -8134.507424976901
264 3 3
Id
3
1 1 1.0
2 2 1.0
3 3 -0.9670180417863377
Nupdn
1
1 2 2142.59
Ntot
2
1 3 -0.25470788535048816
3 2 8134.507431130141
265 3 3
Id
3
1 1 1.0
2 2 1.0
3 3 -0.9670180418307146
Nupdn
1
1 2 2142.59
Ntot
2
1 3 0.2547078851820056
3 2 -8134.507436884196
266 3 3
Id
3
1 1 1.0
2 2 1.0
3 3 -0.9670180418722132
Nupdn
1
1 2 2142.59
Ntot
2
1 3 -0.25470788502445413
3 2 8134.507442264943
267 3 3
Id
3
1 1 1.0
2 2 1.0
3 3 -0.9670180419110193
Nupdn
1
1 2 2142.59
Ntot
2
1 3 0.25470788487712365
3 2 -8134.50744729661
268 3 3
Id
3
1 1 1.0
2 2 1.0
3 3 -0.967018041947308
Nupdn
1
1 2 2142.59
Ntot
2
1 3 -0.2547078847393513
3 2 8134.5074520018425
269 3 3
Id
3
1 1 1.0
2 2 1.0
3 3 -0.967018041981242
Nupdn
1
1 2 2142.59
Ntot
2
1 3 0.2547078846105177
3 2 -8134.507456401814
270 3 3
Id
3
1 1 1.0
2 2 1.0
3 3 -0.9670180420129746
Nupdn
1
1 2 2142.59
Ntot
2
1 3 -0.2547078844900419
3 2 8134.507460516341
271 3 3
Id
3
1 1 1.0
2 2 1.0
3 3 -0.9670180420426486
Nupdn
1
1 2 2142.59
Ntot
2
1 3 0.2547078843773829
3 2 -8134.507464363924
272 3 3
Id
3
1 1 1.0
2 2 1.0
3 3 -0.967018042070398
Nupdn
1
1 2 2142.59
Ntot
2
1 3 -0.25470788427203034
3 2 8134.507467961898
273 3 3
Id
3
1 1 1.0
2 2 1.0
3 3 -0.9670180420963466
Nupdn
1
1 2 2142.59
Ntot
2
1 3 0.25470788417351503
3 2 -8134.507471326446
274 3 3
Id
3
1 1 1.0
2 2 1.0
3 3 -0.9670180421206114
Nupdn
1
1 2 2142.59
Ntot
2
1 3 -0.25470788408139056
3 2 8134.507474472716
275 3 3
Id
3
1 1 1.0
2 2 1.0
3 3 -0.9670180421433026
Nupdn
1
1 2 2142.59
Ntot
2
1 3 0.2547078839952425
3 2 -8134.5074774148725
276 3 3
Id
3
1 1 1.0
2 2 1.0
3 3 -0.9670180421645214
Nupdn
1
1 2 2142.59
Ntot
2
1 3 -0.25470788391468363
3 2 8134.507480166143
277 3 3
Id
3
1 1 1.0
2 2 1.0
3 3 -0.9670180421843637
Nupdn
1
1 2 2142.59
Ntot
2
1 3 0.2547078838393508
3 2 -8134.507482738934
278 3 3
Id
3
1 1 1.0
2 2 1.0
3 3 -0.9670180422029189
Nupdn
1
1 2 2142.59
Ntot
2
1 3 -0.2547078837689051
3 2 8134.507485144805
279 3 3
Id
3
1 1 1.0
2 2 1.0
3 3 -0.9670180422202701
Nupdn
1
1 2 2142.59
Ntot
2
1 3 0.2547078837030297
3 2 -8134.507487394593
280 3 3
Id
3
1 1 1.0
2 2 1.0
3 3 -0.9670180422364958
Nupdn
1
1 2 2142.59
Ntot
2
1 3 -0.2547078836414281
3 2 8134.50748949842
281 3 3
Id
3
1 1 1.0
2 2 1.0
3 3 -0.9670180422516685
Nupdn
1
1 2 2142.59
Ntot
2
1 3 0.25470788358382335
3 2 -8134.50749146577
282 3 3
Id
3
1 1 1.0
2 2 1.0
3 3 -0.9670180422658567
Nupdn
1
1 2 2142.59
Ntot
2
1 3 -0.2547078835299557
3 2 8134.507493305477
283 3 3
Id
3
1 1 1.0
2 2 1.0
3 3 -0.9670180422791248
Nupdn
1
1 2 2142.59
Ntot
2
1 3 0.25470788347958273
3 2 -8134.507495025837
284 3 3
Id
3
1 1 1.0
2 2 1.0
3 3 -0.967018042291532
Nupdn
1
1 2 2142.59
Ntot
2
1 3 -0.25470788343247797
3 2 8134.507496634576
285 3 3
Id
3
1 1 1.0
2 2 1.0
3 3 -0.9670180423031343
Nupdn
1
1 2 2142.59
Ntot
2
1 3 0.254707883388429
3 2 -8134.507498138957
286 3 3
Id
3
1 1 1.0
2 2 1.0
3 3 -0.967018042313984
Nupdn
1
1 2 2142.59
Ntot
2
1 3 -0.25470788334723665
3 2 8134.507499545739
287 3 3
Id
3
1 1 1.0
2 2 1.0
3 3 -0.9670180423241299
Nupdn
1
1 2 2142.59
Ntot
2
1 3 0.2547078833087179
3 2 -8134.507500861247
288 3 3
Id
3
1 1 1.0
2 2 1.0
3 3 -0.9670180423336172
Nupdn
1
1 2 2142.59
Ntot
2
1 3 -0.2547078832726976
3 2 8134.507502091419
289 3 3
Id
3
1 1 1.0
2 2 1.0
3 3 -0.9670180423424892
Nupdn
1
1 2 2142.59
Ntot
2
1 3 0.2547078832390147
3 2 -8134.507503241774
290 3 3
Id
3
1 1 1.0
2 2 1.0
3 3 -0.9670180423507857
Nupdn
1
1 2 2142.59
Ntot
2
1 3 -0.2547078832075169
3 2 8134.507504317499
291 3 3
Id
3
1 1 1.0
2 2 1.0
3 3 -0.9670180423585439
Nupdn
1
1 2 2142.59
Ntot
2
1 3 0.25470788317806237
3 2 -8134.507505323441
292 3 3
Id
3
1 1 1.0
2 2 1.0
3 3 -0.9670180423657988
Nupdn
1
1 2 2142.59
Ntot
2
1 3 -0.2547078831505186
3 2 8134.507506264118
293 3 3
Id
3
1 1 1.0
2 2 1.0
3 3 -0.9670180423725829
Nupdn
1
1 2 2142.59
Ntot
2
1 3 0.2547078831247618
3 2 -8134.507507143773
294 3 3
Id
3
1 1 1.0
2 2 1.0
3 3 -0.9670180423789272
Nupdn
1
1 2 2142.59
Ntot
2
1 3 -0.25470788310067605
3 2 8134.507507966353
295 3 3
Id
3
1 1 1.0
2 2 1.0
3 3 -0.9670180423848596
Nupdn
1
1 2 2142.59
Ntot
2
1 3 0.25470788307815334
3 2 -8134.507508735571
296 3 3
Id
3
1 1 1.0
2 2 1.0
3 3 -0.9670180423904076
Nupdn
1
1 2 2142.59
Ntot
2
1 3 -0.25470788305709047
3 2 8134.50750945488
297 3 3
Id
3
1 1 1.0
2 2 1.0
3 3 -0.9670180423955947
Nupdn
1
1 2 2142.59
Ntot
2
1 3 0.25470788303739444
3 2 -8134.5075101275315
298 3 3
Id
3
1 1 1.0
2 2 1.0
3 3 -0.967018042400446
Nupdn
1
1 2 2142.59
Ntot
2
1 3 -0.2547078830189777
3 2 8134.507510756536
299 3 3
Id
3
1 1 1.0
2 2 1.0
3 3 -0.9670180424049823
Nupdn
1
1 2 2142.59
Ntot
2
1 3 0.25470788300175506
3 2 -8134.507511344739
300 3 3
Id
3
1 1 1.0
2 2 1.0
3 3 -0.9670180424092247
Nupdn
1
1 2 2142.59
Ntot
2
1 3 -0.25470788298564967
3 2 8134.50751189477
301 3 3
Id
3
1 1 1.0
2 2 1.0
3 3 -0.9670180424131916
Nupdn
1
1 2 2142.59
Ntot
2
1 3 0.2547078829705886
3 2 -8134.507512409127
302 3 3
Id
3
1 1 1.0
2 2 1.0
3 3 -0.9670180424169008
Nupdn
1
1 2 2142.59
Ntot
2
1 3 -0.254707882956505
3 2 8134.507512890117
303 3 3
Id
3
1 1 1.0
2 2 1.0
3 3 -0.9670180424203698
Nupdn
1
1 2 2142.59
Ntot
2
1 3 0.25470788294333546
3 2 -8134.507513339899
304 3 3
Id
3
1 1 1.0
2 2 1.0
3 3 -0.9670180424236134
Nupdn
1
1 2 2142.59
Ntot
2
1 3 -0.2547078829310199
3 2 8134.507513760502
305 3 3
Id
3
1 1 1.0
2 2 1.0
3 3 -0.9670180424266472
Nupdn
1
1 2 2142.59
Ntot
2
1 3 0.25470788291950314
3 2 -8134.507514153811
306 3 3
Id
3
1 1 1.0
2 2 1.0
3 3 -0.9670180424294839
Nupdn
1
1 2 2142.59
Ntot
2
1 3 -0.2547078829087337
3 2 8134.507514521614
307 3 3
Id
3
1 1 1.0
2 2 1.0
3 3 -0.9670180424321362
Nupdn
1
1 2 2142.59
Ntot
2
1 3 0.25470788289866364
3 2 -8134.507514865549
308 3 3
Id
3
1 1 1.0
2 2 1.0
3 3 -0.9670180424346166
Nupdn
1
1 2 2142.59
Ntot
2
1 3 -0.2547078828892463
3 2 8134.507515187166
309 3 3
Id
3
1 1 1.0
2 2 1.0
3 3 -0.9670180424369363
Nupdn
1
1 2 2142.59
Ntot
2
1 3 0.2547078828804397
3 2 -8134.507515487929
310 3 3
Id
3
1 1 1.0
2 2 1.0
3 3 -0.9670180424391055
Nupdn
1
1 2 2142.59
Ntot
2
1 3 -0.2547078828722045
3 2 8134.5075157691745
311 3 3
Id
3
1 1 1.0
2 2 1.0
3 3 -0.9670180424411339
Nupdn
1
1 2 2142.59
Ntot
2
1 3 0.25470788286450374
3 2 -8134.507516032169
312 3 3
Id
3
1 1 1.0
2 2 1.0
3 3 -0.9670180424430304
Nupdn
1
1 2 2142.59
Ntot
2
1 3 -0.2547078828573026
3 2 8134.507516278105
313 3 3
Id
3
1 1 1.0
2 2 1.0
3 3 -0.9670180424448038
Nupdn
1
1 2 2142.59
Ntot
2
1 3 0.254707882850569
3 2 -8134.507516508087
314 3 3
Id
3
1 1 1.0
2 2 1.0
3 3 -0.9670180424464627
Nupdn
1
1 2 2142.59
Ntot
2
1 3 -0.25470788284427187
3 2 8134.5075167231535
315 3 3
Id
3
1 1 1.0
2 2 1.0
3 3 -0.9670180424480135
Nupdn
1
1 2 2142.59
Ntot
2
1 3 0.25470788283838325
3 2 -8134.507516924259
316 3 3
Id
3
1 1 1.0
2 2 1.0
3 3 -0.9670180424494639
Nupdn
1
1 2 2142.59
Ntot
2
1 3 -0.25470788283287654
3 2 8134.5075171123235
317 3 3
Id
3
1 1 1.0
2 2 1.0
3 3 -0.9670180424508203
Nupdn
1
1 2 2142.59
Ntot
2
1 3 0.2547078828277275
3 2 -8134.50751728818
318 3 3
Id
3
1 1 1.0
2 2 1.0
3 3 -0.9670180424520887
Nupdn
1
1 2 2142.59
Ntot
2
1 3 -0.25470788282291135
3 2 8134.5075174526355
319 3 3
Id
3
1 1 1.0
2 2 1.0
3 3 -0.967018042453275
Nupdn
1
1 2 2142.59
Ntot
2
1 3 0.25470788281840895
3 2 -8134.507517606423
320 3 3
Id
3
1 1 1.0
2 2 1.0
3 3 -0.9670180424543839
Nupdn
1
1 2 2142.59
Ntot
2
1 3 -0.2547078828141984
3 2 8134.507517750228
321 3 3
Id
3
1 1 1.0
2 2 1.0
3 3 -0.9670180424554213
Nupdn
1
1 2 2142.59
Ntot
2
1 3 0.25470788281026063
3 2 -8134.507517884697
322 3 3
Id
3
1 1 1.0
2 2 1.0
3 3 -0.9670180424563906
Nupdn
1
1 2 2142.59
Ntot
2
1 3 -0.25470788280657863
3 2 8134.50751801045
323 3 3
Id
3
1 1 1.0
2 2 1.0
3 3 -0.9670180424572976
Nupdn
1
1 2 2142.59
Ntot
2
1 3 0.2547078828031354
3 2 -8134.507518128049
324 3 3
Id
3
1 1 1.0
2 2 1.0
3 3 -0.967018042458146
Nupdn
1
1 2 2142.59
Ntot
2
1 3 -0.254707882799916
3 2 8134.507518238009
325 3 3
Id
3
1 1 1.0
2 2 1.0
3 3 -0.967018042458939
Nupdn
1
1 2 2142.59
Ntot
2
1 3 0.25470788279690487
3 2 -8134.507518340833
326 3 3
Id
3
1 1 1.0
2 2 1.0
3 3 -0.9670180424596804
Nupdn
1
1 2 2142.59
Ntot
2
1 3 -0.2547078827940891
3 2 8134.507518436997
327 3 3
Id
3
1 1 1.0
2 2 1.0
3 3 -0.9670180424603745
Nupdn
1
1 2 2142.59
Ntot
2
1 3 0.25470788279145573
3 2 -8134.507518526923
328 3 3
Id
3
1 1 1.0
2 2 1.0
3 3 -0.9670180424610224
Nupdn
1
1 2 2142.59
Ntot
2
1 3 -0.2547078827889939
3 2 8134.507518611006
329 3 3
Id
3
1 1 1.0
2 2 1.0
3 3 -0.967018042461629
Nupdn
1
1 2 2142.59
Ntot
2
1 3 0.2547078827866912
3 2 -8134.507518689644
330 3 3
Id
3
1 1 1.0
2 2 1.0
3 3 -0.9670180424621964
Nupdn
1
1 2 2142.59
Ntot
2
1 3 -0.2547078827845387
3 2 8134.507518763173
331 3 3
Id
3
1 1 1.0
2 2 1.0
3 3 -0.9670180424627264
Nupdn
1
1 2 2142.59
Ntot
2
1 3 0.25470788278252565
3 2 -8134.507518831937
332 3 3
Id
3
1 1 1.0
2 2 1.0
3 3 -0.9670180424632222
Nupdn
1
1 2 2142.59
Ntot
2
1 3 -0.25470788278064227
3 2 8134.507518896233
333 3 3
Id
3
1 1 1.0
2 2 1.0
3 3 -0.9670180424636863
Nupdn
1
1 2 2142.59
Ntot
2
1 3 0.25470788277888173
3 2 -8134.507518956358
334 3 3
Id
3
1 1 1.0
2 2 1.0
3 3 -0.9670180424641199
Nupdn
1
1 2 2142.59
Ntot
2
1 3 -0.2547078827772349
3 2 8134.507519012582
335 3 3
Id
3
1 1 1.0
2 2 1.0
3 3 -0.9670180424645254
Nupdn
1
1 2 2142.59
Ntot
2
1 3 0.25470788277569567
3 2 -8134.507519065164
336 3 3
Id
3
1 1 1.0
2 2 1.0
3 3 -0.9670180424649044
Nupdn
1
1 2 2142.59
Ntot
2
1 3 -0.2547078827742562
3 2 8134.507519114334
337 3 3
Id
3
1 1 1.0
2 2 1.0
3 3 -0.967018042465259
Nupdn
1
1 2 2142.59
Ntot
2
1 3 0.2547078827729102
3 2 -8134.507519160311
338 3 3
Id
3
1 1 1.0
2 2 1.0
3 3 -0.9670180424655905
Nupdn
1
1 2 2142.59
Ntot
2
1 3 -0.25470788277165163
3 2 8134.5075192033
339 3 3
Id
3
1 1 1.0
2 2 1.0
3 3 -0.9670180424659007
Nupdn
1
1 2 2142.59
Ntot
2
1 3 0.2547078827704737
3 2 -8134.507519243516
340 3 3
Id
3
1 1 1.0
2 2 1.0
3 3 -0.9670180424661907
Nupdn
1
1 2 2142.59
Ntot
2
1 3 -0.25470788276937273
3 2 8134.507519281109
341 3 3
Id
3
1 1 1.0
2 2 1.0
3 3 -0.9670180424664618
Nupdn
1
1 2 2142.59
Ntot
2
1 3 0.25470788276834344
3 2 -8134.507519316271
342 3 3
Id
3
1 1 1.0
2 2 1.0
3 3 -0.9670180424667154
Nupdn
1
1 2 2142.59
Ntot
2
1 3 -0.2547078827673809
3 2 8134.507519349149
343 3 3
Id
3
1 1 1.0
2 2 1.0
3 3 -0.9670180424669526
Nupdn
1
1 2 2142.59
Ntot
2
1 3 0.25470788276648043
3 2 -8134.507519379894
344 3 3
Id
3
1 1 1.0
2 2 1.0
3 3 -0.9670180424671744
Nupdn
1
1 2 2142.59
Ntot
2
1 3 -0.25470788276563827
3 2 8134.507519408638
345 3 3
Id
3
1 1 1.0
2 2 1.0
3 3 -0.9670180424673813
Nupdn
1
1 2 2142.59
Ntot
2
1 3 0.2547078827648516
3 2 -8134.50751943553
346 3 3
Id
3
1 1 1.0
2 2 1.0
3 3 -0.9670180424675756
Nupdn
1
1 2 2142.59
Ntot
2
1 3 -0.2547078827641153
3 2 8134.50751946067
347 3 3
Id
3
1 1 1.0
2 2 1.0
3 3 -0.967018042467757
Nupdn
1
1 2 2142.59
Ntot
2
1 3 0.2547078827634269
3 2 -8134.507519484181
348 3 3
Id
3
1 1 1.0
2 2 1.0
3 3 -0.9670180424679264
Nupdn
1
1 2 2142.59
Ntot
2
1 3 -0.2547078827627835
3 2 8134.507519506167
349 3 3
Id
3
1 1 1.0
2 2 1.0
3 3 -0.9670180424680848
Nupdn
1
1 2 2142.59
Ntot
2
1 3 0.25470788276218176
3 2 -8134.507519526721
350 3 3
Id
3
1 1 1.0
2 2 1.0
3 3 -0.9670180424682331
Nupdn
1
1 2 2142.59
Ntot
2
1 3 -0.254707882761618
3 2 8134.5075195459485
351 3 3
Id
3
1 1 1.0
2 2 1.0
3 3 -0.9670180424683716
Nupdn
1
1 2 2142.59
Ntot
2
1 3 0.2547078827610919
3 2 -8134.50751956392
352 3 3
Id
3
1 1 1.0
2 2 1.0
3 3 -0.9670180424685018
Nupdn
1
1 2 2142.59
Ntot
2
1 3 -0.2547078827606
3 2 8134.507519580736
353 3 3
Id
3
1 1 1.0
2 2 1.0
3 3 -0.9670180424686228
Nupdn
1
1 2 2142.59
Ntot
2
1 3 0.2547078827601392
3 2 -8134.507519596454
354 3 3
Id
3
1 1 1.0
2 2 1.0
3 3 -0.9670180424687362
Nupdn
1
1 2 2142.59
Ntot
2
1 3 -0.2547078827597089
3 2 8134.5075196111575
355 3 3
Id
3
1 1 1.0
2 2 1.0
3 3 -0.9670180424688422
Nupdn
1
1 2 2142.59
Ntot
2
1 3 0.2547078827593066
3 2 -8134.507519624904
356 3 3
Id
3
1 1 1.0
2 2 1.0
3 3 -0.9670180424689414
Nupdn
1
1 2 2142.59
Ntot
2
1 3 -0.25470788275892986
3 2 8134.507519637761
357 3 3
Id
3
1 1 1.0
2 2 1.0
3 3 -0.967018042469034
Nupdn
1
1 2 2142.59
Ntot
2
1 3 0.25470788275857825
3 2 -8134.507519649782
358 3 3
Id
3
1 1 1.0
2 2 1.0
3 3 -0.9670180424691206
Nupdn
1
1 2 2142.59
Ntot
2
1 3 -0.254707882758249
3 2 8134.507519661016
359 3 3
Id
3
1 1 1.0
2 2 1.0
3 3 -0.9670180424692019
Nupdn
1
1 2 2142.59
Ntot
2
1 3 0.2547078827579412
3 2 -8134.507519671525
360 3 3
Id
3
1 1 1.0
2 2 1.0
3 3 -0.9670180424692776
Nupdn
1
1 2 2142.59
Ntot
2
1 3 -0.2547078827576532
3 2 8134.507519681358
361 3 3
Id
3
1 1 1.0
2 2 1.0
3 3 -0.9670180424693484
Nupdn
1
1 2 2142.59
Ntot
2
1 3 0.25470788275738426
3 2 -8134.507519690551
362 3 3
Id
3
1 1 1.0
2 2 1.0
3 3 -0.9670180424694148
Nupdn
1
1 2 2142.59
Ntot
2
1 3 -0.2547078827571325
3 2 8134.50751969914
363 3 3
Id
3
1 1 1.0
2 2 1.0
3 3 -0.9670180424694768
Nupdn
1
1 2 2142.59
Ntot
2
1 3 0.2547078827568966
3 2 -8134.50751970719
364 3 3
Id
3
1 1 1.0
2 2 1.0
3 3 -0.9670180424695347
Nupdn
1
1 2 2142.59
Ntot
2
1 3 -0.25470788275667694
3 2 8134.5075197147
365 3 3
Id
3
1 1 1.0
2 2 1.0
3 3 -0.9670180424695891
Nupdn
1
1 2 2142.59
Ntot
2
1 3 0.2547078827564716
3 2 -8134.507519721727
366 3 3
Id
3
1 1 1.0
2 2 1.0
3 3 -0.9670180424696395
Nupdn
1
1 2 2142.59
Ntot
2
1 3 -0.2547078827562787
3 2 8134.5075197283
367 3 3
Id
3
1 1 1.0
2 2 1.0
3 3 -0.9670180424696868
Nupdn
1
1 2 2142.59
Ntot
2
1 3 0.25470788275609907
3 2 -8134.507519734443
368 3 3
Id
3
1 1 1.0
2 2 1.0
3 3 -0.9670180424697312
Nupdn
1
1 2 2142.59
Ntot
2
1 3 -0.2547078827559308
3 2 8134.507519740199
369 3 3
Id
3
1 1 1.0
2 2 1.0
3 3 -0.9670180424697727
Nupdn
1
1 2 2142.59
Ntot
2
1 3 0.2547078827557735
3 2 -8134.507519745571
370 3 3
Id
3
1 1 1.0
2 2 1.0
3 3 -0.9670180424698116
Nupdn
1
1 2 2142.59
Ntot
2
1 3 -0.2547078827556264
3 2 8134.507519750593
371 3 3
Id
3
1 1 1.0
2 2 1.0
3 3 -0.9670180424698476
Nupdn
1
1 2 2142.59
Ntot
2
1 3 0.25470788275548845
3 2 -8134.507519755287
372 3 3
Id
3
1 1 1.0
2 2 1.0
3 3 -0.9670180424698815
Nupdn
1
1 2 2142.59
Ntot
2
1 3 -0.2547078827553594
3 2 8134.507519759689
373 3 3
Id
3
1 1 1.0
2 2 1.0
3 3 -0.9670180424699137
Nupdn
1
1 2 2142.59
Ntot
2
1 3 0.2547078827552393
3 2 -8134.507519763804
374 3 3
Id
3
1 1 1.0
2 2 1.0
3 3 -0.9670180424699433
Nupdn
1
1 2 2142.59
Ntot
2
1 3 -0.2547078827551265
3 2 8134.507519767645
375 3 3
Id
3
1 1 1.0
2 2 1.0
3 3 -0.9670180424699706
Nupdn
1
1 2 2142.59
Ntot
2
1 3 0.2547078827550217
3 2 -8134.507519771248
376 3 3
Id
3
1 1 1.0
2 2 1.0
3 3 -0.9670180424699968
Nupdn
1
1 2 2142.59
Ntot
2
1 3 -0.25470788275492284
3 2 8134.507519774606
377 3 3
Id
3
1 1 1.0
2 2 1.0
3 3 -0.967018042470021
Nupdn
1
1 2 2142.59
Ntot
2
1 3 0.25470788275483147
3 2 -8134.507519777749
378 3 3
Id
3
1 1 1.0
2 2 1.0
3 3 -0.9670180424700436
Nupdn
1
1 2 2142.59
Ntot
2
1 3 -0.2547078827547446
3 2 8134.5075197806855
379 3 3
Id
3
1 1 1.0
2 2 1.0
3 3 -0.967018042470065
Nupdn
1
1 2 2142.59
Ntot
2
1 3 0.25470788275466466
3 2 -8134.5075197834285
380 3 3
Id
3
1 1 1.0
2 2 1.0
3 3 -0.9670180424700847
Nupdn
1
1 2 2142.59
Ntot
2
1 3 -0.2547078827545898
3 2 8134.507519785994
381 3 3
Id
3
1 1 1.0
2 2 1.0
3 3 -0.9670180424701031
Nupdn
1
1 2 2142.59
Ntot
2
1 3 0.2547078827545193
3 2 -8134.507519788409
382 3 3
Id
3
1 1 1.0
2 2 1.0
3 3 -0.9670180424701205
Nupdn
1
1 2 2142.59
Ntot
2
1 3 -0.2547078827544535
3 2 8134.507519790645
383 3 3
Id
3
1 1 1.0
2 2 1.0
3 3 -0.9670180424701367
Nupdn
1
1 2 2142.59
Ntot
2
1 3 0.25470788275439166
3 2 -8134.507519792753
384 3 3
Id
3
1 1 1.0
2 2 1.0
3 3 -0.9670180424701518
Nupdn
1
1 2 2142.59
Ntot
2
1 3 -0.2547078827543346
3 2 8134.507519794711
385 3 3
Id
3
1 1 1.0
2 2 1.0
3 3 -0.967018042470166
Nupdn
1
1 2 2142.59
Ntot
2
1 3 0.2547078827542805
3 2 -8134.507519796552
386 3 3
Id
3
1 1 1.0
2 2 1.0
3 3 -0.9670180424701791
Nupdn
1
1 2 2142.59
Ntot
2
1 3 -0.2547078827542303
3 2 8134.507519798268
387 3 3
Id
3
1 1 1.0
2 2 1.0
3 3 -0.9670180424701913
Nupdn
1
1 2 2142.59
Ntot
2
1 3 0.25470788275418293
3 2 -8134.507519799876
388 3 3
Id
3
1 1 1.0
2 2 1.0
3 3 -0.9670180424702028
Nupdn
1
1 2 2142.59
Ntot
2
1 3 -0.2547078827541391
3 2 8134.507519801381
389 3 3
Id
3
1 1 1.0
2 2 1.0
3 3 -0.967018042470214
Nupdn
1
1 2 2142.59
Ntot
2
1 3 0.2547078827540981
3 2 -8134.507519802792
390 3 3
Id
3
1 1 1.0
2 2 1.0
3 3 -0.9670180424702242
Nupdn
1
1 2 2142.59
Ntot
2
1 3 -0.25470788275405976
3 2 8134.507519804108
391 3 3
Id
3
1 1 1.0
2 2 1.0
3 3 -0.9670180424702337
Nupdn
1
1 2 2142.59
Ntot
2
1 3 0.2547078827540233
3 2 -8134.5075198053355
392 3 3
Id
3
1 1 1.0
2 2 1.0
3 3 -0.9670180424702426
Nupdn
1
1 2 2142.59
Ntot
2
1 3 -0.2547078827539897
3 2 8134.507519806473
393 3 3
Id
3
1 1 1.0
2 2 1.0
3 3 -0.9670180424702508
Nupdn
1
1 2 2142.59
Ntot
2
1 3 0.25470788275395817
3 2 -8134.507519807555
394 3 3
Id
3
1 1 1.0
2 2 1.0
3 3 -0.9670180424702586
Nupdn
1
1 2 2142.59
Ntot
2
1 3 -0.25470788275392886
3 2 8134.507519808566
395 3 3
Id
3
1 1 1.0
2 2 1.0
3 3 -0.9670180424702657
Nupdn
1
1 2 2142.59
Ntot
2
1 3 0.25470788275390155
3 2 -8134.507519809501
396 3 3
Id
3
1 1 1.0
2 2 1.0
3 3 -0.9670180424702728
Nupdn
1
1 2 2142.59
Ntot
2
1 3 -0.2547078827538758
3 2 8134.507519810376
397 3 3
Id
3
1 1 1.0
2 2 1.0
3 3 -0.967018042470279
Nupdn
1
1 2 2142.59
Ntot
2
1 3 0.2547078827538517
3 2 -8134.5075198112045
398 3 3
Id
3
1 1 1.0
2 2 1.0
3 3 -0.967018042470285
Nupdn
1
1 2 2142.59
Ntot
2
1 3 -0.25470788275382905
3 2 8134.507519811972
399 3 3
Id
3
1 1 1.0
2 2 1.0
3 3 -0.9670180424702903
Nupdn
1
1 2 2142.59
Ntot
2
1 3 0.254707882753808
3 2 -8134.507519812691
400 3 3
Id
3
1 1 1.0
2 2 1.0
3 3 -0.9670180424702957
Nupdn
1
1 2 2142.59
Ntot
2
1 3 -0.25470788275378814
3 2 8134.507519813359
401 3 3
Id
3
1 1 1.0
2 2 1.0
3 3 -0.9670180424703005
Nupdn
1
1 2 2142.59
Ntot
2
1 3 0.2547078827537698
3 2 -8134.5075198139975
402 3 3
Id
3
1 1 1.0
2 2 1.0
3 3 -0.967018042470305
Nupdn
1
1 2 2142.59
Ntot
2
1 3 -0.25470788275375256
3 2 8134.507519814575
403 3 3
Id
3
1 1 1.0
2 2 1.0
3 3 -0.9670180424703092
Nupdn
1
1 2 2142.59
Ntot
2
1 3 0.25470788275373685
3 2 -8134.507519815124
404 3 3
Id
3
1 1 1.0
2 2 1.0
3 3 -0.9670180424703132
Nupdn
1
1 2 2142.59
Ntot
2
1 3 -0.2547078827537216
3 2 8134.507519815643
405 3 3
Id
3
1 1 1.0
2 2 1.0
3 3 -0.967018042470317
Nupdn
1
1 2 2142.59
Ntot
2
1 3 0.2547078827537075
3 2 -8134.507519816122
406 3 3
Id
3
1 1 1.0
2 2 1.0
3 3 -0.9670180424703203
Nupdn
1
1 2 2142.59
Ntot
2
1 3 -0.25470788275369427
3 2 8134.507519816562
407 3 3
Id
3
1 1 1.0
2 2 1.0
3 3 -0.9670180424703234
Nupdn
1
1 2 2142.59
Ntot
2
1 3 0.2547078827536822
3 2 -8134.507519816993
408 3 3
Id
3
1 1 1.0
2 2 1.0
3 3 -0.9670180424703265
Nupdn
1
1 2 2142.59
Ntot
2
1 3 -0.25470788275367084
3 2 8134.507519817376
409 3 3
Id
3
1 1 1.0
2 2 1.0
3 3 -0.9670180424703292
Nupdn
1
1 2 2142.59
Ntot
2
1 3 0.2547078827536597
3 2 -8134.5075198177465
410 3 3
Id
3
1 1 1.0
2 2 1.0
3 3 -0.9670180424703321
Nupdn
1
1 2 2142.59
Ntot
2
1 3 -0.25470788275365003
3 2 8134.507519818091
411 3 3
Id
3
1 1 1.0
2 2 1.0
3 3 -0.9670180424703345
Nupdn
1
1 2 2142.59
Ntot
2
1 3 0.2547078827536403
3 2 -8134.5075198184195
412 3 3
Id
3
1 1 1.0
2 2 1.0
3 3 -0.967018042470337
Nupdn
1
1 2 2142.59
Ntot
2
1 3 -0.25470788275363165
3 2 8134.507519818713
413 3 3
Id
3
1 1 1.0
2 2 1.0
3 3 -0.967018042470339
Nupdn
1
1 2 2142.59
Ntot
2
1 3 0.2547078827536236
3 2 -8134.507519818994
414 3 3
Id
3
1 1 1.0
2 2 1.0
3 3 -0.967018042470341
Nupdn
1
1 2 2142.59
Ntot
2
1 3 -0.25470788275361567
3 2 8134.507519819258
415 3 3
Id
3
1 1 1.0
2 2 1.0
3 3 -0.9670180424703432
Nupdn
1
1 2 2142.59
Ntot
2
1 3 0.2547078827536081
3 2 -8134.507519819512
416 3 3
Id
3
1 1 1.0
2 2 1.0
3 3 -0.9670180424703447
Nupdn
1
1 2 2142.59
Ntot
2
1 3 -0.25470788275360146
3 2 8134.507519819739
417 3 3
Id
3
1 1 1.0
2 2 1.0
3 3 -0.9670180424703465
Nupdn
1
1 2 2142.59
Ntot
2
1 3 0.2547078827535953
3 2 -8134.507519819949
418 3 3
Id
3
1 1 1.0
2 2 1.0
3 3 -0.9670180424703478
Nupdn
1
1 2 2142.59
Ntot
2
1 3 -0.2547078827535895
3 2 8134.5075198201475
419 3 3
Id
3
1 1 1.0
2 2 1.0
3 3 -0.9670180424703496
Nupdn
1
1 2 2142.59
Ntot
2
1 3 0.2547078827535836
3 2 -8134.507519820345
420 3 3
Id
3
1 1 1.0
2 2 1.0
3 3 -0.967018042470351
Nupdn
1
1 2 2142.59
Ntot
2
1 3 -0.25470788275357886
3 2 8134.507519820517
421 3 3
Id
3
1 1 1.0
2 2 1.0
3 3 -0.9670180424703523
Nupdn
1
1 2 2142.59
Ntot
2
1 3 0.2547078827535738
3 2 -8134.507519820683
422 3 3
Id
3
1 1 1.0
2 2 1.0
3 3 -0.9670180424703534
Nupdn
1
1 2 2142.59
Ntot
2
1 3 -0.2547078827535697
3 2 8134.50751982083
423 3 3
Id
3
1 1 1.0
2 2 1.0
3 3 -0.9670180424703543
Nupdn
1
1 2 2142.59
Ntot
2
1 3 0.25470788275356526
3 2 -8134.507519820976
424 3 3
Id
3
1 1 1.0
2 2 1.0
3 3 -0.9670180424703552
Nupdn
1
1 2 2142.59
Ntot
2
1 3 -0.25470788275356143
3 2 8134.507519821114
425 3 3
Id
3
1 1 1.0
2 2 1.0
3 3 -0.9670180424703563
Nupdn
1
1 2 2142.59
Ntot
2
1 3 0.25470788275355766
3 2 -8134.507519821235
426 3 3
Id
3
1 1 1.0
2 2 1.0
3 3 -0.9670180424703572
Nupdn
1
1 2 2142.59
Ntot
2
1 3 -0.2547078827535542
3 2 8134.507519821356
427 3 3
Id
3
1 1 1.0
2 2 1.0
3 3 -0.9670180424703583
Nupdn
1
1 2 2142.59
Ntot
2
1 3 0.2547078827535507
3 2 -8134.507519821472
428 3 3
Id
3
1 1 1.0
2 2 1.0
3 3 -0.9670180424703589
Nupdn
1
1 2 2142.59
Ntot
2
1 3 -0.2547078827535482
3 2 8134.507519821565
429 3 3
Id
3
1 1 1.0
2 2 1.0
3 3 -0.9670180424703596
Nupdn
1
1 2 2142.59
Ntot
2
1 3 0.25470788275354517
3 2 -8134.507519821663
430 3 3
Id
3
1 1 1.0
2 2 1.0
3 3 -0.9670180424703603
Nupdn
1
1 2 2142.59
Ntot
2
1 3 -0.25470788275354284
3 2 8134.507519821749
431 3 3
Id
3
1 1 1.0
2 2 1.0
3 3 -0.9670180424703609
Nupdn
1
1 2 2142.59
Ntot
2
1 3 0.25470788275353995
3 2 -8134.507519821842
432 3 3
Id
3
1 1 1.0
2 2 1.0
3 3 -0.9670180424703616
Nupdn
1
1 2 2142.59
Ntot
2
1 3 -0.25470788275353773
3 2 8134.507519821914
433 3 3
Id
3
1 1 1.0
2 2 1.0
3 3 -0.9670180424703623
Nupdn
1
1 2 2142.59
Ntot
2
1 3 0.2547078827535356
3 2 -8134.507519821995
434 3 3
Id
3
1 1 1.0
2 2 1.0
3 3 -0.9670180424703627
Nupdn
1
1 2 2142.59
Ntot
2
1 3 -0.2547078827535338
3 2 8134.507519822056
435 3 3
Id
3
1 1 1.0
2 2 1.0
3 3 -0.9670180424703632
Nupdn
1
1 2 2142.59
Ntot
2
1 3 0.2547078827535318
3 2 -8134.507519822116
436 3 3
Id
3
1 1 1.0
2 2 1.0
3 3 -0.9670180424703636
Nupdn
1
1 2 2142.59
Ntot
2
1 3 -0.25470788275352996
3 2 8134.5075198221775
437 3 3
Id
3
1 1 1.0
2 2 1.0
3 3 -0.967018042470364
Nupdn
1
1 2 2142.59
Ntot
2
1 3 0.25470788275352857
3 2 -8134.507519822235
438 3 3
Id
3
1 1 1.0
2 2 1.0
3 3 -0.9670180424703645
Nupdn
1
1 2 2142.59
Ntot
2
1 3 -0.25470788275352696
3 2 8134.5075198222885
439 3 3
Id
3
1 1 1.0
2 2 1.0
3 3 -0.9670180424703649
Nupdn
1
1 2 2142.59
Ntot
2
1 3 0.2547078827535255
3 2 -8134.507519822339
440 3 3
Id
3
1 1 1.0
2 2 1.0
3 3 -0.9670180424703652
Nupdn
1
1 2 2142.59
Ntot
2
1 3 -0.254707882753524
3 2 8134.507519822385
441 3 3
Id
3
1 1 1.0
2 2 1.0
3 3 -0.9670180424703656
Nupdn
1
1 2 2142.59
Ntot
2
1 3 0.2547078827535229
3 2 -8134.507519822423
442 3 3
Id
3
1 1 1.0
2 2 1.0
3 3 -0.9670180424703658
Nupdn
1
1 2 2142.59
Ntot
2
1 3 -0.2547078827535218
3 2 8134.50751982247
443 3 3
Id
3
1 1 1.0
2 2 1.0
3 3 -0.9670180424703663
Nupdn
1
1 2 2142.59
Ntot
2
1 3 0.25470788275352063
3 2 -8134.507519822504
444 3 3
Id
3
1 1 1.0
2 2 1.0
3 3 -0.9670180424703663
Nupdn
1
1 2 2142.59
Ntot
2
1 3 -0.25470788275351974
3 2 8134.507519822542
445 3 3
Id
3
1 1 1.0
2 2 1.0
3 3 -0.9670180424703667
Nupdn
1
1 2 2142.59
Ntot
2
1 3 0.2547078827535186
3 2 -8134.50751982257
446 3 3
Id
3
1 1 1.0
2 2 1.0
3 3 -0.9670180424703669
Nupdn
1
1 2 2142.59
Ntot
2
1 3 -0.25470788275351774
3 2 8134.507519822597
447 3 3
Id
3
1 1 1.0
2 2 1.0
3 3 -0.9670180424703672
Nupdn
1
1 2 2142.59
Ntot
2
1 3 0.2547078827535169
3 2 -8134.507519822624
448 3 3
Id
3
1 1 1.0
2 2 1.0
3 3 -0.9670180424703672
Nupdn
1
1 2 2142.59
Ntot
2
1 3 -0.2547078827535161
3 2 8134.507519822657
449 3 3
Id
3
1 1 1.0
2 2 1.0
3 3 -0.9670180424703678
Nupdn
1
1 2 2142.59
Ntot
2
1 3 0.25470788275351525
3 2 -8134.507519822693
450 3 3
Id
3
1 1 1.0
2 2 1.0
3 3 -0.9670180424703678
Nupdn
1
1 2 2142.59
Ntot
2
1 3 -0.25470788275351475
3 2 8134.507519822704
451 3 3
Id
3
1 1 1.0
2 2 1.0
3 3 -0.967018042470368
Nupdn
1
1 2 2142.59
Ntot
2
1 3 0.2547078827535139
3 2 -8134.507519822733
452 3 3
Id
3
1 1 1.0
2 2 1.0
3 3 -0.967018042470368
Nupdn
1
1 2 2142.59
Ntot
2
1 3 -0.2547078827535132
3 2 8134.507519822743
453 3 3
Id
3
1 1 1.0
2 2 1.0
3 3 -0.967018042470368
Nupdn
1
1 2 2142.59
Ntot
2
1 3 0.254707882753513
3 2 -8134.507519822771
454 3 3
Id
3
1 1 1.0
2 2 1.0
3 3 -0.9670180424703683
Nupdn
1
1 2 2142.59
Ntot
2
1 3 -0.2547078827535124
3 2 8134.507519822783
455 3 3
Id
3
1 1 1.0
2 2 1.0
3 3 -0.9670180424703685
Nupdn
1
1 2 2142.59
Ntot
2
1 3 0.25470788275351164
3 2 -8134.507519822802
456 3 3
Id
3
1 1 1.0
2 2 1.0
3 3 -0.9670180424703685
Nupdn
1
1 2 2142.59
Ntot
2
1 3 -0.25470788275351136
3 2 8134.507519822816
457 3 3
Id
3
1 1 1.0
2 2 1.0
3 3 -0.9670180424703685
Nupdn
1
1 2 2142.59
Ntot
2
1 3 0.2547078827535112
3 2 -8134.507519822829
458 3 3
Id
3
1 1 1.0
2 2 1.0
3 3 -0.9670180424703689
Nupdn
1
1 2 2142.59
Ntot
2
1 3 -0.25470788275351064
3 2 8134.507519822837
459 3 3
Id
3
1 1 1.0
2 2 1.0
3 3 -0.9670180424703689
Nupdn
1
1 2 2142.59
Ntot
2
1 3 0.25470788275351
3 2 -8134.507519822863
460 3 3
Id
3
1 1 1.0
2 2 1.0
3 3 -0.9670180424703689
Nupdn
1
1 2 2142.59
Ntot
2
1 3 -0.25470788275351014
3 2 8134.507519822868
461 3 3
Id
3
1 1 1.0
2 2 1.0
3 3 -0.9670180424703692
Nupdn
1
1 2 2142.59
Ntot
2
1 3 0.25470788275350936
3 2 -8134.5075198228815
462 3 3
Id
3
1 1 1.0
2 2 1.0
3 3 -0.9670180424703694
Nupdn
1
1 2 2142.59
Ntot
2
1 3 -0.2547078827535089
3 2 8134.507519822898
463 3 3
Id
3
1 1 1.0
2 2 1.0
3 3 -0.9670180424703692
Nupdn
1
1 2 2142.59
Ntot
2
1 3 0.25470788275350886
3 2 -8134.507519822912
464 3 3
Id
3
1 1 1.0
2 2 1.0
3 3 -0.9670180424703692
Nupdn
1
1 2 2142.59
Ntot
2
1 3 -0.25470788275350853
3 2 8134.5075198229215
465 3 3
Id
3
1 1 1.0
2 2 1.0
3 3 -0.9670180424703696
Nupdn
1
1 2 2142.59
Ntot
2
1 3 0.2547078827535082
3 2 -8134.507519822916
466 3 3
Id
3
1 1 1.0
2 2 1.0
3 3 -0.9670180424703694
Nupdn
1
1 2 2142.59
Ntot
2
1 3 -0.2547078827535078
3 2 8134.507519822931
467 3 3
Id
3
1 1 1.0
2 2 1.0
3 3 -0.9670180424703696
Nupdn
1
1 2 2142.59
Ntot
2
1 3 0.2547078827535078
3 2 -8134.507519822937
468 3 3
Id
3
1 1 1.0
2 2 1.0
3 3 -0.9670180424703696
Nupdn
1
1 2 2142.59
Ntot
2
1 3 -0.2547078827535074
3 2 8134.507519822945
469 3 3
Id
3
1 1 1.0
2 2 1.0
3 3 -0.9670180424703696
Nupdn
1
1 2 2142.59
Ntot
2
1 3 0.25470788275350753
3 2 -8134.507519822956
470 3 3
Id
3
1 1 1.0
2 2 1.0
3 3 -0.9670180424703696
Nupdn
1
1 2 2142.59
Ntot
2
1 3 -0.2547078827535072
3 2 8134.507519822958
471 3 3
Id
3
1 1 1.0
2 2 1.0
3 3 -0.9670180424703696
Nupdn
1
1 2 2142.59
Ntot
2
1 3 0.25470788275350736
3 2 -8134.5075198229615
472 3 3
Id
3
1 1 1.0
2 2 1.0
3 3 -0.9670180424703698
Nupdn
1
1 2 2142.59
Ntot
2
1 3 -0.2547078827535068
3 2 8134.50751982297
473 3 3
Id
3
1 1 1.0
2 2 1.0
3 3 -0.9670180424703696
Nupdn
1
1 2 2142.59
Ntot
2
1 3 0.25470788275350714
3 2 -8134.507519822965
474 3 3
Id
3
1 1 1.0
2 2 1.0
3 3 -0.9670180424703698
Nupdn
1
1 2 2142.59
Ntot
2
1 3 -0.2547078827535067
3 2 8134.507519822974
475 3 3
Id
3
1 1 1.0
2 2 1.0
3 3 -0.9670180424703696
Nupdn
1
1 2 2142.59
Ntot
2
1 3 0.25470788275350686
3 2 -8134.50751982297
476 3 3
Id
3
1 1 1.0
2 2 1.0
3 3 -0.96701804247037
Nupdn
1
1 2 2142.59
Ntot
2
1 3 -0.2547078827535064
3 2 8134.507519822982
477 3 3
Id
3
1 1 1.0
2 2 1.0
3 3 -0.96701804247037
Nupdn
1
1 2 2142.59
Ntot
2
1 3 0.25470788275350653
3 2 -8134.50751982299
478 3 3
Id
3
1 1 1.0
2 2 1.0
3 3 -0.9670180424703698
Nupdn
1
1 2 2142.59
Ntot
2
1 3 -0.25470788275350625
3 2 8134.507519822997
479 3 3
Id
3
1 1 1.0
2 2 1.0
3 3 -0.9670180424703698
Nupdn
1
1 2 2142.59
Ntot
2
1 3 0.2547078827535063
3 2 -8134.507519822999
480 3 3
Id
3
1 1 1.0
2 2 1.0
3 3 -0.96701804247037
Nupdn
1
1 2 2142.59
Ntot
2
1 3 -0.254707882753506
3 2 8134.507519823001
481 3 3
Id
3
1 1 1.0
2 2 1.0
3 3 -0.9670180424703698
Nupdn
1
1 2 2142.59
Ntot
2
1 3 0.25470788275350625
3 2 -8134.507519822994
482 3 3
Id
3
1 1 1.0
2 2 1.0
3 3 -0.96701804247037
Nupdn
1
1 2 2142.59
Ntot
2
1 3 -0.2547078827535059
3 2 8134.50751982301
483 3 3
Id
3
1 1 1.0
2 2 1.0
3 3 -0.9670180424703698
Nupdn
1
1 2 2142.59
Ntot
2
1 3 0.2547078827535061
3 2 -8134.507519822996
484 3 3
Id
3
1 1 1.0
2 2 1.0
3 3 -0.96701804247037
Nupdn
1
1 2 2142.59
Ntot
2
1 3 -0.25470788275350587
3 2 8134.507519823014
485 3 3
Id
3
1 1 1.0
2 2 1.0
3 3 -0.9670180424703698
Nupdn
1
1 2 2142.59
Ntot
2
1 3 0.25470788275350603
3 2 -8134.5075198230015
486 3 3
Id
3
1 1 1.0
2 2 1.0
3 3 -0.9670180424703698
Nupdn
1
1 2 2142.59
Ntot
2
1 3 -0.25470788275350564
3 2 8134.507519823013
487 3 3
Id
3
1 1 1.0
2 2 1.0
3 3 -0.9670180424703703
Nupdn
1
1 2 2142.59
Ntot
2
1 3 0.25470788275350587
3 2 -8134.507519823012
488 3 3
Id
3
1 1 1.0
2 2 1.0
3 3 -0.96701804247037
Nupdn
1
1 2 2142.59
Ntot
2
1 3 -0.25470788275350553
3 2 8134.5075198230215
489 3 3
Id
3
1 1 1.0
2 2 1.0
3 3 -0.96701804247037
Nupdn
1
1 2 2142.59
Ntot
2
1 3 0.2547078827535053
3 2 -8134.507519823024
490 3 3
Id
3
1 1 1.0
2 2 1.0
3 3 -0.96701804247037
Nupdn
1
1 2 2142.59
Ntot
2
1 3 -0.2547078827535056
3 2 8134.507519823019
491 3 3
Id
3
1 1 1.0
2 2 1.0
3 3 -0.96701804247037
Nupdn
1
1 2 2142.59
Ntot
2
1 3 0.2547078827535053
3 2 -8134.5075198230315
492 3 3
Id
3
1 1 1.0
2 2 1.0
3 3 -0.9670180424703703
Nupdn
1
1 2 2142.59
Ntot
2
1 3 -0.2547078827535055
3 2 8134.50751982302
493 3 3
Id
3
1 1 1.0
2 2 1.0
3 3 -0.9670180424703703
Nupdn
1
1 2 2142.59
Ntot
2
1 3 0.2547078827535053
3 2 -8134.5075198230315
494 3 3
Id
3
1 1 1.0
2 2 1.0
3 3 -0.9670180424703705
Nupdn
1
1 2 2142.59
Ntot
2
1 3 -0.25470788275350525
3 2 8134.507519823028
495 3 3
Id
3
1 1 1.0
2 2 1.0
3 3 -0.96701804247037
Nupdn
1
1 2 2142.59
Ntot
2
1 3 0.25470788275350525
3 2 -8134.5075198230315
496 3 3
Id
3
1 1 1.0
2 2 1.0
3 3 -0.96701804247037
Nupdn
1
1 2 2142.59
Ntot
2
1 3 -0.2547078827535053
3 2 8134.5075198230315
497 3 3
Id
3
1 1 1.0
2 2 1.0
3 3 -0.96701804247037
Nupdn
1
1 2 2142.59
Ntot
2
1 3 0.25470788275350514
3 2 -8134.507519823029
498 3 3
Id
3
1 1 1.0
2 2 1.0
3 3 -0.96701804247037
Nupdn
1
1 2 2142.59
Ntot
2
1 3 -0.25470788275350537
3 2 8134.5075198230215
499 3 3
Id
3
1 1 1.0
2 2 1.0
3 3 -0.9670180424703703
Nupdn
1
1 2 2142.59
Ntot
2
1 3 0.25470788275350514
3 2 -8134.507519823034
500 3 3
Id
3
1 1 1.0
2 2 1.0
3 3 -0.9670180424703703
Nupdn
1
1 2 2142.59
Ntot
2
1 3 -0.25470788275350525
3 2 8134.507519823024
501 3 3
Id
3
1 1 1.0
2 2 1.0
3 3 -0.9670180424703703
Nupdn
1
1 2 2142.59
Ntot
2
1 3 0.25470788275350503
3 2 -8134.507519823032
502 3 3
Id
3
1 1 1.0
2 2 1.0
3 3 -0.9670180424703705
Nupdn
1
1 2 2142.59
Ntot
2
1 3 -0.2547078827535052
3 2 8134.507519823034
503 3 3
Id
3
1 1 1.0
2 2 1.0
3 3 -0.9670180424703703
Nupdn
1
1 2 2142.59
Ntot
2
1 3 0.254707882753505
3 2 -8134.507519823029
504 3 3
Id
3
1 1 1.0
2 2 1.0
3 3 -0.9670180424703703
Nupdn
1
1 2 2142.59
Ntot
2
1 3 -0.2547078827535052
3 2 8134.50751982303
505 3 3
Id
3
1 1 1.0
2 2 1.0
3 3 -0.9670180424703703
Nupdn
1
1 2 2142.59
Ntot
2
1 3 0.254707882753505
3 2 -8134.507519823033
506 3 3
Id
3
1 1 1.0
2 2 1.0
3 3 -0.9670180424703703
Nupdn
1
1 2 2142.59
Ntot
2
1 3 -0.2547078827535052
3 2 8134.507519823032
507 3 3
Id
3
1 1 1.0
2 2 1.0
3 3 -0.9670180424703705
Nupdn
1
1 2 2142.59
Ntot
2
1 3 0.2547078827535049
3 2 -8134.507519823043
508 3 3
Id
3
1 1 1.0
2 2 1.0
3 3 -0.9670180424703703
Nupdn
1
1 2 2142.59
Ntot
2
1 3 -0.25470788275350525
3 2 8134.507519823032
509 3 3
Id
3
1 1 1.0
2 2 1.0
3 3 -0.96701804247037
Nupdn
1
1 2 2142.59
Ntot
2
1 3 0.2547078827535049
3 2 -8134.507519823036
510 3 3
Id
3
1 1 1.0
2 2 1.0
3 3 -0.9670180424703703
Nupdn
1
1 2 2142.59
Ntot
2
1 3 -0.2547078827535051
3 2 8134.507519823033
511 3 3
Id
3
1 1 1.0
2 2 1.0
3 3 -0.9670180424703703
Nupdn
1
1 2 2142.59
Ntot
2
1 3 0.25470788275350514
3 2 -8134.507519823031
512 3 3
Id
3
1 1 1.0
2 2 1.0
3 3 -0.9670180424703704
Nupdn
1
1 2 2142.59
Ntot
2
1 3 -0.25470788275350503
3 2 8134.507519823032
513 3 1
Id
1
2 1 1.0
Nupdn
1
1 1 2142.59
Ntot
1
3 1 -8134.507519823048
