513
1 1 3
Id
1
1 1 1.0
Nupdn
1
1 2 10.712950000000001
Ntot
1
1 3 1.0
2 3 3
Id
3
1 1 1.0
2 2 1.0
3 3 -0.6951526607370007
Nupdn
1
1 2 10.712950000000001
Ntot
2
1 3 -0.7188621413527552
3 2 10.359615938082962
3 3 3
Id
3
1 1 1.0
2 2 1.0
3 3 -0.8025428276211648
Nupdn
1
1 2 10.712950000000001
Ntot
2
1 3 0.5965945103953145
3 2 -14.411130232269869
4 3 3
Id
3
1 1 1.0
2 2 1.0
3 3 -0.8510659796103743
Nupdn
1
1 2 10.712950000000001
Ntot
2
1 3 -0.5250587570451845
3 2 17.364584751573535
5 3 3
Id
3
1 1 1.0
2 2 1.0
3 3 -0.8788129971899847
Nupdn
1
1 2 10.712950000000001
Ntot
2
1 3 0.4771663399381352
3 2 -19.730393597056878
6 3 3
Id
3
1 1 1.0
2 2 1.0
3 3 -0.89676757627927
Nupdn
1
1 2 10.712950000000001
Ntot
2
1 3 -0.4425018803736361
3 2 21.710701428407738
7 3 3
Id
3
1 1 1.0
2 2 1.0
3 3 -0.9093192133378396
Nupdn
1
1 2 10.712950000000001
Ntot
2
1 3 0.41609922885611367
3 2 -23.411461956581032
8 3 3
Id
3
1 1 1.0
2 2 1.0
3 3 -0.91857213155638
Nupdn
1
1 2 10.712950000000001
Ntot
2
1 3 -0.3952533859791321
3 2 24.896984227926314
9 3 3
Id
3
1 1 1.0
2 2 1.0
3 3 -0.925662612971538
Nupdn
1
1 2 10.712950000000001
Ntot
2
1 3 0.3783500058764434
3 2 -26.2100624702299
10 3 3
Id
3
1 1 1.0
2 2 1.0
3 3 -0.9312585821981716
Nupdn
1
1 2 10.712950000000001
Ntot
2
1 3 -0.3643589618525265
3 2 27.38103813183517
11 3 3
Id
3
1 1 1.0
2 2 1.0
3 3 -0.9357785299591383
Nupdn
1
1 2 10.712950000000001
Ntot
2
1 3 0.3525883476059779
3 2 -28.432444437241475
12 3 3
Id
3
1 1 1.0
2 2 1.0
3 3 -0.9394980749734234
Nupdn
1
1 2 10.712950000000001
Ntot
2
1 3 -0.34255418129287496
3 2 29.38161742559901
13 3 3
Id
3
1 1 1.0
2 2 1.0
3 3 -0.9426061727554789
Nupdn
1
1 2 10.712950000000001
Ntot
2
1 3 0.33390657837674936
3 2 -30.242269701638065
14 3 3
Id
3
1 1 1.0
2 2 1.0
3 3 -0.9452367137139668
Nupdn
1
1 2 10.712950000000001
Ntot
2
1 3 -0.32638559258524297
3 2 31.025492185404396
15 3 3
Id
3
1 1 1.0
2 2 1.0
3 3 -0.9474872311416329
Nupdn
1
1 2 10.712950000000001
Ntot
2
1 3 0.31979360034803955
3 2 -31.740420451853414
16 3 3
Id
3
1 1 1.0
2 2 1.0
3 3 -0.9494304650159453
Nupdn
1
1 2 10.712950000000001
Ntot
2
1 3 -0.31397737513968393
3 2 32.3946943491312
17 3 3
Id
3
1 1 1.0
2 2 1.0
3 3 -0.9511217748337806
Nupdn
1
1 2 10.712950000000001
Ntot
2
1 3 0.30881607703783726
3 2 -32.99478484229666
18 3 3
Id
3
1 1 1.0
2 2 1.0
3 3 -0.9526040420945878
Nupdn
1
1 2 10.712950000000001
Ntot
2
1 3 -0.3042129829330983
3 2 33.546232558396454
19 3 3
Id
3
1 1 1.0
2 2 1.0
3 3 -0.953911001444792
Nupdn
1
1 2 10.712950000000001
Ntot
2
1 3 0.3000896554741493
3 2 -34.05382583675332
20 3 3
Id
3
1 1 1.0
2 2 1.0
3 3 -0.9550695583685052
Nupdn
1
1 2 10.712950000000001
Ntot
2
1 3 -0.2963817448457111
3 2 34.52173625150292
21 3 3
Id
3
1 1 1.0
2 2 1.0
3 3 -0.9561014358359419
Nupdn
1
1 2 10.712950000000001
Ntot
2
1 3 0.293035909731983
3 2 -34.953623555579966
22 3 3
Id
3
1 1 1.0
2 2 1.0
3 3 -0.9570243661748479
Nupdn
1
1 2 10.712950000000001
Ntot
2
1 3 -0.29000752153630444
3 2 35.352718196067116
23 3 3
Id
3
1 1 1.0
2 2 1.0
3 3 -0.9578529682713324
Nupdn
1
1 2 10.712950000000001
Ntot
2
1 3 0.28725892705675476
3 2 -35.72188708487025
24 3 3
Id
3
1 1 1.0
2 2 1.0
3 3 -0.9585994029512399
Nupdn
1
1 2 10.712950000000001
Ntot
2
1 3 -0.284758116059097
3 2 36.06368666842573
25 3 3
Id
3
1 1 1.0
2 2 1.0
3 3 -0.9592738693451361
Nupdn
1
1 2 10.712950000000001
Ntot
2
1 3 0.2824776868915675
3 2 -36.38040622495536
26 3 3
Id
3
1 1 1.0
2 2 1.0
3 3 -0.9598849855071474
Nupdn
1
1 2 10.712950000000001
Ntot
2
1 3 -0.28039403452631273
3 2 36.67410354453811
27 3 3
Id
3
1 1 1.0
2 2 1.0
3 3 -0.9604400836043574
Nupdn
1
1 2 10.712950000000001
Ntot
2
1 3 0.2784867066954092
3 2 -36.9466346014961
28 3 3
Id
3
1 1 1.0
2 2 1.0
3 3 -0.9609454412454361
Nupdn
1
1 2 10.712950000000001
Ntot
2
1 3 -0.27673788853283815
3 2 37.199678437124156
29 3 3
Id
3
1 1 1.0
2 2 1.0
3 3 -0.961406464510294
Nupdn
1
1 2 10.712950000000001
Ntot
2
1 3 0.2751319865043279
3 2 -37.43475818582633
30 3 3
Id
3
1 1 1.0
2 2 1.0
3 3 -0.9618278340544777
Nupdn
1
1 2 10.712950000000001
Ntot
2
1 3 -0.2736552898046596
3 2 37.65325896747374
31 3 3
Id
3
1 1 1.0
2 2 1.0
3 3 -0.9622136227007754
Nupdn
1
1 2 10.712950000000001
Ntot
2
1 3 0.27229569274788357
3 2 -37.856443211742246
32 3 3
Id
3
1 1 1.0
2 2 1.0
3 3 -0.9625673908092269
Nupdn
1
1 2 10.712950000000001
Ntot
2
1 3 -0.2710424655855915
3 2 38.04546386150454
33 3 3
Id
3
1 1 1.0
2 2 1.0
3 3 -0.9628922641789115
Nupdn
1
1 2 10.712950000000001
Ntot
2
1 3 0.2698860640796587
3 2 -38.221375811723256
34 3 3
Id
3
1 1 1.0
2 2 1.0
3 3 -0.9631909981073394
Nupdn
1
1 2 10.712950000000001
Ntot
2
1 3 -0.26881797031632243
3 2 38.38514587038929
35 3 3
Id
3
1 1 1.0
2 2 1.0
3 3 -0.9634660303980074
Nupdn
1
1 2 10.712950000000001
Ntot
2
1 3 0.26783055887838014
3 2 -38.53766147364566
36 3 3
Id
3
1 1 1.0
2 2 1.0
3 3 -0.9637195254817479
Nupdn
1
1 2 10.712950000000001
Ntot
2
1 3 -0.26691698373320955
3 2 38.67973834452239
37 3 3
Id
3
1 1 1.0
2 2 1.0
3 3 -0.9639534113457626
Nupdn
1
1 2 10.712950000000001
Ntot
2
1 3 0.26607108214698316
3 2 -38.8121272509121
38 3 3
Id
3
1 1 1.0
2 2 1.0
3 3 -0.964169410604979
Nupdn
1
1 2 10.712950000000001
Ntot
2
1 3 -0.26528729267276946
3 2 38.93551999145882
39 3 3
Id
3
1 1 1.0
2 2 1.0
3 3 -0.9643690667746132
Nupdn
1
1 2 10.712950000000001
Ntot
2
1 3 0.26456058483504585
3 2 -39.05055471639754
40 3 3
Id
3
1 1 1.0
2 2 1.0
3 3 -0.9645537665895467
Nupdn
1
1 2 10.712950000000001
Ntot
2
1 3 -0.2638863985845393
3 2 39.157820672879886
41 3 3
Id
3
1 1 1.0
2 2 1.0
3 3 -0.9647247590499508
Nupdn
1
1 2 10.712950000000001
Ntot
2
1 3 0.2632605919540836
3 2 -39.257862450095665
42 3 3
Id
3
1 1 1.0
2 2 1.0
3 3 -0.9648831717422917
Nupdn
1
1 2 10.712950000000001
Ntot
2
1 3 -0.2626793956299866
3 2 39.35118378784855
43 3 3
Id
3
1 1 1.0
2 2 1.0
3 3 -0.9650300248819708
Nupdn
1
1 2 10.712950000000001
Ntot
2
1 3 0.2621393733804653
3 2 -39.43825100266201
44 3 3
Id
3
1 1 1.0
2 2 1.0
3 3 -0.9651662434421606
Nupdn
1
1 2 10.712950000000001
Ntot
2
1 3 -0.26163738746545456
3 2 39.51949607755858
45 3 3
Id
3
1 1 1.0
2 2 1.0
3 3 -0.9652926676681539
Nupdn
1
1 2 10.712950000000001
Ntot
2
1 3 0.2611705682999117
3 2 -39.59531945506381
46 3 3
Id
3
1 1 1.0
2 2 1.0
3 3 -0.9654100622241262
Nupdn
1
1 2 10.712950000000001
Ntot
2
1 3 -0.2607362877629595
3 2 39.66609256746968
47 3 3
Id
3
1 1 1.0
2 2 1.0
3 3 -0.9655191241769046
Nupdn
1
1 2 10.712950000000001
Ntot
2
1 3 0.2603321356434188
3 2 -39.73216013377124
48 3 3
Id
3
1 1 1.0
2 2 1.0
3 3 -0.9656204899870138
Nupdn
1
1 2 10.712950000000001
Ntot
2
1 3 -0.2599558987929291
3 2 39.793842248782866
49 3 3
Id
3
1 1 1.0
2 2 1.0
3 3 -0.9657147416492806
Nupdn
1
1 2 10.712950000000001
Ntot
2
1 3 0.2596055426243113
3 2 -39.85143628664124
50 3 3
Id
3
1 1 1.0
2 2 1.0
3 3 -0.9658024121023607
Nupdn
1
1 2 10.712950000000001
Ntot
2
1 3 -0.2592791946478957
3 2 39.905218638089266
51 3 3
Id
3
1 1 1.0
2 2 1.0
3 3 -0.965883990007713
Nupdn
1
1 2 10.712950000000001
Ntot
2
1 3 0.25897512978427095
3 2 -39.95544629854101
52 3 3
Id
3
1 1 1.0
2 2 1.0
3 3 -0.9659599239829726
Nupdn
1
1 2 10.712950000000001
Ntot
2
1 3 -0.2586917572301243
3 2 40.00235832186901
53 3 3
Id
3
1 1 1.0
2 2 1.0
3 3 -0.9660306263617813
Nupdn
1
1 2 10.712950000000001
Ntot
2
1 3 0.25842760868580555
3 2 -40.04617715309484
54 3 3
Id
3
1 1 1.0
2 2 1.0
3 3 -0.966096476541382
Nupdn
1
1 2 10.712950000000001
Ntot
2
1 3 -0.25818132778016034
3 2 40.08710985163393
55 3 3
Id
3
1 1 1.0
2 2 1.0
3 3 -0.9661578239703219
Nupdn
1
1 2 10.712950000000001
Ntot
2
1 3 0.2579516605508336
3 2 -40.12534921543235
56 3 3
Id
3
1 1 1.0
2 2 1.0
3 3 -0.9662149908210902
Nupdn
1
1 2 10.712950000000001
Ntot
2
1 3 -0.25773744685745625
3 2 40.16107481518394
57 3 3
Id
3
1 1 1.0
2 2 1.0
3 3 -0.9662682743861872
Nupdn
1
1 2 10.712950000000001
Ntot
2
1 3 0.2575376126214181
3 2 -40.194453946819785
58 3 3
Id
3
1 1 1.0
2 2 1.0
3 3 -0.9663179492307896
Nupdn
1
1 2 10.712950000000001
Ntot
2
1 3 -0.2573511627997857
3 2 40.22564250959197
59 3 3
Id
3
1 1 1.0
2 2 1.0
3 3 -0.9663642691306598
Nupdn
1
1 2 10.712950000000001
Ntot
2
1 3 0.25717717501280296
3 2 -40.254785816307134
60 3 3
Id
3
1 1 1.0
2 2 1.0
3 3 -0.9664074688201225
Nupdn
1
1 2 10.712950000000001
Ntot
2
1 3 -0.25701479375453085
3 2 40.28201934159682
61 3 3
Id
3
1 1 1.0
2 2 1.0
3 3 -0.9664477655716455
Nupdn
1
1 2 10.712950000000001
Ntot
2
1 3 0.2568632251249173
3 2 -40.30746941352023
62 3 3
Id
3
1 1 1.0
2 2 1.0
3 3 -0.9664853606258037
Nupdn
1
1 2 10.712950000000001
Ntot
2
1 3 -0.2567217320290789
3 2 40.331253853271036
63 3 3
Id
3
1 1 1.0
2 2 1.0
3 3 -0.9665204404880006
Nupdn
1
1 2 10.712950000000001
Ntot
2
1 3 0.256589629796065
3 2 -40.35348256730182
64 3 3
Id
3
1 1 1.0
2 2 1.0
3 3 -0.9665531781062775
Nupdn
1
1 2 10.712950000000001
Ntot
2
1 3 -0.25646628217497697
3 2 40.37425809576436
65 3 3
Id
3
1 1 1.0
2 2 1.0
3 3 -0.9665837339427878
Nupdn
1
1 2 10.712950000000001
Ntot
2
1 3 0.2563510976711786
3 2 -40.393676120804834
66 3 3
Id
3
1 1 1.0
2 2 1.0
3 3 -0.9666122569499809
Nupdn
1
1 2 10.712950000000001
Ntot
2
1 3 -0.2562435261895697
3 2 40.411825937922195
67 3 3
Id
3
1 1 1.0
2 2 1.0
3 3 -0.9666388854612342
Nupdn
1
1 2 10.712950000000001
Ntot
2
1 3 0.2561430559555788
3 2 -40.42879089331174
68 3 3
Id
3
1 1 1.0
2 2 1.0
3 3 -0.9666637480045366
Nupdn
1
1 2 10.712950000000001
Ntot
2
1 3 -0.2560492106877544
3 2 40.44464878985265
69 3 3
Id
3
1 1 1.0
2 2 1.0
3 3 -0.9666869640468181
Nupdn
1
1 2 10.712950000000001
Ntot
2
1 3 0.2559615469986574
3 2 -40.45947226416668
70 3 3
Id
3
1 1 1.0
2 2 1.0
3 3 -0.9667086446756878
Nupdn
1
1 2 10.712950000000001
Ntot
2
1 3 -0.25587965200323126
3 2 40.47332913696333
71 3 3
Id
3
1 1 1.0
2 2 1.0
3 3 -0.9667288932245617
Nupdn
1
1 2 10.712950000000001
Ntot
2
1 3 0.25580314111600366
3 2 -40.48628273869987
72 3 3
Id
3
1 1 1.0
2 2 1.0
3 3 -0.9667478058465238
Nupdn
1
1 2 10.712950000000001
Ntot
2
1 3 -0.25573165602039155
3 2 40.49839221241227
73 3 3
Id
3
1 1 1.0
2 2 1.0
3 3 -0.9667654720416803
Nupdn
1
1 2 10.712950000000001
Ntot
2
1 3 0.2556648627950803
3 2 -40.509712795419
74 3 3
Id
3
1 1 1.0
2 2 1.0
3 3 -0.9667819751422586
Nupdn
1
1 2 10.712950000000001
Ntot
2
1 3 -0.2556024501839384
3 2 40.52029608146177
75 3 3
Id
3
1 1 1.0
2 2 1.0
3 3 -0.9667973927592677
Nupdn
1
1 2 10.712950000000001
Ntot
2
1 3 0.25554412799726434
3 2 -40.53019026471733
76 3 3
Id
3
1 1 1.0
2 2 1.0
3 3 -0.9668117971941259
Nupdn
1
1 2 10.712950000000001
Ntot
2
1 3 -0.25548962563334077
3 2 40.53944036700331
77 3 3
Id
3
1 1 1.0
2 2 1.0
3 3 -0.9668252558183401
Nupdn
1
1 2 10.712950000000001
Ntot
2
1 3 0.2554386907103185
3 2 -40.548088449392836
78 3 3
Id
3
1 1 1.0
2 2 1.0
3 3 -0.9668378314239896
Nupdn
1
1 2 10.712950000000001
Ntot
2
1 3 -0.2553910877993932
3 2 40.5561738093597
79 3 3
Id
3
1 1 1.0
2 2 1.0
3 3 -0.966849582547513
Nupdn
1
1 2 10.712950000000001
Ntot
2
1 3 0.25534659725106856
3 2 -40.563733164488234
80 3 3
Id
3
1 1 1.0
2 2 1.0
3 3 -0.9668605637690453
Nupdn
1
1 2 10.712950000000001
Ntot
2
1 3 -0.25530501410705597
3 2 40.570800823701205
81 3 3
Id
3
1 1 1.0
2 2 1.0
3 3 -0.966870825989339
Nupdn
1
1 2 10.712950000000001
Ntot
2
1 3 0.2552661470910174
3 2 -40.577408846889696
82 3 3
Id
3
1 1 1.0
2 2 1.0
3 3 -0.9668804166861225
Nupdn
1
1 2 10.712950000000001
Ntot
2
1 3 -0.2552298176719762
3 2 40.583587193757985
83 3 3
Id
3
1 1 1.0
2 2 1.0
3 3 -0.9668893801515526
Nupdn
1
1 2 10.712950000000001
Ntot
2
1 3 0.25519585919474935
3 2 -40.58936386263946
84 3 3
Id
3
1 1 1.0
2 2 1.0
3 3 -0.9668977577122977
Nupdn
1
1 2 10.712950000000001
Ntot
2
1 3 -0.25516411607224665
3 2 40.59476501998084
85 3 3
Id
3
1 1 1.0
2 2 1.0
3 3 -0.9669055879336208
Nupdn
1
1 2 10.712950000000001
Ntot
2
1 3 0.2551344430349217
3 2 -40.59981512114251
86 3 3
Id
3
1 1 1.0
2 2 1.0
3 3 -0.9669129068087285
Nupdn
1
1 2 10.712950000000001
Ntot
2
1 3 -0.25510670443305733
3 2 40.60453702311364
87 3 3
Id
3
1 1 1.0
2 2 1.0
3 3 -0.9669197479345355
Nupdn
1
1 2 10.712950000000001
Ntot
2
1 3 0.2550807735879239
3 2 -40.608952089698725
88 3 3
Id
3
1 1 1.0
2 2 1.0
3 3 -0.9669261426748883
Nupdn
1
1 2 10.712950000000001
Ntot
2
1 3 -0.25505653218818297
3 2 40.61308028969149
89 3 3
Id
3
1 1 1.0
2 2 1.0
3 3 -0.9669321203122092
Nupdn
1
1 2 10.712950000000001
Ntot
2
1 3 0.255033869728191
3 2 -40.61694028851436
90 3 3
Id
3
1 1 1.0
2 2 1.0
3 3 -0.9669377081884443
Nupdn
1
1 2 10.712950000000001
Ntot
2
1 3 -0.25501268298514
3 2 40.62054953376968
91 3 3
Id
3
1 1 1.0
2 2 1.0
3 3 -0.9669429318361125
Nupdn
1
1 2 10.712950000000001
Ntot
2
1 3 0.25499287553220584
3 2 -40.62392433511489
92 3 3
Id
3
1 1 1.0
2 2 1.0
3 3 -0.9669478151001987
Nupdn
1
1 2 10.712950000000001
Ntot
2
1 3 -0.25497435728510504
3 2 40.627079938845355
93 3 3
Id
3
1 1 1.0
2 2 1.0
3 3 -0.9669523802515625
Nupdn
1
1 2 10.712950000000001
Ntot
2
1 3 0.2549570440796601
3 2 -40.63003059754407
94 3 3
Id
3
1 1 1.0
2 2 1.0
3 3 -0.9669566480924983
Nupdn
1
1 2 10.712950000000001
Ntot
2
1 3 -0.2549408572781551
3 2 40.63278963512829
95 3 3
Id
3
1 1 1.0
2 2 1.0
3 3 -0.9669606380550038
Nupdn
1
1 2 10.712950000000001
Ntot
2
1 3 0.2549257234024442
3 2 -40.63536950760322
96 3 3
Id
3
1 1 1.0
2 2 1.0
3 3 -0.9669643682923001
Nupdn
1
1 2 10.712950000000001
Ntot
2
1 3 -0.25491157379191826
3 2 40.63778185981074
97 3 3
Id
3
1 1 1.0
2 2 1.0
3 3 -0.9669678557640775
Nupdn
1
1 2 10.712950000000001
Ntot
2
1 3 0.25489834428458436
3 2 -40.640037578440534
98 3 3
Id
3
1 1 1.0
2 2 1.0
3 3 -0.9669711163159236
Nupdn
1
1 2 10.712950000000001
Ntot
2
1 3 -0.25488597491964315
3 2 40.642146841553526
99 3 3
Id
3
1 1 1.0
2 2 1.0
3 3 -0.9669741647533476
Nupdn
1
1 2 10.712950000000001
Ntot
2
1 3 0.2548744096600623
3 2 -40.64411916485006
100 3 3
Id
3
1 1 1.0
2 2 1.0
3 3 -0.9669770149107808
Nupdn
1
1 2 10.712950000000001
Ntot
2
1 3 -0.25486359613376697
3 2 40.64596344489839
101 3 3
Id
3
1 1 1.0
2 2 1.0
3 3 -0.9669796797159032
Nupdn
1
1 2 10.712950000000001
Ntot
2
1 3 0.2548534853921558
3 2 -40.64768799952753
102 3 3
Id
3
1 1 1.0
2 2 1.0
3 3 -0.9669821712496369
Nupdn
1
1 2 10.712950000000001
Ntot
2
1 3 -0.2548440316847505
3 2 40.649300605569934
103 3 3
Id
3
1 1 1.0
2 2 1.0
3 3 -0.9669845008020952
Nupdn
1
1 2 10.712950000000001
Ntot
2
1 3 0.25483519224887874
3 2 -40.650808534131606
104 3 3
Id
3
1 1 1.0
2 2 1.0
3 3 -0.9669866789247734
Nupdn
1
1 2 10.712950000000001
Ntot
2
1 3 -0.2548269271133586
3 2 40.652218583552106
105 3 3
Id
3
1 1 1.0
2 2 1.0
3 3 -0.9669887154792465
Nupdn
1
1 2 10.712950000000001
Ntot
2
1 3 0.2548191989152262
3 2 -40.65353711020705
106 3 3
Id
3
1 1 1.0
2 2 1.0
3 3 -0.966990619682601
Nupdn
1
1 2 10.712950000000001
Ntot
2
1 3 -0.254811972728636
3 2 40.65477005729618
107 3 3
Id
3
1 1 1.0
2 2 1.0
3 3 -0.9669924001498458
Nupdn
1
1 2 10.712950000000001
Ntot
2
1 3 0.25480521590509053
3 2 -40.65592298174901
108 3 3
Id
3
1 1 1.0
2 2 1.0
3 3 -0.966994064933486
Nupdn
1
1 2 10.712950000000001
Ntot
2
1 3 -0.2547988979242519
3 2 40.65700107937231
109 3 3
Id
3
1 1 1.0
2 2 1.0
3 3 -0.9669956215604676
Nupdn
1
1 2 10.712950000000001
Ntot
2
1 3 0.2547929902546093
3 2 -40.658009208355026
110 3 3
Id
3
1 1 1.0
2 2 1.0
3 3 -0.9669970770666723
Nupdn
1
1 2 10.712950000000001
Ntot
2
1 3 -0.2547874662233445
3 2 40.658951911239015
111 3 3
Id
3
1 1 1.0
2 2 1.0
3 3 -0.9669984380291212
Nupdn
1
1 2 10.712950000000001
Ntot
2
1 3 0.2547823008947845
3 2 -40.65983343545555
112 3 3
Id
3
1 1 1.0
2 2 1.0
3 3 -0.9669997105960417
Nupdn
1
1 2 10.712950000000001
Ntot
2
1 3 -0.254777470956856
3 2 40.6606577525221
113 3 3
Id
3
1 1 1.0
2 2 1.0
3 3 -0.967000900514956
Nupdn
1
1 2 10.712950000000001
Ntot
2
1 3 0.25477295461501337
3 2 -40.661428575987564
114 3 3
Id
3
1 1 1.0
2 2 1.0
3 3 -0.9670020131589043
Nupdn
1
1 2 10.712950000000001
Ntot
2
1 3 -0.25476873149314444
3 2 40.66214937820749
115 3 3
Id
3
1 1 1.0
2 2 1.0
3 3 -0.9670030535509422
Nupdn
1
1 2 10.712950000000001
Ntot
2
1 3 0.25476478254098317
3 2 -40.66282340602579
116 3 3
Id
3
1 1 1.0
2 2 1.0
3 3 -0.9670040263870214
Nupdn
1
1 2 10.712950000000001
Ntot
2
1 3 -0.2547610899475984
3 2 40.66345369543544
117 3 3
Id
3
1 1 1.0
2 2 1.0
3 3 -0.96700493605737
Nupdn
1
1 2 10.712950000000001
Ntot
2
1 3 0.2547576370605636
3 2 -40.66404308528362
118 3 3
Id
3
1 1 1.0
2 2 1.0
3 3 -0.9670057866664548
Nupdn
1
1 2 10.712950000000001
Ntot
2
1 3 -0.25475440831041746
3 2 40.66459423008449
119 3 3
Id
3
1 1 1.0
2 2 1.0
3 3 -0.9670065820516427
Nupdn
1
1 2 10.712950000000001
Ntot
2
1 3 0.25475138914007794
3 2 -40.66510961199853
120 3 3
Id
3
1 1 1.0
2 2 1.0
3 3 -0.9670073258006311
Nupdn
1
1 2 10.712950000000001
Ntot
2
1 3 -0.2547485659388724
3 2 40.66559155203118
121 3 3
Id
3
1 1 1.0
2 2 1.0
3 3 -0.9670080212677341
Nupdn
1
1 2 10.712950000000001
Ntot
2
1 3 0.25474592598089
3 2 -40.666042220503684
122 3 3
Id
3
1 1 1.0
2 2 1.0
3 3 -0.9670086715891051
Nupdn
1
1 2 10.712950000000001
Ntot
2
1 3 -0.25474345736735804
3 2 40.666463646842
123 3 3
Id
3
1 1 1.0
2 2 1.0
3 3 -0.9670092796969545
Nupdn
1
1 2 10.712950000000001
Ntot
2
1 3 0.2547411489727903
3 2 -40.66685772872923
124 3 3
Id
3
1 1 1.0
2 2 1.0
3 3 -0.9670098483328464
Nupdn
1
1 2 10.712950000000001
Ntot
2
1 3 -0.2547389903946503
3 2 40.66722624066321
125 3 3
Id
3
1 1 1.0
2 2 1.0
3 3 -0.9670103800601155
Nupdn
1
1 2 10.712950000000001
Ntot
2
1 3 0.2547369719063007
3 2 -40.66757084195666
126 3 3
Id
3
1 1 1.0
2 2 1.0
3 3 -0.9670108772754771
Nupdn
1
1 2 10.712950000000001
Ntot
2
1 3 -0.25473508441302756
3 2 40.66789308421829
127 3 3
Id
3
1 1 1.0
2 2 1.0
3 3 -0.9670113422198778
Nupdn
1
1 2 10.712950000000001
Ntot
2
1 3 0.2547333194109284
3 2 -40.668194418346644
128 3 3
Id
3
1 1 1.0
2 2 1.0
3 3 -0.9670117769886357
Nupdn
1
1 2 10.712950000000001
Ntot
2
1 3 -0.2547316689484862
3 2 40.668476201070135
129 3 3
Id
3
1 1 1.0
2 2 1.0
3 3 -0.9670121835409178
Nupdn
1
1 2 10.712950000000001
Ntot
2
1 3 0.25473012559064606
3 2 -40.66873970106145
130 3 3
Id
3
1 1 1.0
2 2 1.0
3 3 -0.9670125637086018
Nupdn
1
1 2 10.712950000000001
Ntot
2
1 3 -0.2547286823852332
3 2 40.66898610465477
131 3 3
Id
3
1 1 1.0
2 2 1.0
3 3 -0.9670129192045571
Nupdn
1
1 2 10.712950000000001
Ntot
2
1 3 0.25472733283156096
3 2 -40.66921652119188
132 3 3
Id
3
1 1 1.0
2 2 1.0
3 3 -0.9670132516303842
Nupdn
1
1 2 10.712950000000001
Ntot
2
1 3 -0.25472607085108273
3 2 40.669431988020236
133 3 3
Id
3
1 1 1.0
2 2 1.0
3 3 -0.9670135624836549
Nupdn
1
1 2 10.712950000000001
Ntot
2
1 3 0.25472489075995386
3 2 -40.66963347516696
134 3 3
Id
3
1 1 1.0
2 2 1.0
3 3 -0.9670138531646737
Nupdn
1
1 2 10.712950000000001
Ntot
2
1 3 -0.25472378724338113
3 2 40.66982188970919
135 3 3
Id
3
1 1 1.0
2 2 1.0
3 3 -0.967014124982803
Nupdn
1
1 2 10.712950000000001
Ntot
2
1 3 0.2547227553316422
3 2 -40.669998079859944
136 3 3
Id
3
1 1 1.0
2 2 1.0
3 3 -0.9670143791623769
Nupdn
1
1 2 10.712950000000001
Ntot
2
1 3 -0.2547217903776656
3 2 40.67016283878921
137 3 3
Id
3
1 1 1.0
2 2 1.0
3 3 -0.9670146168482237
Nupdn
1
1 2 10.712950000000001
Ntot
2
1 3 0.25472088803606685
3 2 -40.67031690819687
138 3 3
Id
3
1 1 1.0
2 2 1.0
3 3 -0.9670148391108389
Nupdn
1
1 2 10.712950000000001
Ntot
2
1 3 -0.2547200442435536
3 2 40.67046098165333
139 3 3
Id
3
1 1 1.0
2 2 1.0
3 3 -0.9670150469512107
Nupdn
1
1 2 10.712950000000001
Ntot
2
1 3 0.2547192552005992
3 2 -40.67059570772329
140 3 3
Id
3
1 1 1.0
2 2 1.0
3 3 -0.9670152413053374
Nupdn
1
1 2 10.712950000000001
Ntot
2
1 3 -0.2547185173543139
3 2 40.67072169288666
141 3 3
Id
3
1 1 1.0
2 2 1.0
3 3 -0.9670154230484529
Nupdn
1
1 2 10.712950000000001
Ntot
2
1 3 0.25471782738242305
3 2 -40.670839504270184
142 3 3
Id
3
1 1 1.0
2 2 1.0
3 3 -0.9670155929989699
Nupdn
1
1 2 10.712950000000001
Ntot
2
1 3 -0.2547171821782942
3 2 40.670949672201196
143 3 3
Id
3
1 1 1.0
2 2 1.0
3 3 -0.9670157519221745
Nupdn
1
1 2 10.712950000000001
Ntot
2
1 3 0.25471657883693305
3 2 -40.67105269259584
144 3 3
Id
3
1 1 1.0
2 2 1.0
3 3 -0.9670159005336745
Nupdn
1
1 2 10.712950000000001
Ntot
2
1 3 -0.2547160146418887
3 2 40.67114902919243
145 3 3
Id
3
1 1 1.0
2 2 1.0
3 3 -0.9670160395026266
Nupdn
1
1 2 10.712950000000001
Ntot
2
1 3 0.25471548705301406
3 2 -40.67123911563936
146 3 3
Id
3
1 1 1.0
2 2 1.0
3 3 -0.9670161694547548
Nupdn
1
1 2 10.712950000000001
Ntot
2
1 3 -0.2547149936950171
3 2 40.671323357447825
147 3 3
Id
3
1 1 1.0
2 2 1.0
3 3 -0.9670162909751687
Nupdn
1
1 2 10.712950000000001
Ntot
2
1 3 0.2547145323467591
3 2 -40.671402133818034
148 3 3
Id
3
1 1 1.0
2 2 1.0
3 3 -0.9670164046110006
Nupdn
1
1 2 10.712950000000001
Ntot
2
1 3 -0.25471410093124747
3 2 40.67147579934609
149 3 3
Id
3
1 1 1.0
2 2 1.0
3 3 -0.9670165108738735
Nupdn
1
1 2 10.712950000000001
Ntot
2
1 3 0.25471369750627776
3 2 -40.67154468562077
150 3 3
Id
3
1 1 1.0
2 2 1.0
3 3 -0.9670166102422055
Nupdn
1
1 2 10.712950000000001
Ntot
2
1 3 -0.25471332025568316
3 2 40.67160910271675
151 3 3
Id
3
1 1 1.0
2 2 1.0
3 3 -0.9670167031633652
Nupdn
1
1 2 10.712950000000001
Ntot
2
1 3 0.2547129674811544
3 2 -40.67166934059004
152 3 3
Id
3
1 1 1.0
2 2 1.0
3 3 -0.9670167900556885
Nupdn
1
1 2 10.712950000000001
Ntot
2
1 3 -0.2547126375945896
3 2 40.67172567038401
153 3 3
Id
3
1 1 1.0
2 2 1.0
3 3 -0.9670168713103615
Nupdn
1
1 2 10.712950000000001
Ntot
2
1 3 0.2547123291109401
3 2 -40.67177834564974
154 3 3
Id
3
1 1 1.0
2 2 1.0
3 3 -0.9670169472931855
Nupdn
1
1 2 10.712950000000001
Ntot
2
1 3 -0.2547120406415223
3 2 40.671827603487586
155 3 3
Id
3
1 1 1.0
2 2 1.0
3 3 -0.9670170183462226
Nupdn
1
1 2 10.712950000000001
Ntot
2
1 3 0.2547117708877643
3 2 -40.67187366561486
156 3 3
Id
3
1 1 1.0
2 2 1.0
3 3 -0.9670170847893387
Nupdn
1
1 2 10.712950000000001
Ntot
2
1 3 -0.2547115186353546
3 2 40.671916739363475
157 3 3
Id
3
1 1 1.0
2 2 1.0
3 3 -0.9670171469216424
Nupdn
1
1 2 10.712950000000001
Ntot
2
1 3 0.25471128274877625
3 2 -40.671957018613746
158 3 3
Id
3
1 1 1.0
2 2 1.0
3 3 -0.9670172050228314
Nupdn
1
1 2 10.712950000000001
Ntot
2
1 3 -0.2547110621661947
3 2 40.67199468466702
159 3 3
Id
3
1 1 1.0
2 2 1.0
3 3 -0.9670172593544568
Nupdn
1
1 2 10.712950000000001
Ntot
2
1 3 0.25471085589466974
3 2 -40.67202990706188
160 3 3
Id
3
1 1 1.0
2 2 1.0
3 3 -0.9670173101610962
Nupdn
1
1 2 10.712950000000001
Ntot
2
1 3 -0.2547106630056912
3 2 40.67206284433732
161 3 3
Id
3
1 1 1.0
2 2 1.0
3 3 -0.9670173576714562
Nupdn
1
1 2 10.712950000000001
Ntot
2
1 3 0.2547104826309957
3 2 -40.672093644746546
162 3 3
Id
3
1 1 1.0
2 2 1.0
3 3 -0.9670174020994056
Nupdn
1
1 2 10.712950000000001
Ntot
2
1 3 -0.25471031395865384
3 2 40.67212244692402
163 3 3
Id
3
1 1 1.0
2 2 1.0
3 3 -0.9670174436449344
Nupdn
1
1 2 10.712950000000001
Ntot
2
1 3 0.25471015622942045
3 2 -40.67214938050988
164 3 3
Id
3
1 1 1.0
2 2 1.0
3 3 -0.9670174824950568
Nupdn
1
1 2 10.712950000000001
Ntot
2
1 3 -0.2547100087333105
3 2 40.672174566733524
165 3 3
Id
3
1 1 1.0
2 2 1.0
3 3 -0.967017518824651
Nupdn
1
1 2 10.712950000000001
Ntot
2
1 3 0.25470987080640567
3 2 -40.672198118958896
166 3 3
Id
3
1 1 1.0
2 2 1.0
3 3 -0.9670175527972504
Nupdn
1
1 2 10.712950000000001
Ntot
2
1 3 -0.2547097418278634
3 2 40.6722201431953
167 3 3
Id
3
1 1 1.0
2 2 1.0
3 3 -0.9670175845657769
Nupdn
1
1 2 10.712950000000001
Ntot
2
1 3 0.2547096212171241
3 2 -40.67224073857425
168 3 3
Id
3
1 1 1.0
2 2 1.0
3 3 -0.9670176142732294
Nupdn
1
1 2 10.712950000000001
Ntot
2
1 3 -0.25470950843129525
3 2 40.672259997795784
169 3 3
Id
3
1 1 1.0
2 2 1.0
3 3 -0.9670176420533292
Nupdn
1
1 2 10.712950000000001
Ntot
2
1 3 0.254709402962707
3 2 -40.67227800754576
170 3 3
Id
3
1 1 1.0
2 2 1.0
3 3 -0.9670176680311224
Nupdn
1
1 2 10.712950000000001
Ntot
2
1 3 -0.2547093043366289
3 2 40.672294848886075
171 3 3
Id
3
1 1 1.0
2 2 1.0
3 3 -0.9670176923235407
Nupdn
1
1 2 10.712950000000001
Ntot
2
1 3 0.25470921210912995
3 2 -40.67231059761951
172 3 3
Id
3
1 1 1.0
2 2 1.0
3 3 -0.9670177150399293
Nupdn
1
1 2 10.712950000000001
Ntot
2
1 3 -0.25470912586508293
3 2 40.672325324630926
173 3 3
Id
3
1 1 1.0
2 2 1.0
3 3 -0.9670177362825378
Nupdn
1
1 2 10.712950000000001
Ntot
2
1 3 0.2547090452162931
3 2 -40.67233909620637
174 3 3
Id
3
1 1 1.0
2 2 1.0
3 3 -0.9670177561469848
Nupdn
1
1 2 10.712950000000001
Ntot
2
1 3 -0.25470896979975155
3 2 40.67235197433146
175 3 3
Id
3
1 1 1.0
2 2 1.0
3 3 -0.9670177747226816
Nupdn
1
1 2 10.712950000000001
Ntot
2
1 3 0.25470889927600204
3 2 -40.67236401697023
176 3 3
Id
3
1 1 1.0
2 2 1.0
3 3 -0.967017792093241
Nupdn
1
1 2 10.712950000000001
Ntot
2
1 3 -0.2547088333276125
3 2 40.67237527832626
177 3 3
Id
3
1 1 1.0
2 2 1.0
3 3 -0.9670178083368495
Nupdn
1
1 2 10.712950000000001
Ntot
2
1 3 0.2547087716577433
3 2 -40.67238580908652
178 3 3
Id
3
1 1 1.0
2 2 1.0
3 3 -0.9670178235266209
Nupdn
1
1 2 10.712950000000001
Ntot
2
1 3 -0.25470871398881584
3 2 40.67239565664964
179 3 3
Id
3
1 1 1.0
2 2 1.0
3 3 -0.9670178377309273
Nupdn
1
1 2 10.712950000000001
Ntot
2
1 3 0.25470866006125925
3 2 -40.672404865339
180 3 3
Id
3
1 1 1.0
2 2 1.0
3 3 -0.967017851013702
Nupdn
1
1 2 10.712950000000001
Ntot
2
1 3 -0.25470860963234354
3 2 40.67241347660265
181 3 3
Id
3
1 1 1.0
2 2 1.0
3 3 -0.9670178634347326
Nupdn
1
1 2 10.712950000000001
Ntot
2
1 3 0.2547085624750863
3 2 -40.67242152919935
182 3 3
Id
3
1 1 1.0
2 2 1.0
3 3 -0.9670178750499265
Nupdn
1
1 2 10.712950000000001
Ntot
2
1 3 -0.2547085183772324
3 2 40.6724290593735
183 3 3
Id
3
1 1 1.0
2 2 1.0
3 3 -0.9670178859115643
Nupdn
1
1 2 10.712950000000001
Ntot
2
1 3 0.2547084771402957
3 2 -40.67243610101801
184 3 3
Id
3
1 1 1.0
2 2 1.0
3 3 -0.9670178960685349
Nupdn
1
1 2 10.712950000000001
Ntot
2
1 3 -0.25470843857866976
3 2 40.672442685826994
185 3 3
Id
3
1 1 1.0
2 2 1.0
3 3 -0.9670179055665553
Nupdn
1
1 2 10.712950000000001
Ntot
2
1 3 0.2547084025187872
3 2 -40.67244884343821
186 3 3
Id
3
1 1 1.0
2 2 1.0
3 3 -0.9670179144483764
Nupdn
1
1 2 10.712950000000001
Ntot
2
1 3 -0.25470836879834335
3 2 40.67245460156678
187 3 3
Id
3
1 1 1.0
2 2 1.0
3 3 -0.9670179227539748
Nupdn
1
1 2 10.712950000000001
Ntot
2
1 3 0.25470833726556263
3 2 -40.67245998612958
188 3 3
Id
3
1 1 1.0
2 2 1.0
3 3 -0.9670179305207345
Nupdn
1
1 2 10.712950000000001
Ntot
2
1 3 -0.25470830777851683
3 2 40.672465021362335
189 3 3
Id
3
1 1 1.0
2 2 1.0
3 3 -0.9670179377836141
Nupdn
1
1 2 10.712950000000001
Ntot
2
1 3 0.2547082802044846
3 2 -40.67246972992824
190 3 3
Id
3
1 1 1.0
2 2 1.0
3 3 -0.9670179445753033
Nupdn
1
1 2 10.712950000000001
Ntot
2
1 3 -0.254708254419356
3 2 40.67247413302023
191 3 3
Id
3
1 1 1.0
2 2 1.0
3 3 -0.9670179509263714
Nupdn
1
1 2 10.712950000000001
Ntot
2
1 3 0.25470823030707385
3 2 -40.67247825045632
192 3 3
Id
3
1 1 1.0
2 2 1.0
3 3 -0.9670179568654054
Nupdn
1
1 2 10.712950000000001
Ntot
2
1 3 -0.2547082077591089
3 2 40.67248210076881
193 3 3
Id
3
1 1 1.0
2 2 1.0
3 3 -0.9670179624191355
Nupdn
1
1 2 10.712950000000001
Ntot
2
1 3 0.254708186673973
3 2 -40.672485701287656
194 3 3
Id
3
1 1 1.0
2 2 1.0
3 3 -0.9670179676125599
Nupdn
1
1 2 10.712950000000001
Ntot
2
1 3 -0.2547081669567634
3 2 40.67248906821864
195 3 3
Id
3
1 1 1.0
2 2 1.0
3 3 -0.9670179724690531
Nupdn
1
1 2 10.712950000000001
Ntot
2
1 3 0.25470814851873413
3 2 -40.67249221671596
196 3 3
Id
3
1 1 1.0
2 2 1.0
3 3 -0.9670179770104748
Nupdn
1
1 2 10.712950000000001
Ntot
2
1 3 -0.2547081312768959
3 2 40.67249516095082
197 3 3
Id
3
1 1 1.0
2 2 1.0
3 3 -0.9670179812572661
Nupdn
1
1 2 10.712950000000001
Ntot
2
1 3 0.25470811515364405
3 2 -40.672497914174954
198 3 3
Id
3
1 1 1.0
2 2 1.0
3 3 -0.967017985228541
Nupdn
1
1 2 10.712950000000001
Ntot
2
1 3 -0.25470810007640915
3 2 40.67250048878051
199 3 3
Id
3
1 1 1.0
2 2 1.0
3 3 -0.967017988942174
Nupdn
1
1 2 10.712950000000001
Ntot
2
1 3 0.2547080859773284
3 2 -40.67250289635551
200 3 3
Id
3
1 1 1.0
2 2 1.0
3 3 -0.9670179924148801
Nupdn
1
1 2 10.712950000000001
Ntot
2
1 3 -0.2547080727929431
3 2 40.672505147736345
201 3 3
Id
3
1 1 1.0
2 2 1.0
3 3 -0.96701799566229
Nupdn
1
1 2 10.712950000000001
Ntot
2
1 3 0.25470806046391187
3 2 -40.6725072530562
202 3 3
Id
3
1 1 1.0
2 2 1.0
3 3 -0.9670179986990197
Nupdn
1
1 2 10.712950000000001
Ntot
2
1 3 -0.2547080489347414
3 2 40.672509221791
203 3 3
Id
3
1 1 1.0
2 2 1.0
3 3 -0.967018001538738
Nupdn
1
1 2 10.712950000000001
Ntot
2
1 3 0.2547080381535404
3 2 -40.67251106280192
204 3 3
Id
3
1 1 1.0
2 2 1.0
3 3 -0.967018004194226
Nupdn
1
1 2 10.712950000000001
Ntot
2
1 3 -0.2547080280717824
3 2 40.6725127843751
205 3 3
Id
3
1 1 1.0
2 2 1.0
3 3 -0.9670180066774359
Nupdn
1
1 2 10.712950000000001
Ntot
2
1 3 0.25470801864409076
3 2 -40.67251439425926
206 3 3
Id
3
1 1 1.0
2 2 1.0
3 3 -0.9670180089995444
Nupdn
1
1 2 10.712950000000001
Ntot
2
1 3 -0.25470800982803216
3 2 40.672515899700315
207 3 3
Id
3
1 1 1.0
2 2 1.0
3 3 -0.9670180111710032
Nupdn
1
1 2 10.712950000000001
Ntot
2
1 3 0.2547080015839266
3 2 -40.67251730747418
208 3 3
Id
3
1 1 1.0
2 2 1.0
3 3 -0.9670180132015864
Nupdn
1
1 2 10.712950000000001
Ntot
2
1 3 -0.25470799387466636
3 2 40.67251862391715
209 3 3
Id
3
1 1 1.0
2 2 1.0
3 3 -0.9670180151004326
Nupdn
1
1 2 10.712950000000001
Ntot
2
1 3 0.2547079866655534
3 2 -40.672519854954366
210 3 3
Id
3
1 1 1.0
2 2 1.0
3 3 -0.9670180168760889
Nupdn
1
1 2 10.712950000000001
Ntot
2
1 3 -0.2547079799241408
3 2 40.67252100612663
211 3 3
Id
3
1 1 1.0
2 2 1.0
3 3 -0.9670180185365471
Nupdn
1
1 2 10.712950000000001
Ntot
2
1 3 0.25470797362008496
3 2 -40.67252208261534
212 3 3
Id
3
1 1 1.0
2 2 1.0
3 3 -0.9670180200892813
Nupdn
1
1 2 10.712950000000001
Ntot
2
1 3 -0.25470796772501214
3 2 40.67252308926561
213 3 3
Id
3
1 1 1.0
2 2 1.0
3 3 -0.9670180215412802
Nupdn
1
1 2 10.712950000000001
Ntot
2
1 3 0.2547079622123894
3 2 -40.67252403060831
214 3 3
Id
3
1 1 1.0
2 2 1.0
3 3 -0.967018022899079
Nupdn
1
1 2 10.712950000000001
Ntot
2
1 3 -0.25470795705740357
3 2 40.67252491088031
215 3 3
Id
3
1 1 1.0
2 2 1.0
3 3 -0.9670180241687887
Nupdn
1
1 2 10.712950000000001
Ntot
2
1 3 0.2547079522368542
3 2 -40.67252573404373
216 3 3
Id
3
1 1 1.0
2 2 1.0
3 3 -0.9670180253561249
Nupdn
1
1 2 10.712950000000001
Ntot
2
1 3 -0.2547079477290435
3 2 40.672526503803454
217 3 3
Id
3
1 1 1.0
2 2 1.0
3 3 -0.967018026466431
Nupdn
1
1 2 10.712950000000001
Ntot
2
1 3 0.2547079435136817
3 2 -40.67252722362418
218 3 3
Id
3
1 1 1.0
2 2 1.0
3 3 -0.9670180275047047
Nupdn
1
1 2 10.712950000000001
Ntot
2
1 3 -0.2547079395717974
3 2 40.672527896745734
219 3 3
Id
3
1 1 1.0
2 2 1.0
3 3 -0.9670180284756191
Nupdn
1
1 2 10.712950000000001
Ntot
2
1 3 0.25470793588564633
3 2 -40.67252852619774
220 3 3
Id
3
1 1 1.0
2 2 1.0
3 3 -0.9670180293835444
Nupdn
1
1 2 10.712950000000001
Ntot
2
1 3 -0.2547079324386393
3 2 40.67252911481335
221 3 3
Id
3
1 1 1.0
2 2 1.0
3 3 -0.967018030232567
Nupdn
1
1 2 10.712950000000001
Ntot
2
1 3 0.25470792921525987
3 2 -40.672529665241875
222 3 3
Id
3
1 1 1.0
2 2 1.0
3 3 -0.9670180310265086
Nupdn
1
1 2 10.712950000000001
Ntot
2
1 3 -0.2547079262010015
3 2 40.67253017996074
223 3 3
Id
3
1 1 1.0
2 2 1.0
3 3 -0.9670180317689416
Nupdn
1
1 2 10.712950000000001
Ntot
2
1 3 0.25470792338229636
3 2 -40.67253066128662
224 3 3
Id
3
1 1 1.0
2 2 1.0
3 3 -0.9670180324632094
Nupdn
1
1 2 10.712950000000001
Ntot
2
1 3 -0.2547079207464579
3 2 40.672531111385965
225 3 3
Id
3
1 1 1.0
2 2 1.0
3 3 -0.9670180331124347
Nupdn
1
1 2 10.712950000000001
Ntot
2
1 3 0.2547079182816229
3 2 -40.672531532284594
226 3 3
Id
3
1 1 1.0
2 2 1.0
3 3 -0.9670180337195413
Nupdn
1
1 2 10.712950000000001
Ntot
2
1 3 -0.2547079159766963
3 2 40.67253192587697
227 3 3
Id
3
1 1 1.0
2 2 1.0
3 3 -0.9670180342872614
Nupdn
1
1 2 10.712950000000001
Ntot
2
1 3 0.25470791382130503
3 2 -40.672532293934566
228 3 3
Id
3
1 1 1.0
2 2 1.0
3 3 -0.9670180348181499
Nupdn
1
1 2 10.712950000000001
Ntot
2
1 3 -0.25470791180574637
3 2 40.672532638114085
229 3 3
Id
3
1 1 1.0
2 2 1.0
3 3 -0.9670180353145963
Nupdn
1
1 2 10.712950000000001
Ntot
2
1 3 0.2547079099209498
3 2 -40.67253295996449
230 3 3
Id
3
1 1 1.0
2 2 1.0
3 3 -0.9670180357788352
Nupdn
1
1 2 10.712950000000001
Ntot
2
1 3 -0.25470790815843114
3 2 40.6725332609346
231 3 3
Id
3
1 1 1.0
2 2 1.0
3 3 -0.9670180362129555
Nupdn
1
1 2 10.712950000000001
Ntot
2
1 3 0.25470790651025826
3 2 -40.67253354237886
232 3 3
Id
3
1 1 1.0
2 2 1.0
3 3 -0.9670180366189127
Nupdn
1
1 2 10.712950000000001
Ntot
2
1 3 -0.25470790496901274
3 2 40.672533805564136
233 3 3
Id
3
1 1 1.0
2 2 1.0
3 3 -0.9670180369985326
Nupdn
1
1 2 10.712950000000001
Ntot
2
1 3 0.2547079035277568
3 2 -40.672534051674965
234 3 3
Id
3
1 1 1.0
2 2 1.0
3 3 -0.967018037353524
Nupdn
1
1 2 10.712950000000001
Ntot
2
1 3 -0.2547079021800039
3 2 40.672534281819054
235 3 3
Id
3
1 1 1.0
2 2 1.0
3 3 -0.9670180376854849
Nupdn
1
1 2 10.712950000000001
Ntot
2
1 3 0.2547079009196885
3 2 -40.67253449703229
236 3 3
Id
3
1 1 1.0
2 2 1.0
3 3 -0.9670180379959099
Nupdn
1
1 2 10.712950000000001
Ntot
2
1 3 -0.2547078997411371
3 2 40.67253469828335
237 3 3
Id
3
1 1 1.0
2 2 1.0
3 3 -0.9670180382861953
Nupdn
1
1 2 10.712950000000001
Ntot
2
1 3 0.254707898639045
3 2 -40.67253488647809
238 3 3
Id
3
1 1 1.0
2 2 1.0
3 3 -0.9670180385576486
Nupdn
1
1 2 10.712950000000001
Ntot
2
1 3 -0.25470789760845336
3 2 40.672535062463396
239 3 3
Id
3
1 1 1.0
2 2 1.0
3 3 -0.9670180388114904
Nupdn
1
1 2 10.712950000000001
Ntot
2
1 3 0.25470789664472215
3 2 -40.672535227031496
240 3 3
Id
3
1 1 1.0
2 2 1.0
3 3 -0.9670180390488643
Nupdn
1
1 2 10.712950000000001
Ntot
2
1 3 -0.25470789574351377
3 2 40.67253538092305
241 3 3
Id
3
1 1 1.0
2 2 1.0
3 3 -0.9670180392708387
Nupdn
1
1 2 10.712950000000001
Ntot
2
1 3 0.2547078949007729
3 2 -40.67253552483073
242 3 3
Id
3
1 1 1.0
2 2 1.0
3 3 -0.9670180394784116
Nupdn
1
1 2 10.712950000000001
Ntot
2
1 3 -0.2547078941127051
3 2 40.67253565940225
243 3 3
Id
3
1 1 1.0
2 2 1.0
3 3 -0.9670180396725181
Nupdn
1
1 2 10.712950000000001
Ntot
2
1 3 0.2547078933757647
3 2 -40.67253578524328
244 3 3
Id
3
1 1 1.0
2 2 1.0
3 3 -0.9670180398540322
Nupdn
1
1 2 10.712950000000001
Ntot
2
1 3 -0.25470789268663385
3 2 40.67253590292021
245 3 3
Id
3
1 1 1.0
2 2 1.0
3 3 -0.9670180400237698
Nupdn
1
1 2 10.712950000000001
Ntot
2
1 3 0.2547078920422111
3 2 -40.67253601296275
246 3 3
Id
3
1 1 1.0
2 2 1.0
3 3 -0.9670180401824957
Nupdn
1
1 2 10.712950000000001
Ntot
2
1 3 -0.2547078914395959
3 2 40.672536115866166
247 3 3
Id
3
1 1 1.0
2 2 1.0
3 3 -0.9670180403309245
Nupdn
1
1 2 10.712950000000001
Ntot
2
1 3 0.2547078908760759
3 2 -40.67253621209357
248 3 3
Id
3
1 1 1.0
2 2 1.0
3 3 -0.9670180404697228
Nupdn
1
1 2 10.712950000000001
Ntot
2
1 3 -0.25470789034911534
3 2 40.67253630207813
249 3 3
Id
3
1 1 1.0
2 2 1.0
3 3 -0.9670180405995172
Nupdn
1
1 2 10.712950000000001
Ntot
2
1 3 0.2547078898563413
3 2 -40.672536386224856
250 3 3
Id
3
1 1 1.0
2 2 1.0
3 3 -0.967018040720891
Nupdn
1
1 2 10.712950000000001
Ntot
2
1 3 -0.2547078893955371
3 2 40.67253646491247
251 3 3
Id
3
1 1 1.0
2 2 1.0
3 3 -0.9670180408343907
Nupdn
1
1 2 10.712950000000001
Ntot
2
1 3 0.25470788896462787
3 2 -40.67253653849514
252 3 3
Id
3
1 1 1.0
2 2 1.0
3 3 -0.9670180409405265
Nupdn
1
1 2 10.712950000000001
Ntot
2
1 3 -0.2547078885616743
3 2 40.67253660730401
253 3 3
Id
3
1 1 1.0
2 2 1.0
3 3 -0.9670180410397766
Nupdn
1
1 2 10.712950000000001
Ntot
2
1 3 0.2547078881848628
3 2 -40.67253667164888
254 3 3
Id
3
1 1 1.0
2 2 1.0
3 3 -0.9670180411325882
Nupdn
1
1 2 10.712950000000001
Ntot
2
1 3 -0.2547078878324975
3 2 40.67253673181931
255 3 3
Id
3
1 1 1.0
2 2 1.0
3 3 -0.9670180412193778
Nupdn
1
1 2 10.712950000000001
Ntot
2
1 3 0.25470788750299267
3 2 -40.672536788086035
256 3 3
Id
3
1 1 1.0
2 2 1.0
3 3 -0.9670180413005376
Nupdn
1
1 2 10.712950000000001
Ntot
2
1 3 -0.25470788719486426
3 2 40.67253684070244
257 3 3
Id
3
1 1 1.0
2 2 1.0
3 3 -0.967018041376432
Nupdn
1
1 2 10.712950000000001
Ntot
2
1 3 0.2547078869067263
3 2 -40.672536889905345
258 3 3
Id
3
1 1 1.0
2 2 1.0
3 3 -0.9670180414474028
Nupdn
1
1 2 10.712950000000001
Ntot
2
1 3 -0.25470788663728067
3 2 40.672536935916106
259 3 3
Id
3
1 1 1.0
2 2 1.0
3 3 -0.9670180415137686
Nupdn
1
1 2 10.712950000000001
Ntot
2
1 3 0.25470788638531705
3 2 -40.672536978941864
260 3 3
Id
3
1 1 1.0
2 2 1.0
3 3 -0.9670180415758292
Nupdn
1
1 2 10.712950000000001
Ntot
2
1 3 -0.254707886149699
3 2 40.67253701917629
261 3 3
Id
3
1 1 1.0
2 2 1.0
3 3 -0.9670180416338636
Nupdn
1
1 2 10.712950000000001
Ntot
2
1 3 0.25470788592936716
3 2 -40.6725370568005
262 3 3
Id
3
1 1 1.0
2 2 1.0
3 3 -0.9670180416881327
Nupdn
1
1 2 10.712950000000001
Ntot
2
1 3 -0.25470788572332953
3 2 40.67253709198378
263 3 3
Id
3
1 1 1.0
2 2 1.0
3 3 -0.9670180417388814
Nupdn
1
1 2 10.712950000000001
Ntot
2
1 3 0.25470788553065854
3 2 -40.672537124884464
264 3 3
Id
3
1 1 1.0
2 2 1.0
3 3 -0.9670180417863374
Nupdn
1
1 2 10.712950000000001
Ntot
2
1 3 -0.2547078853504882
3 2 40.672537155650765
265 3 3
Id
3
1 1 1.0
2 2 1.0
3 3 -0.967018041830715
Nupdn
1
1 2 10.712950000000001
Ntot
2
1 3 0.2547078851820053
3 2 -40.672537184421024
266 3 3
Id
3
1 1 1.0
2 2 1.0
3 3 -0.9670180418722132
Nupdn
1
1 2 10.712950000000001
Ntot
2
1 3 -0.25470788502445396
3 2 40.672537211324745
267 3 3
Id
3
1 1 1.0
2 2 1.0
3 3 -0.9670180419110193
Nupdn
1
1 2 10.712950000000001
Ntot
2
1 3 0.2547078848771237
3 2 -40.672537236483045
268 3 3
Id
3
1 1 1.0
2 2 1.0
3 3 -0.9670180419473082
Nupdn
1
1 2 10.712950000000001
Ntot
2
1 3 -0.25470788473935163
3 2 40.67253726000919
269 3 3
Id
3
1 1 1.0
2 2 1.0
3 3 -0.967018041981242
Nupdn
1
1 2 10.712950000000001
Ntot
2
1 3 0.2547078846105176
3 2 -40.67253728200912
270 3 3
Id
3
1 1 1.0
2 2 1.0
3 3 -0.9670180420129746
Nupdn
1
1 2 10.712950000000001
Ntot
2
1 3 -0.25470788449004206
3 2 40.672537302581716
271 3 3
Id
3
1 1 1.0
2 2 1.0
3 3 -0.9670180420426486
Nupdn
1
1 2 10.712950000000001
Ntot
2
1 3 0.2547078843773825
3 2 -40.67253732181965
272 3 3
Id
3
1 1 1.0
2 2 1.0
3 3 -0.9670180420703978
Nupdn
1
1 2 10.712950000000001
Ntot
2
1 3 -0.25470788427203106
3 2 40.672537339809494
273 3 3
Id
3
1 1 1.0
2 2 1.0
3 3 -0.9670180420963463
Nupdn
1
1 2 10.712950000000001
Ntot
2
1 3 0.25470788417351486
3 2 -40.67253735663223
274 3 3
Id
3
1 1 1.0
2 2 1.0
3 3 -0.9670180421206114
Nupdn
1
1 2 10.712950000000001
Ntot
2
1 3 -0.2547078840813904
3 2 40.67253737236361
275 3 3
Id
3
1 1 1.0
2 2 1.0
3 3 -0.9670180421433028
Nupdn
1
1 2 10.712950000000001
Ntot
2
1 3 0.2547078839952427
3 2 -40.67253738707438
276 3 3
Id
3
1 1 1.0
2 2 1.0
3 3 -0.9670180421645214
Nupdn
1
1 2 10.712950000000001
Ntot
2
1 3 -0.2547078839146834
3 2 40.67253740083078
277 3 3
Id
3
1 1 1.0
2 2 1.0
3 3 -0.9670180421843639
Nupdn
1
1 2 10.712950000000001
Ntot
2
1 3 0.2547078838393508
3 2 -40.672537413694684
278 3 3
Id
3
1 1 1.0
2 2 1.0
3 3 -0.9670180422029184
Nupdn
1
1 2 10.712950000000001
Ntot
2
1 3 -0.25470788376890496
3 2 40.672537425724066
279 3 3
Id
3
1 1 1.0
2 2 1.0
3 3 -0.9670180422202703
Nupdn
1
1 2 10.712950000000001
Ntot
2
1 3 0.25470788370302966
3 2 -40.672537436973
280 3 3
Id
3
1 1 1.0
2 2 1.0
3 3 -0.9670180422364953
Nupdn
1
1 2 10.712950000000001
Ntot
2
1 3 -0.2547078836414278
3 2 40.67253744749217
281 3 3
Id
3
1 1 1.0
2 2 1.0
3 3 -0.9670180422516683
Nupdn
1
1 2 10.712950000000001
Ntot
2
1 3 0.2547078835838233
3 2 -40.67253745732887
282 3 3
Id
3
1 1 1.0
2 2 1.0
3 3 -0.9670180422658567
Nupdn
1
1 2 10.712950000000001
Ntot
2
1 3 -0.2547078835299555
3 2 40.67253746652743
283 3 3
Id
3
1 1 1.0
2 2 1.0
3 3 -0.9670180422791248
Nupdn
1
1 2 10.712950000000001
Ntot
2
1 3 0.2547078834795824
3 2 -40.67253747512922
284 3 3
Id
3
1 1 1.0
2 2 1.0
3 3 -0.9670180422915322
Nupdn
1
1 2 10.712950000000001
Ntot
2
1 3 -0.25470788343247724
3 2 40.672537483172924
285 3 3
Id
3
1 1 1.0
2 2 1.0
3 3 -0.9670180423031347
Nupdn
1
1 2 10.712950000000001
Ntot
2
1 3 0.25470788338842804
3 2 -40.67253749069482
286 3 3
Id
3
1 1 1.0
2 2 1.0
3 3 -0.9670180423139845
Nupdn
1
1 2 10.712950000000001
Ntot
2
1 3 -0.2547078833472366
3 2 40.67253749772873
287 3 3
Id
3
1 1 1.0
2 2 1.0
3 3 -0.9670180423241299
Nupdn
1
1 2 10.712950000000001
Ntot
2
1 3 0.2547078833087178
3 2 -40.67253750430624
288 3 3
Id
3
1 1 1.0
2 2 1.0
3 3 -0.9670180423336172
Nupdn
1
1 2 10.712950000000001
Ntot
2
1 3 -0.25470788327269756
3 2 40.67253751045707
289 3 3
Id
3
1 1 1.0
2 2 1.0
3 3 -0.9670180423424894
Nupdn
1
1 2 10.712950000000001
Ntot
2
1 3 0.25470788323901494
3 2 -40.67253751620889
290 3 3
Id
3
1 1 1.0
2 2 1.0
3 3 -0.9670180423507859
Nupdn
1
1 2 10.712950000000001
Ntot
2
1 3 -0.25470788320751664
3 2 40.67253752158751
291 3 3
Id
3
1 1 1.0
2 2 1.0
3 3 -0.9670180423585442
Nupdn
1
1 2 10.712950000000001
Ntot
2
1 3 0.25470788317806264
3 2 -40.672537526617205
292 3 3
Id
3
1 1 1.0
2 2 1.0
3 3 -0.9670180423657988
Nupdn
1
1 2 10.712950000000001
Ntot
2
1 3 -0.25470788315051857
3 2 40.67253753132057
293 3 3
Id
3
1 1 1.0
2 2 1.0
3 3 -0.9670180423725829
Nupdn
1
1 2 10.712950000000001
Ntot
2
1 3 0.2547078831247618
3 2 -40.67253753571888
294 3 3
Id
3
1 1 1.0
2 2 1.0
3 3 -0.9670180423789272
Nupdn
1
1 2 10.712950000000001
Ntot
2
1 3 -0.2547078831006757
3 2 40.67253753983176
295 3 3
Id
3
1 1 1.0
2 2 1.0
3 3 -0.9670180423848596
Nupdn
1
1 2 10.712950000000001
Ntot
2
1 3 0.25470788307815306
3 2 -40.67253754367782
296 3 3
Id
3
1 1 1.0
2 2 1.0
3 3 -0.9670180423904069
Nupdn
1
1 2 10.712950000000001
Ntot
2
1 3 -0.2547078830570913
3 2 40.67253754727437
297 3 3
Id
3
1 1 1.0
2 2 1.0
3 3 -0.967018042395595
Nupdn
1
1 2 10.712950000000001
Ntot
2
1 3 0.25470788303739544
3 2 -40.672537550637664
298 3 3
Id
3
1 1 1.0
2 2 1.0
3 3 -0.9670180424004458
Nupdn
1
1 2 10.712950000000001
Ntot
2
1 3 -0.2547078830189778
3 2 40.67253755378267
299 3 3
Id
3
1 1 1.0
2 2 1.0
3 3 -0.9670180424049826
Nupdn
1
1 2 10.712950000000001
Ntot
2
1 3 0.25470788300175445
3 2 -40.672537556723675
300 3 3
Id
3
1 1 1.0
2 2 1.0
3 3 -0.9670180424092247
Nupdn
1
1 2 10.712950000000001
Ntot
2
1 3 -0.2547078829856494
3 2 40.67253755947389
301 3 3
Id
3
1 1 1.0
2 2 1.0
3 3 -0.9670180424131916
Nupdn
1
1 2 10.712950000000001
Ntot
2
1 3 0.2547078829705885
3 2 -40.67253756204568
302 3 3
Id
3
1 1 1.0
2 2 1.0
3 3 -0.967018042416901
Nupdn
1
1 2 10.712950000000001
Ntot
2
1 3 -0.25470788295650465
3 2 40.67253756445059
303 3 3
Id
3
1 1 1.0
2 2 1.0
3 3 -0.9670180424203696
Nupdn
1
1 2 10.712950000000001
Ntot
2
1 3 0.2547078829433355
3 2 -40.67253756669951
304 3 3
Id
3
1 1 1.0
2 2 1.0
3 3 -0.9670180424236137
Nupdn
1
1 2 10.712950000000001
Ntot
2
1 3 -0.2547078829310199
3 2 40.67253756880249
305 3 3
Id
3
1 1 1.0
2 2 1.0
3 3 -0.967018042426647
Nupdn
1
1 2 10.712950000000001
Ntot
2
1 3 0.2547078829195032
3 2 -40.6725375707691
306 3 3
Id
3
1 1 1.0
2 2 1.0
3 3 -0.9670180424294836
Nupdn
1
1 2 10.712950000000001
Ntot
2
1 3 -0.25470788290873414
3 2 40.6725375726081
307 3 3
Id
3
1 1 1.0
2 2 1.0
3 3 -0.9670180424321362
Nupdn
1
1 2 10.712950000000001
Ntot
2
1 3 0.2547078828986636
3 2 -40.67253757432774
308 3 3
Id
3
1 1 1.0
2 2 1.0
3 3 -0.9670180424346166
Nupdn
1
1 2 10.712950000000001
Ntot
2
1 3 -0.25470788288924595
3 2 40.672537575935834
309 3 3
Id
3
1 1 1.0
2 2 1.0
3 3 -0.9670180424369366
Nupdn
1
1 2 10.712950000000001
Ntot
2
1 3 0.2547078828804393
3 2 -40.67253757743966
310 3 3
Id
3
1 1 1.0
2 2 1.0
3 3 -0.9670180424391055
Nupdn
1
1 2 10.712950000000001
Ntot
2
1 3 -0.2547078828722045
3 2 40.67253757884585
311 3 3
Id
3
1 1 1.0
2 2 1.0
3 3 -0.9670180424411337
Nupdn
1
1 2 10.712950000000001
Ntot
2
1 3 0.2547078828645041
3 2 -40.67253758016084
312 3 3
Id
3
1 1 1.0
2 2 1.0
3 3 -0.9670180424430301
Nupdn
1
1 2 10.712950000000001
Ntot
2
1 3 -0.25470788285730245
3 2 40.67253758139052
313 3 3
Id
3
1 1 1.0
2 2 1.0
3 3 -0.9670180424448043
Nupdn
1
1 2 10.712950000000001
Ntot
2
1 3 0.25470788285056867
3 2 -40.67253758254044
314 3 3
Id
3
1 1 1.0
2 2 1.0
3 3 -0.9670180424464627
Nupdn
1
1 2 10.712950000000001
Ntot
2
1 3 -0.25470788284427137
3 2 40.67253758361577
315 3 3
Id
3
1 1 1.0
2 2 1.0
3 3 -0.9670180424480139
Nupdn
1
1 2 10.712950000000001
Ntot
2
1 3 0.25470788283838264
3 2 -40.672537584621324
316 3 3
Id
3
1 1 1.0
2 2 1.0
3 3 -0.9670180424494639
Nupdn
1
1 2 10.712950000000001
Ntot
2
1 3 -0.25470788283287626
3 2 40.67253758556161
317 3 3
Id
3
1 1 1.0
2 2 1.0
3 3 -0.9670180424508206
Nupdn
1
1 2 10.712950000000001
Ntot
2
1 3 0.2547078828277273
3 2 -40.672537586440896
318 3 3
Id
3
1 1 1.0
2 2 1.0
3 3 -0.9670180424520887
Nupdn
1
1 2 10.712950000000001
Ntot
2
1 3 -0.2547078828229118
3 2 40.6725375872632
319 3 3
Id
3
1 1 1.0
2 2 1.0
3 3 -0.9670180424532748
Nupdn
1
1 2 10.712950000000001
Ntot
2
1 3 0.2547078828184086
3 2 -40.67253758803212
320 3 3
Id
3
1 1 1.0
2 2 1.0
3 3 -0.9670180424543837
Nupdn
1
1 2 10.712950000000001
Ntot
2
1 3 -0.2547078828141982
3 2 40.67253758875113
321 3 3
Id
3
1 1 1.0
2 2 1.0
3 3 -0.9670180424554209
Nupdn
1
1 2 10.712950000000001
Ntot
2
1 3 0.2547078828102607
3 2 -40.67253758942351
322 3 3
Id
3
1 1 1.0
2 2 1.0
3 3 -0.967018042456391
Nupdn
1
1 2 10.712950000000001
Ntot
2
1 3 -0.25470788280657836
3 2 40.67253759005227
323 3 3
Id
3
1 1 1.0
2 2 1.0
3 3 -0.9670180424572978
Nupdn
1
1 2 10.712950000000001
Ntot
2
1 3 0.2547078828031351
3 2 -40.67253759064021
324 3 3
Id
3
1 1 1.0
2 2 1.0
3 3 -0.967018042458146
Nupdn
1
1 2 10.712950000000001
Ntot
2
1 3 -0.2547078827999156
3 2 40.672537591190036
325 3 3
Id
3
1 1 1.0
2 2 1.0
3 3 -0.967018042458939
Nupdn
1
1 2 10.712950000000001
Ntot
2
1 3 0.25470788279690465
3 2 -40.67253759170419
326 3 3
Id
3
1 1 1.0
2 2 1.0
3 3 -0.9670180424596806
Nupdn
1
1 2 10.712950000000001
Ntot
2
1 3 -0.254707882794089
3 2 40.67253759218501
327 3 3
Id
3
1 1 1.0
2 2 1.0
3 3 -0.967018042460374
Nupdn
1
1 2 10.712950000000001
Ntot
2
1 3 0.25470788279145606
3 2 -40.67253759263459
328 3 3
Id
3
1 1 1.0
2 2 1.0
3 3 -0.9670180424610224
Nupdn
1
1 2 10.712950000000001
Ntot
2
1 3 -0.25470788278899387
3 2 40.67253759305506
329 3 3
Id
3
1 1 1.0
2 2 1.0
3 3 -0.967018042461629
Nupdn
1
1 2 10.712950000000001
Ntot
2
1 3 0.2547078827866916
3 2 -40.67253759344824
330 3 3
Id
3
1 1 1.0
2 2 1.0
3 3 -0.9670180424621959
Nupdn
1
1 2 10.712950000000001
Ntot
2
1 3 -0.2547078827845385
3 2 40.67253759381587
331 3 3
Id
3
1 1 1.0
2 2 1.0
3 3 -0.9670180424627264
Nupdn
1
1 2 10.712950000000001
Ntot
2
1 3 0.2547078827825249
3 2 -40.67253759415968
332 3 3
Id
3
1 1 1.0
2 2 1.0
3 3 -0.9670180424632224
Nupdn
1
1 2 10.712950000000001
Ntot
2
1 3 -0.2547078827806423
3 2 40.672537594481156
333 3 3
Id
3
1 1 1.0
2 2 1.0
3 3 -0.9670180424636863
Nupdn
1
1 2 10.712950000000001
Ntot
2
1 3 0.2547078827788814
3 2 -40.67253759478183
334 3 3
Id
3
1 1 1.0
2 2 1.0
3 3 -0.9670180424641197
Nupdn
1
1 2 10.712950000000001
Ntot
2
1 3 -0.2547078827772356
3 2 40.67253759506297
335 3 3
Id
3
1 1 1.0
2 2 1.0
3 3 -0.9670180424645254
Nupdn
1
1 2 10.712950000000001
Ntot
2
1 3 0.2547078827756957
3 2 -40.67253759532585
336 3 3
Id
3
1 1 1.0
2 2 1.0
3 3 -0.9670180424649044
Nupdn
1
1 2 10.712950000000001
Ntot
2
1 3 -0.2547078827742557
3 2 40.67253759557171
337 3 3
Id
3
1 1 1.0
2 2 1.0
3 3 -0.967018042465259
Nupdn
1
1 2 10.712950000000001
Ntot
2
1 3 0.2547078827729096
3 2 -40.67253759580156
338 3 3
Id
3
1 1 1.0
2 2 1.0
3 3 -0.9670180424655905
Nupdn
1
1 2 10.712950000000001
Ntot
2
1 3 -0.254707882771651
3 2 40.672537596016525
339 3 3
Id
3
1 1 1.0
2 2 1.0
3 3 -0.9670180424659007
Nupdn
1
1 2 10.712950000000001
Ntot
2
1 3 0.25470788277047374
3 2 -40.67253759621755
340 3 3
Id
3
1 1 1.0
2 2 1.0
3 3 -0.9670180424661909
Nupdn
1
1 2 10.712950000000001
Ntot
2
1 3 -0.25470788276937284
3 2 40.672537596405554
341 3 3
Id
3
1 1 1.0
2 2 1.0
3 3 -0.9670180424664621
Nupdn
1
1 2 10.712950000000001
Ntot
2
1 3 0.2547078827683432
3 2 -40.672537596581364
342 3 3
Id
3
1 1 1.0
2 2 1.0
3 3 -0.9670180424667154
Nupdn
1
1 2 10.712950000000001
Ntot
2
1 3 -0.25470788276738077
3 2 40.672537596745784
343 3 3
Id
3
1 1 1.0
2 2 1.0
3 3 -0.9670180424669528
Nupdn
1
1 2 10.712950000000001
Ntot
2
1 3 0.2547078827664802
3 2 -40.67253759689946
344 3 3
Id
3
1 1 1.0
2 2 1.0
3 3 -0.9670180424671746
Nupdn
1
1 2 10.712950000000001
Ntot
2
1 3 -0.2547078827656389
3 2 40.67253759704321
345 3 3
Id
3
1 1 1.0
2 2 1.0
3 3 -0.9670180424673818
Nupdn
1
1 2 10.712950000000001
Ntot
2
1 3 0.25470788276485146
3 2 -40.67253759717761
346 3 3
Id
3
1 1 1.0
2 2 1.0
3 3 -0.9670180424675756
Nupdn
1
1 2 10.712950000000001
Ntot
2
1 3 -0.25470788276411527
3 2 40.67253759730337
347 3 3
Id
3
1 1 1.0
2 2 1.0
3 3 -0.9670180424677568
Nupdn
1
1 2 10.712950000000001
Ntot
2
1 3 0.25470788276342743
3 2 -40.672537597420884
348 3 3
Id
3
1 1 1.0
2 2 1.0
3 3 -0.9670180424679264
Nupdn
1
1 2 10.712950000000001
Ntot
2
1 3 -0.2547078827627832
3 2 40.67253759753083
349 3 3
Id
3
1 1 1.0
2 2 1.0
3 3 -0.967018042468085
Nupdn
1
1 2 10.712950000000001
Ntot
2
1 3 0.25470788276218104
3 2 -40.672537597633614
350 3 3
Id
3
1 1 1.0
2 2 1.0
3 3 -0.9670180424682335
Nupdn
1
1 2 10.712950000000001
Ntot
2
1 3 -0.2547078827616183
3 2 40.6725375977297
351 3 3
Id
3
1 1 1.0
2 2 1.0
3 3 -0.9670180424683714
Nupdn
1
1 2 10.712950000000001
Ntot
2
1 3 0.25470788276109246
3 2 -40.672537597819606
352 3 3
Id
3
1 1 1.0
2 2 1.0
3 3 -0.9670180424685015
Nupdn
1
1 2 10.712950000000001
Ntot
2
1 3 -0.25470788276059975
3 2 40.672537597903656
353 3 3
Id
3
1 1 1.0
2 2 1.0
3 3 -0.9670180424686228
Nupdn
1
1 2 10.712950000000001
Ntot
2
1 3 0.2547078827601393
3 2 -40.67253759798227
354 3 3
Id
3
1 1 1.0
2 2 1.0
3 3 -0.967018042468736
Nupdn
1
1 2 10.712950000000001
Ntot
2
1 3 -0.2547078827597093
3 2 40.67253759805578
355 3 3
Id
3
1 1 1.0
2 2 1.0
3 3 -0.9670180424688419
Nupdn
1
1 2 10.712950000000001
Ntot
2
1 3 0.2547078827593064
3 2 -40.67253759812448
356 3 3
Id
3
1 1 1.0
2 2 1.0
3 3 -0.9670180424689416
Nupdn
1
1 2 10.712950000000001
Ntot
2
1 3 -0.25470788275893
3 2 40.672537598188775
357 3 3
Id
3
1 1 1.0
2 2 1.0
3 3 -0.9670180424690342
Nupdn
1
1 2 10.712950000000001
Ntot
2
1 3 0.25470788275857836
3 2 -40.67253759824889
358 3 3
Id
3
1 1 1.0
2 2 1.0
3 3 -0.9670180424691204
Nupdn
1
1 2 10.712950000000001
Ntot
2
1 3 -0.2547078827582492
3 2 40.67253759830509
359 3 3
Id
3
1 1 1.0
2 2 1.0
3 3 -0.9670180424692014
Nupdn
1
1 2 10.712950000000001
Ntot
2
1 3 0.2547078827579413
3 2 -40.672537598357664
360 3 3
Id
3
1 1 1.0
2 2 1.0
3 3 -0.9670180424692776
Nupdn
1
1 2 10.712950000000001
Ntot
2
1 3 -0.2547078827576535
3 2 40.67253759840676
361 3 3
Id
3
1 1 1.0
2 2 1.0
3 3 -0.9670180424693484
Nupdn
1
1 2 10.712950000000001
Ntot
2
1 3 0.2547078827573844
3 2 -40.67253759845275
362 3 3
Id
3
1 1 1.0
2 2 1.0
3 3 -0.9670180424694146
Nupdn
1
1 2 10.712950000000001
Ntot
2
1 3 -0.2547078827571327
3 2 40.67253759849572
363 3 3
Id
3
1 1 1.0
2 2 1.0
3 3 -0.9670180424694765
Nupdn
1
1 2 10.712950000000001
Ntot
2
1 3 0.2547078827568974
3 2 -40.67253759853591
364 3 3
Id
3
1 1 1.0
2 2 1.0
3 3 -0.9670180424695349
Nupdn
1
1 2 10.712950000000001
Ntot
2
1 3 -0.2547078827566771
3 2 40.67253759857346
365 3 3
Id
3
1 1 1.0
2 2 1.0
3 3 -0.9670180424695891
Nupdn
1
1 2 10.712950000000001
Ntot
2
1 3 0.2547078827564713
3 2 -40.67253759860867
366 3 3
Id
3
1 1 1.0
2 2 1.0
3 3 -0.9670180424696395
Nupdn
1
1 2 10.712950000000001
Ntot
2
1 3 -0.25470788275627887
3 2 40.672537598641505
367 3 3
Id
3
1 1 1.0
2 2 1.0
3 3 -0.9670180424696866
Nupdn
1
1 2 10.712950000000001
Ntot
2
1 3 0.25470788275609907
3 2 -40.67253759867222
368 3 3
Id
3
1 1 1.0
2 2 1.0
3 3 -0.9670180424697312
Nupdn
1
1 2 10.712950000000001
Ntot
2
1 3 -0.2547078827559307
3 2 40.672537598700956
369 3 3
Id
3
1 1 1.0
2 2 1.0
3 3 -0.9670180424697727
Nupdn
1
1 2 10.712950000000001
Ntot
2
1 3 0.25470788275577344
3 2 -40.672537598727864
370 3 3
Id
3
1 1 1.0
2 2 1.0
3 3 -0.9670180424698114
Nupdn
1
1 2 10.712950000000001
Ntot
2
1 3 -0.2547078827556263
3 2 40.67253759875295
371 3 3
Id
3
1 1 1.0
2 2 1.0
3 3 -0.967018042469848
Nupdn
1
1 2 10.712950000000001
Ntot
2
1 3 0.25470788275548834
3 2 -40.67253759877647
372 3 3
Id
3
1 1 1.0
2 2 1.0
3 3 -0.9670180424698818
Nupdn
1
1 2 10.712950000000001
Ntot
2
1 3 -0.25470788275536
3 2 40.67253759879848
373 3 3
Id
3
1 1 1.0
2 2 1.0
3 3 -0.9670180424699137
Nupdn
1
1 2 10.712950000000001
Ntot
2
1 3 0.25470788275523926
3 2 -40.67253759881906
374 3 3
Id
3
1 1 1.0
2 2 1.0
3 3 -0.967018042469943
Nupdn
1
1 2 10.712950000000001
Ntot
2
1 3 -0.2547078827551268
3 2 40.67253759883823
375 3 3
Id
3
1 1 1.0
2 2 1.0
3 3 -0.9670180424699708
Nupdn
1
1 2 10.712950000000001
Ntot
2
1 3 0.25470788275502165
3 2 -40.67253759885623
376 3 3
Id
3
1 1 1.0
2 2 1.0
3 3 -0.967018042469997
Nupdn
1
1 2 10.712950000000001
Ntot
2
1 3 -0.25470788275492345
3 2 40.67253759887299
377 3 3
Id
3
1 1 1.0
2 2 1.0
3 3 -0.967018042470021
Nupdn
1
1 2 10.712950000000001
Ntot
2
1 3 0.2547078827548313
3 2 -40.6725375988887
378 3 3
Id
3
1 1 1.0
2 2 1.0
3 3 -0.9670180424700434
Nupdn
1
1 2 10.712950000000001
Ntot
2
1 3 -0.25470788275474526
3 2 40.67253759890344
379 3 3
Id
3
1 1 1.0
2 2 1.0
3 3 -0.967018042470065
Nupdn
1
1 2 10.712950000000001
Ntot
2
1 3 0.25470788275466466
3 2 -40.67253759891719
380 3 3
Id
3
1 1 1.0
2 2 1.0
3 3 -0.9670180424700845
Nupdn
1
1 2 10.712950000000001
Ntot
2
1 3 -0.25470788275458917
3 2 40.67253759893002
381 3 3
Id
3
1 1 1.0
2 2 1.0
3 3 -0.9670180424701029
Nupdn
1
1 2 10.712950000000001
Ntot
2
1 3 0.2547078827545193
3 2 -40.67253759894203
382 3 3
Id
3
1 1 1.0
2 2 1.0
3 3 -0.9670180424701205
Nupdn
1
1 2 10.712950000000001
Ntot
2
1 3 -0.25470788275445316
3 2 40.67253759895325
383 3 3
Id
3
1 1 1.0
2 2 1.0
3 3 -0.9670180424701367
Nupdn
1
1 2 10.712950000000001
Ntot
2
1 3 0.2547078827543917
3 2 -40.67253759896377
384 3 3
Id
3
1 1 1.0
2 2 1.0
3 3 -0.9670180424701518
Nupdn
1
1 2 10.712950000000001
Ntot
2
1 3 -0.2547078827543341
3 2 40.67253759897358
385 3 3
Id
3
1 1 1.0
2 2 1.0
3 3 -0.967018042470166
Nupdn
1
1 2 10.712950000000001
Ntot
2
1 3 0.2547078827542803
3 2 -40.672537598982764
386 3 3
Id
3
1 1 1.0
2 2 1.0
3 3 -0.9670180424701791
Nupdn
1
1 2 10.712950000000001
Ntot
2
1 3 -0.25470788275422995
3 2 40.67253759899136
387 3 3
Id
3
1 1 1.0
2 2 1.0
3 3 -0.9670180424701915
Nupdn
1
1 2 10.712950000000001
Ntot
2
1 3 0.25470788275418293
3 2 -40.67253759899942
388 3 3
Id
3
1 1 1.0
2 2 1.0
3 3 -0.9670180424702031
Nupdn
1
1 2 10.712950000000001
Ntot
2
1 3 -0.25470788275413925
3 2 40.67253759900696
389 3 3
Id
3
1 1 1.0
2 2 1.0
3 3 -0.967018042470214
Nupdn
1
1 2 10.712950000000001
Ntot
2
1 3 0.2547078827540975
3 2 -40.67253759901393
390 3 3
Id
3
1 1 1.0
2 2 1.0
3 3 -0.9670180424702242
Nupdn
1
1 2 10.712950000000001
Ntot
2
1 3 -0.2547078827540597
3 2 40.67253759902048
391 3 3
Id
3
1 1 1.0
2 2 1.0
3 3 -0.9670180424702339
Nupdn
1
1 2 10.712950000000001
Ntot
2
1 3 0.25470788275402373
3 2 -40.67253759902663
392 3 3
Id
3
1 1 1.0
2 2 1.0
3 3 -0.9670180424702426
Nupdn
1
1 2 10.712950000000001
Ntot
2
1 3 -0.2547078827539899
3 2 40.672537599032374
393 3 3
Id
3
1 1 1.0
2 2 1.0
3 3 -0.967018042470251
Nupdn
1
1 2 10.712950000000001
Ntot
2
1 3 0.2547078827539583
3 2 -40.67253759903779
394 3 3
Id
3
1 1 1.0
2 2 1.0
3 3 -0.9670180424702586
Nupdn
1
1 2 10.712950000000001
Ntot
2
1 3 -0.25470788275392897
3 2 40.67253759904282
395 3 3
Id
3
1 1 1.0
2 2 1.0
3 3 -0.9670180424702659
Nupdn
1
1 2 10.712950000000001
Ntot
2
1 3 0.2547078827539014
3 2 -40.67253759904747
396 3 3
Id
3
1 1 1.0
2 2 1.0
3 3 -0.9670180424702726
Nupdn
1
1 2 10.712950000000001
Ntot
2
1 3 -0.25470788275387574
3 2 40.67253759905191
397 3 3
Id
3
1 1 1.0
2 2 1.0
3 3 -0.967018042470279
Nupdn
1
1 2 10.712950000000001
Ntot
2
1 3 0.25470788275385176
3 2 -40.672537599055985
398 3 3
Id
3
1 1 1.0
2 2 1.0
3 3 -0.967018042470285
Nupdn
1
1 2 10.712950000000001
Ntot
2
1 3 -0.2547078827538291
3 2 40.67253759905983
399 3 3
Id
3
1 1 1.0
2 2 1.0
3 3 -0.9670180424702903
Nupdn
1
1 2 10.712950000000001
Ntot
2
1 3 0.2547078827538079
3 2 -40.672537599063425
400 3 3
Id
3
1 1 1.0
2 2 1.0
3 3 -0.9670180424702957
Nupdn
1
1 2 10.712950000000001
Ntot
2
1 3 -0.2547078827537885
3 2 40.67253759906682
401 3 3
Id
3
1 1 1.0
2 2 1.0
3 3 -0.9670180424703005
Nupdn
1
1 2 10.712950000000001
Ntot
2
1 3 0.2547078827537698
3 2 -40.67253759906998
402 3 3
Id
3
1 1 1.0
2 2 1.0
3 3 -0.9670180424703052
Nupdn
1
1 2 10.712950000000001
Ntot
2
1 3 -0.2547078827537525
3 2 40.672537599072896
403 3 3
Id
3
1 1 1.0
2 2 1.0
3 3 -0.9670180424703092
Nupdn
1
1 2 10.712950000000001
Ntot
2
1 3 0.25470788275373657
3 2 -40.672537599075646
404 3 3
Id
3
1 1 1.0
2 2 1.0
3 3 -0.9670180424703136
Nupdn
1
1 2 10.712950000000001
Ntot
2
1 3 -0.2547078827537214
3 2 40.67253759907817
405 3 3
Id
3
1 1 1.0
2 2 1.0
3 3 -0.967018042470317
Nupdn
1
1 2 10.712950000000001
Ntot
2
1 3 0.25470788275370776
3 2 -40.67253759908058
406 3 3
Id
3
1 1 1.0
2 2 1.0
3 3 -0.9670180424703203
Nupdn
1
1 2 10.712950000000001
Ntot
2
1 3 -0.2547078827536944
3 2 40.672537599082816
407 3 3
Id
3
1 1 1.0
2 2 1.0
3 3 -0.9670180424703236
Nupdn
1
1 2 10.712950000000001
Ntot
2
1 3 0.2547078827536822
3 2 -40.672537599084954
408 3 3
Id
3
1 1 1.0
2 2 1.0
3 3 -0.9670180424703263
Nupdn
1
1 2 10.712950000000001
Ntot
2
1 3 -0.25470788275367073
3 2 40.67253759908688
409 3 3
Id
3
1 1 1.0
2 2 1.0
3 3 -0.9670180424703292
Nupdn
1
1 2 10.712950000000001
Ntot
2
1 3 0.2547078827536598
3 2 -40.672537599088756
410 3 3
Id
3
1 1 1.0
2 2 1.0
3 3 -0.9670180424703321
Nupdn
1
1 2 10.712950000000001
Ntot
2
1 3 -0.25470788275364986
3 2 40.67253759909044
411 3 3
Id
3
1 1 1.0
2 2 1.0
3 3 -0.9670180424703347
Nupdn
1
1 2 10.712950000000001
Ntot
2
1 3 0.25470788275364065
3 2 -40.67253759909203
412 3 3
Id
3
1 1 1.0
2 2 1.0
3 3 -0.967018042470337
Nupdn
1
1 2 10.712950000000001
Ntot
2
1 3 -0.2547078827536316
3 2 40.67253759909358
413 3 3
Id
3
1 1 1.0
2 2 1.0
3 3 -0.9670180424703392
Nupdn
1
1 2 10.712950000000001
Ntot
2
1 3 0.25470788275362344
3 2 -40.67253759909496
414 3 3
Id
3
1 1 1.0
2 2 1.0
3 3 -0.967018042470341
Nupdn
1
1 2 10.712950000000001
Ntot
2
1 3 -0.2547078827536158
3 2 40.67253759909626
415 3 3
Id
3
1 1 1.0
2 2 1.0
3 3 -0.967018042470343
Nupdn
1
1 2 10.712950000000001
Ntot
2
1 3 0.25470788275360856
3 2 -40.67253759909753
416 3 3
Id
3
1 1 1.0
2 2 1.0
3 3 -0.9670180424703447
Nupdn
1
1 2 10.712950000000001
Ntot
2
1 3 -0.2547078827536021
3 2 40.67253759909864
417 3 3
Id
3
1 1 1.0
2 2 1.0
3 3 -0.9670180424703463
Nupdn
1
1 2 10.712950000000001
Ntot
2
1 3 0.2547078827535957
3 2 -40.672537599099705
418 3 3
Id
3
1 1 1.0
2 2 1.0
3 3 -0.9670180424703481
Nupdn
1
1 2 10.712950000000001
Ntot
2
1 3 -0.2547078827535895
3 2 40.67253759910075
419 3 3
Id
3
1 1 1.0
2 2 1.0
3 3 -0.9670180424703494
Nupdn
1
1 2 10.712950000000001
Ntot
2
1 3 0.25470788275358425
3 2 -40.67253759910166
420 3 3
Id
3
1 1 1.0
2 2 1.0
3 3 -0.9670180424703507
Nupdn
1
1 2 10.712950000000001
Ntot
2
1 3 -0.25470788275357903
3 2 40.672537599102576
421 3 3
Id
3
1 1 1.0
2 2 1.0
3 3 -0.9670180424703521
Nupdn
1
1 2 10.712950000000001
Ntot
2
1 3 0.2547078827535742
3 2 -40.672537599103386
422 3 3
Id
3
1 1 1.0
2 2 1.0
3 3 -0.9670180424703534
Nupdn
1
1 2 10.712950000000001
Ntot
2
1 3 -0.25470788275356965
3 2 40.67253759910412
423 3 3
Id
3
1 1 1.0
2 2 1.0
3 3 -0.9670180424703543
Nupdn
1
1 2 10.712950000000001
Ntot
2
1 3 0.2547078827535657
3 2 -40.67253759910484
424 3 3
Id
3
1 1 1.0
2 2 1.0
3 3 -0.9670180424703554
Nupdn
1
1 2 10.712950000000001
Ntot
2
1 3 -0.25470788275356127
3 2 40.67253759910552
425 3 3
Id
3
1 1 1.0
2 2 1.0
3 3 -0.9670180424703565
Nupdn
1
1 2 10.712950000000001
Ntot
2
1 3 0.25470788275355777
3 2 -40.672537599106185
426 3 3
Id
3
1 1 1.0
2 2 1.0
3 3 -0.9670180424703569
Nupdn
1
1 2 10.712950000000001
Ntot
2
1 3 -0.25470788275355444
3 2 40.67253759910678
427 3 3
Id
3
1 1 1.0
2 2 1.0
3 3 -0.9670180424703583
Nupdn
1
1 2 10.712950000000001
Ntot
2
1 3 0.25470788275355105
3 2 -40.67253759910731
428 3 3
Id
3
1 1 1.0
2 2 1.0
3 3 -0.9670180424703587
Nupdn
1
1 2 10.712950000000001
Ntot
2
1 3 -0.2547078827535484
3 2 40.67253759910777
429 3 3
Id
3
1 1 1.0
2 2 1.0
3 3 -0.9670180424703594
Nupdn
1
1 2 10.712950000000001
Ntot
2
1 3 0.2547078827535454
3 2 -40.67253759910829
430 3 3
Id
3
1 1 1.0
2 2 1.0
3 3 -0.9670180424703605
Nupdn
1
1 2 10.712950000000001
Ntot
2
1 3 -0.2547078827535427
3 2 40.67253759910875
431 3 3
Id
3
1 1 1.0
2 2 1.0
3 3 -0.9670180424703612
Nupdn
1
1 2 10.712950000000001
Ntot
2
1 3 0.2547078827535404
3 2 -40.67253759910918
432 3 3
Id
3
1 1 1.0
2 2 1.0
3 3 -0.9670180424703616
Nupdn
1
1 2 10.712950000000001
Ntot
2
1 3 -0.25470788275353806
3 2 40.67253759910953
433 3 3
Id
3
1 1 1.0
2 2 1.0
3 3 -0.9670180424703618
Nupdn
1
1 2 10.712950000000001
Ntot
2
1 3 0.25470788275353573
3 2 -40.67253759910989
434 3 3
Id
3
1 1 1.0
2 2 1.0
3 3 -0.9670180424703627
Nupdn
1
1 2 10.712950000000001
Ntot
2
1 3 -0.2547078827535338
3 2 40.672537599110285
435 3 3
Id
3
1 1 1.0
2 2 1.0
3 3 -0.9670180424703632
Nupdn
1
1 2 10.712950000000001
Ntot
2
1 3 0.2547078827535319
3 2 -40.67253759911059
436 3 3
Id
3
1 1 1.0
2 2 1.0
3 3 -0.9670180424703638
Nupdn
1
1 2 10.712950000000001
Ntot
2
1 3 -0.2547078827535301
3 2 40.67253759911087
437 3 3
Id
3
1 1 1.0
2 2 1.0
3 3 -0.9670180424703643
Nupdn
1
1 2 10.712950000000001
Ntot
2
1 3 0.25470788275352846
3 2 -40.672537599111195
438 3 3
Id
3
1 1 1.0
2 2 1.0
3 3 -0.9670180424703643
Nupdn
1
1 2 10.712950000000001
Ntot
2
1 3 -0.25470788275352696
3 2 40.67253759911144
439 3 3
Id
3
1 1 1.0
2 2 1.0
3 3 -0.9670180424703649
Nupdn
1
1 2 10.712950000000001
Ntot
2
1 3 0.2547078827535254
3 2 -40.67253759911167
440 3 3
Id
3
1 1 1.0
2 2 1.0
3 3 -0.9670180424703649
Nupdn
1
1 2 10.712950000000001
Ntot
2
1 3 -0.2547078827535241
3 2 40.67253759911189
441 3 3
Id
3
1 1 1.0
2 2 1.0
3 3 -0.9670180424703656
Nupdn
1
1 2 10.712950000000001
Ntot
2
1 3 0.2547078827535228
3 2 -40.67253759911213
442 3 3
Id
3
1 1 1.0
2 2 1.0
3 3 -0.9670180424703658
Nupdn
1
1 2 10.712950000000001
Ntot
2
1 3 -0.25470788275352185
3 2 40.67253759911236
443 3 3
Id
3
1 1 1.0
2 2 1.0
3 3 -0.9670180424703663
Nupdn
1
1 2 10.712950000000001
Ntot
2
1 3 0.2547078827535205
3 2 -40.6725375991125
444 3 3
Id
3
1 1 1.0
2 2 1.0
3 3 -0.9670180424703663
Nupdn
1
1 2 10.712950000000001
Ntot
2
1 3 -0.25470788275351963
3 2 40.6725375991127
445 3 3
Id
3
1 1 1.0
2 2 1.0
3 3 -0.9670180424703665
Nupdn
1
1 2 10.712950000000001
Ntot
2
1 3 0.2547078827535187
3 2 -40.67253759911289
446 3 3
Id
3
1 1 1.0
2 2 1.0
3 3 -0.9670180424703669
Nupdn
1
1 2 10.712950000000001
Ntot
2
1 3 -0.25470788275351786
3 2 40.67253759911305
447 3 3
Id
3
1 1 1.0
2 2 1.0
3 3 -0.9670180424703672
Nupdn
1
1 2 10.712950000000001
Ntot
2
1 3 0.2547078827535168
3 2 -40.672537599113134
448 3 3
Id
3
1 1 1.0
2 2 1.0
3 3 -0.9670180424703674
Nupdn
1
1 2 10.712950000000001
Ntot
2
1 3 -0.2547078827535162
3 2 40.67253759911327
449 3 3
Id
3
1 1 1.0
2 2 1.0
3 3 -0.9670180424703678
Nupdn
1
1 2 10.712950000000001
Ntot
2
1 3 0.2547078827535154
3 2 -40.67253759911347
450 3 3
Id
3
1 1 1.0
2 2 1.0
3 3 -0.9670180424703678
Nupdn
1
1 2 10.712950000000001
Ntot
2
1 3 -0.2547078827535148
3 2 40.67253759911356
451 3 3
Id
3
1 1 1.0
2 2 1.0
3 3 -0.9670180424703678
Nupdn
1
1 2 10.712950000000001
Ntot
2
1 3 0.2547078827535141
3 2 -40.672537599113674
452 3 3
Id
3
1 1 1.0
2 2 1.0
3 3 -0.9670180424703683
Nupdn
1
1 2 10.712950000000001
Ntot
2
1 3 -0.2547078827535136
3 2 40.67253759911374
453 3 3
Id
3
1 1 1.0
2 2 1.0
3 3 -0.9670180424703683
Nupdn
1
1 2 10.712950000000001
Ntot
2
1 3 0.2547078827535129
3 2 -40.67253759911382
454 3 3
Id
3
1 1 1.0
2 2 1.0
3 3 -0.9670180424703683
Nupdn
1
1 2 10.712950000000001
Ntot
2
1 3 -0.2547078827535123
3 2 40.67253759911392
455 3 3
Id
3
1 1 1.0
2 2 1.0
3 3 -0.9670180424703685
Nupdn
1
1 2 10.712950000000001
Ntot
2
1 3 0.25470788275351197
3 2 -40.672537599114
456 3 3
Id
3
1 1 1.0
2 2 1.0
3 3 -0.9670180424703683
Nupdn
1
1 2 10.712950000000001
Ntot
2
1 3 -0.25470788275351164
3 2 40.67253759911412
457 3 3
Id
3
1 1 1.0
2 2 1.0
3 3 -0.9670180424703687
Nupdn
1
1 2 10.712950000000001
Ntot
2
1 3 0.25470788275351086
3 2 -40.672537599114165
458 3 3
Id
3
1 1 1.0
2 2 1.0
3 3 -0.9670180424703687
Nupdn
1
1 2 10.712950000000001
Ntot
2
1 3 -0.2547078827535108
3 2 40.67253759911422
459 3 3
Id
3
1 1 1.0
2 2 1.0
3 3 -0.9670180424703692
Nupdn
1
1 2 10.712950000000001
Ntot
2
1 3 0.25470788275351036
3 2 -40.67253759911432
460 3 3
Id
3
1 1 1.0
2 2 1.0
3 3 -0.9670180424703687
Nupdn
1
1 2 10.712950000000001
Ntot
2
1 3 -0.2547078827535099
3 2 40.67253759911429
461 3 3
Id
3
1 1 1.0
2 2 1.0
3 3 -0.9670180424703689
Nupdn
1
1 2 10.712950000000001
Ntot
2
1 3 0.2547078827535095
3 2 -40.67253759911442
462 3 3
Id
3
1 1 1.0
2 2 1.0
3 3 -0.9670180424703692
Nupdn
1
1 2 10.712950000000001
Ntot
2
1 3 -0.254707882753509
3 2 40.67253759911452
463 3 3
Id
3
1 1 1.0
2 2 1.0
3 3 -0.9670180424703692
Nupdn
1
1 2 10.712950000000001
Ntot
2
1 3 0.254707882753509
3 2 -40.67253759911449
464 3 3
Id
3
1 1 1.0
2 2 1.0
3 3 -0.9670180424703689
Nupdn
1
1 2 10.712950000000001
Ntot
2
1 3 -0.2547078827535083
3 2 40.67253759911457
465 3 3
Id
3
1 1 1.0
2 2 1.0
3 3 -0.9670180424703692
Nupdn
1
1 2 10.712950000000001
Ntot
2
1 3 0.25470788275350836
3 2 -40.6725375991146
466 3 3
Id
3
1 1 1.0
2 2 1.0
3 3 -0.9670180424703694
Nupdn
1
1 2 10.712950000000001
Ntot
2
1 3 -0.2547078827535081
3 2 40.67253759911468
467 3 3
Id
3
1 1 1.0
2 2 1.0
3 3 -0.9670180424703694
Nupdn
1
1 2 10.712950000000001
Ntot
2
1 3 0.2547078827535081
3 2 -40.67253759911468
468 3 3
Id
3
1 1 1.0
2 2 1.0
3 3 -0.9670180424703696
Nupdn
1
1 2 10.712950000000001
Ntot
2
1 3 -0.25470788275350753
3 2 40.67253759911474
469 3 3
Id
3
1 1 1.0
2 2 1.0
3 3 -0.9670180424703696
Nupdn
1
1 2 10.712950000000001
Ntot
2
1 3 0.25470788275350753
3 2 -40.67253759911473
470 3 3
Id
3
1 1 1.0
2 2 1.0
3 3 -0.9670180424703698
Nupdn
1
1 2 10.712950000000001
Ntot
2
1 3 -0.2547078827535073
3 2 40.67253759911478
471 3 3
Id
3
1 1 1.0
2 2 1.0
3 3 -0.9670180424703694
Nupdn
1
1 2 10.712950000000001
Ntot
2
1 3 0.2547078827535073
3 2 -40.67253759911478
472 3 3
Id
3
1 1 1.0
2 2 1.0
3 3 -0.9670180424703696
Nupdn
1
1 2 10.712950000000001
Ntot
2
1 3 -0.25470788275350686
3 2 40.67253759911486
473 3 3
Id
3
1 1 1.0
2 2 1.0
3 3 -0.9670180424703698
Nupdn
1
1 2 10.712950000000001
Ntot
2
1 3 0.25470788275350686
3 2 -40.67253759911484
474 3 3
Id
3
1 1 1.0
2 2 1.0
3 3 -0.9670180424703698
Nupdn
1
1 2 10.712950000000001
Ntot
2
1 3 -0.2547078827535065
3 2 40.672537599114925
475 3 3
Id
3
1 1 1.0
2 2 1.0
3 3 -0.9670180424703698
Nupdn
1
1 2 10.712950000000001
Ntot
2
1 3 0.2547078827535067
3 2 -40.67253759911492
476 3 3
Id
3
1 1 1.0
2 2 1.0
3 3 -0.96701804247037
Nupdn
1
1 2 10.712950000000001
Ntot
2
1 3 -0.2547078827535065
3 2 40.67253759911492
477 3 3
Id
3
1 1 1.0
2 2 1.0
3 3 -0.9670180424703698
Nupdn
1
1 2 10.712950000000001
Ntot
2
1 3 0.2547078827535065
3 2 -40.67253759911495
478 3 3
Id
3
1 1 1.0
2 2 1.0
3 3 -0.96701804247037
Nupdn
1
1 2 10.712950000000001
Ntot
2
1 3 -0.25470788275350614
3 2 40.67253759911495
479 3 3
Id
3
1 1 1.0
2 2 1.0
3 3 -0.96701804247037
Nupdn
1
1 2 10.712950000000001
Ntot
2
1 3 0.2547078827535063
3 2 -40.67253759911496
480 3 3
Id
3
1 1 1.0
2 2 1.0
3 3 -0.96701804247037
Nupdn
1
1 2 10.712950000000001
Ntot
2
1 3 -0.25470788275350603
3 2 40.67253759911501
481 3 3
Id
3
1 1 1.0
2 2 1.0
3 3 -0.96701804247037
Nupdn
1
1 2 10.712950000000001
Ntot
2
1 3 0.25470788275350603
3 2 -40.672537599114975
482 3 3
Id
3
1 1 1.0
2 2 1.0
3 3 -0.9670180424703698
Nupdn
1
1 2 10.712950000000001
Ntot
2
1 3 -0.2547078827535058
3 2 40.67253759911504
483 3 3
Id
3
1 1 1.0
2 2 1.0
3 3 -0.96701804247037
Nupdn
1
1 2 10.712950000000001
Ntot
2
1 3 0.25470788275350587
3 2 -40.67253759911504
484 3 3
Id
3
1 1 1.0
2 2 1.0
3 3 -0.9670180424703698
Nupdn
1
1 2 10.712950000000001
Ntot
2
1 3 -0.25470788275350575
3 2 40.6725375991151
485 3 3
Id
3
1 1 1.0
2 2 1.0
3 3 -0.96701804247037
Nupdn
1
1 2 10.712950000000001
Ntot
2
1 3 0.25470788275350575
3 2 -40.67253759911506
486 3 3
Id
3
1 1 1.0
2 2 1.0
3 3 -0.96701804247037
Nupdn
1
1 2 10.712950000000001
Ntot
2
1 3 -0.25470788275350553
3 2 40.67253759911507
487 3 3
Id
3
1 1 1.0
2 2 1.0
3 3 -0.96701804247037
Nupdn
1
1 2 10.712950000000001
Ntot
2
1 3 0.2547078827535058
3 2 -40.67253759911503
488 3 3
Id
3
1 1 1.0
2 2 1.0
3 3 -0.9670180424703703
Nupdn
1
1 2 10.712950000000001
Ntot
2
1 3 -0.2547078827535055
3 2 40.672537599115124
489 3 3
Id
3
1 1 1.0
2 2 1.0
3 3 -0.96701804247037
Nupdn
1
1 2 10.712950000000001
Ntot
2
1 3 0.25470788275350525
3 2 -40.67253759911514
490 3 3
Id
3
1 1 1.0
2 2 1.0
3 3 -0.9670180424703703
Nupdn
1
1 2 10.712950000000001
Ntot
2
1 3 -0.25470788275350553
3 2 40.672537599115074
491 3 3
Id
3
1 1 1.0
2 2 1.0
3 3 -0.96701804247037
Nupdn
1
1 2 10.712950000000001
Ntot
2
1 3 0.25470788275350537
3 2 -40.67253759911511
492 3 3
Id
3
1 1 1.0
2 2 1.0
3 3 -0.9670180424703703
Nupdn
1
1 2 10.712950000000001
Ntot
2
1 3 -0.2547078827535055
3 2 40.6725375991151
493 3 3
Id
3
1 1 1.0
2 2 1.0
3 3 -0.96701804247037
Nupdn
1
1 2 10.712950000000001
Ntot
2
1 3 0.2547078827535053
3 2 -40.67253759911512
494 3 3
Id
3
1 1 1.0
2 2 1.0
3 3 -0.96701804247037
Nupdn
1
1 2 10.712950000000001
Ntot
2
1 3 -0.25470788275350537
3 2 40.67253759911513
495 3 3
Id
3
1 1 1.0
2 2 1.0
3 3 -0.96701804247037
Nupdn
1
1 2 10.712950000000001
Ntot
2
1 3 0.25470788275350514
3 2 -40.67253759911518
496 3 3
Id
3
1 1 1.0
2 2 1.0
3 3 -0.9670180424703703
Nupdn
1
1 2 10.712950000000001
Ntot
2
1 3 -0.2547078827535055
3 2 40.672537599115145
497 3 3
Id
3
1 1 1.0
2 2 1.0
3 3 -0.96701804247037
Nupdn
1
1 2 10.712950000000001
Ntot
2
1 3 0.25470788275350525
3 2 -40.67253759911518
498 3 3
Id
3
1 1 1.0
2 2 1.0
3 3 -0.9670180424703698
Nupdn
1
1 2 10.712950000000001
Ntot
2
1 3 -0.2547078827535053
3 2 40.67253759911513
499 3 3
Id
3
1 1 1.0
2 2 1.0
3 3 -0.9670180424703703
Nupdn
1
1 2 10.712950000000001
Ntot
2
1 3 0.25470788275350503
3 2 -40.67253759911515
500 3 3
Id
3
1 1 1.0
2 2 1.0
3 3 -0.9670180424703698
Nupdn
1
1 2 10.712950000000001
Ntot
2
1 3 -0.25470788275350525
3 2 40.67253759911513
501 3 3
Id
3
1 1 1.0
2 2 1.0
3 3 -0.9670180424703703
Nupdn
1
1 2 10.712950000000001
Ntot
2
1 3 0.25470788275350503
3 2 -40.67253759911516
502 3 3
Id
3
1 1 1.0
2 2 1.0
3 3 -0.9670180424703703
Nupdn
1
1 2 10.712950000000001
Ntot
2
1 3 -0.25470788275350514
3 2 40.67253759911519
503 3 3
Id
3
1 1 1.0
2 2 1.0
3 3 -0.9670180424703705
Nupdn
1
1 2 10.712950000000001
Ntot
2
1 3 0.25470788275350503
3 2 -40.67253759911522
504 3 3
Id
3
1 1 1.0
2 2 1.0
3 3 -0.9670180424703705
Nupdn
1
1 2 10.712950000000001
Ntot
2
1 3 -0.2547078827535052
3 2 40.67253759911517
505 3 3
Id
3
1 1 1.0
2 2 1.0
3 3 -0.96701804247037
Nupdn
1
1 2 10.712950000000001
Ntot
2
1 3 0.254707882753505
3 2 -40.6725375991152
506 3 3
Id
3
1 1 1.0
2 2 1.0
3 3 -0.96701804247037
Nupdn
1
1 2 10.712950000000001
Ntot
2
1 3 -0.25470788275350537
3 2 40.6725375991151
507 3 3
Id
3
1 1 1.0
2 2 1.0
3 3 -0.9670180424703703
Nupdn
1
1 2 10.712950000000001
Ntot
2
1 3 0.254707882753505
3 2 -40.67253759911517
508 3 3
Id
3
1 1 1.0
2 2 1.0
3 3 -0.9670180424703703
Nupdn
1
1 2 10.712950000000001
Ntot
2
1 3 -0.2547078827535052
3 2 40.67253759911517
509 3 3
Id
3
1 1 1.0
2 2 1.0
3 3 -0.96701804247037
Nupdn
1
1 2 10.712950000000001
Ntot
2
1 3 0.25470788275350503
3 2 -40.67253759911515
510 3 3
Id
3
1 1 1.0
2 2 1.0
3 3 -0.9670180424703703
Nupdn
1
1 2 10.712950000000001
Ntot
2
1 3 -0.25470788275350525
3 2 40.67253759911518
511 3 3
Id
3
1 1 1.0
2 2 1.0
3 3 -0.9670180424703703
Nupdn
1
1 2 10.712950000000001
Ntot
2
1 3 0.25470788275350503
3 2 -40.67253759911521
512 3 3
Id
3
1 1 1.0
2 2 1.0
3 3 -0.96701804247037
Nupdn
1
1 2 10.712950000000001
Ntot
2
1 3 -0.25470788275350514
3 2 40.67253759911513
513 3 1
Id
1
2 1 1.0
Nupdn
1
1 1 10.712950000000001
Ntot
1
3 1 -40.672537599115195
