513
0
1 1 784063248.44917547702789306641
1 2 -104.16666666666665719276
1 3 6.51041666666666607455
2 1 -104.16666666666665719276
2 2 723781616.26077973842620849609
2 3 -104.16666666666665719276
2 4 6.51041666666666607455
3 1 6.51041666666666607455
3 2 -104.16666666666665719276
3 3 668134656.20080244541168212891
3 4 -104.16666666666665719276
3 5 6.51041666666666607455
4 2 6.51041666666666607455
4 3 -104.16666666666665719276
4 4 616766037.74271535873413085938
4 5 -104.16666666666665719276
4 6 6.51041666666666607455
5 3 6.51041666666666607455
5 4 -104.16666666666665719276
5 5 569346826.35275483131408691406
5 6 -104.16666666666665719276
5 7 6.51041666666666607455
6 4 6.51041666666666607455
6 5 -104.16666666666665719276
6 6 525573377.18592095375061035156
6 7 -104.16666666666665719276
6 8 6.51041666666666607455
7 5 6.51041666666666607455
7 6 -104.16666666666665719276
7 7 485165390.72229027748107910156
7 8 -104.16666666666665719276
7 9 6.51041666666666607455
8 6 6.51041666666666607455
8 7 -104.16666666666665719276
8 8 447864117.89314454793930053711
8 9 -104.16666666666665719276
8 10 6.51041666666666607455
9 7 6.51041666666666607455
9 8 -104.16666666666665719276
9 9 413430703.20353096723556518555
9 10 -104.16666666666665719276
9 11 6.51041666666666607455
10 8 6.51041666666666607455
10 9 -104.16666666666665719276
10 10 381644655.24164032936096191406
10 11 -104.16666666666665719276
10 12 6.51041666666666607455
11 9 6.51041666666666607455
11 10 -104.16666666666665719276
11 11 352302434.78098821640014648438
11 12 -104.16666666666665719276
11 13 6.51041666666666607455
12 10 6.51041666666666607455
12 11 -104.16666666666665719276
12 12 325216151.43448102474212646484
12 13 -104.16666666666665719276
12 14 6.51041666666666607455
13 11 6.51041666666666607455
13 12 -104.16666666666665719276
13 13 300212360.51445901393890380859
13 14 -104.16666666666665719276
13 15 6.51041666666666607455
14 12 6.51041666666666607455
14 13 -104.16666666666665719276
14 14 277130952.39455401897430419922
14 15 -104.16666666666665719276
14 16 6.51041666666666607455
15 13 6.51041666666666607455
15 14 -104.16666666666665719276
15 15 255824127.26144751906394958496
15 16 -104.16666666666665719276
15 17 6.51041666666666607455
16 14 6.51041666666666607455
16 15 -104.16666666666665719276
16 16 236155448.69147616624832153320
16 17 -104.16666666666665719276
16 18 6.51041666666666607455
17 15 6.51041666666666607455
17 16 -104.16666666666665719276
17 17 217998969.99171030521392822266
17 18 -104.16666666666665719276
17 19 6.51041666666666607455
18 16 6.51041666666666607455
18 17 -104.16666666666665719276
18 18 201238427.71113640069961547852
18 19 -104.16666666666665719276
18 20 6.51041666666666607455
19 17 6.51041666666666607455
19 18 -104.16666666666665719276
19 19 185766497.15763360261917114258
19 20 -104.16666666666665719276
19 21 6.51041666666666607455
20 18 6.51041666666666607455
20 19 -104.16666666666665719276
20 20 171484105.15353700518608093262
20 21 -104.16666666666665719276
20 22 6.51041666666666607455
21 19 6.51041666666666607455
21 20 -104.16666666666665719276
21 21 158299795.62905302643775939941
21 22 -104.16666666666665719276
21 23 6.51041666666666607455
22 20 6.51041666666666607455
22 21 -104.16666666666665719276
22 22 146129143.99118140339851379395
22 23 -104.16666666666665719276
22 24 6.51041666666666607455
23 21 6.51041666666666607455
23 22 -104.16666666666665719276
23 23 134894216.51808434724807739258
23 24 -104.16666666666665719276
23 25 6.51041666666666607455
24 22 6.51041666666666607455
24 23 -104.16666666666665719276
24 24 124523071.31720060110092163086
24 25 -104.16666666666665719276
24 26 6.51041666666666607455
25 23 6.51041666666666607455
25 24 -104.16666666666665719276
25 25 114949297.65151509642601013184
25 26 -104.16666666666665719276
25 27 6.51041666666666607455
26 24 6.51041666666666607455
26 25 -104.16666666666665719276
26 26 106111590.68411527574062347412
26 27 -104.16666666666665719276
26 28 6.51041666666666607455
27 25 6.51041666666666607455
27 26 -104.16666666666665719276
27 27 97953358.91793343424797058105
27 28 -104.16666666666665719276
27 29 6.51041666666666607455
28 26 6.51041666666666607455
28 27 -104.16666666666665719276
28 28 90422361.81695993244647979736
28 29 -104.16666666666665719276
28 30 6.51041666666666607455
29 27 6.51041666666666607455
29 28 -104.16666666666665719276
29 29 83470375.28846123814582824707
29 30 -104.16666666666665719276
29 31 6.51041666666666607455
30 28 6.51041666666666607455
30 29 -104.16666666666665719276
30 30 77052882.88414411246776580811
30 31 -104.16666666666665719276
30 32 6.51041666666666607455
31 29 6.51041666666666607455
31 30 -104.16666666666665719276
31 31 71128790.74290718138217926025
31 32 -104.16666666666665719276
31 33 6.51041666666666607455
32 30 6.51041666666666607455
32 31 -104.16666666666665719276
32 32 65660164.44983050972223281860
32 33 -104.16666666666665719276
32 34 6.51041666666666607455
33 31 6.51041666666666607455
33 32 -104.16666666666665719276
33 33 60611986.12641190737485885620
33 34 -104.16666666666665719276
33 35 6.51041666666666607455
34 32 6.51041666666666607455
34 33 -104.16666666666665719276
34 34 55951930.19658931344747543335
34 35 -104.16666666666665719276
34 36 6.51041666666666607455
35 33 6.51041666666666607455
35 34 -104.16666666666665719276
35 35 51650156.39269429445266723633
35 36 -104.16666666666665719276
35 37 6.51041666666666607455
36 34 6.51041666666666607455
36 35 -104.16666666666665719276
36 36 47679118.67586079984903335571
36 37 -104.16666666666665719276
36 38 6.51041666666666607455
37 35 6.51041666666666607455
37 36 -104.16666666666665719276
37 37 44013388.84733410924673080444
37 38 -104.16666666666665719276
37 39 6.51041666666666607455
38 36 6.51041666666666607455
38 37 -104.16666666666665719276
38 38 40629493.72118388116359710693
38 39 -104.16666666666665719276
38 40 6.51041666666666607455
39 37 6.51041666666666607455
39 38 -104.16666666666665719276
39 39 37505764.81577668339014053345
39 40 -104.16666666666665719276
39 41 6.51041666666666607455
40 38 6.51041666666666607455
40 39 -104.16666666666665719276
40 40 34622199.60151474177837371826
40 41 -104.16666666666665719276
40 42 6.51041666666666607455
41 39 6.51041666666666607455
41 40 -104.16666666666665719276
41 41 31960333.41635777801275253296
41 42 -104.16666666666665719276
41 43 6.51041666666666607455
42 40 6.51041666666666607455
42 41 -104.16666666666665719276
42 42 29503121.22894543781876564026
42 43 -104.16666666666665719276
42 44 6.51041666666666607455
43 41 6.51041666666666607455
43 42 -104.16666666666665719276
43 43 27234828.49220474809408187866
43 44 -104.16666666666665719276
43 45 6.51041666666666607455
44 42 6.51041666666666607455
44 43 -104.16666666666665719276
44 44 25140930.38852924481034278870
44 45 -104.16666666666665719276
44 46 6.51041666666666607455
45 43 6.51041666666666607455
45 44 -104.16666666666665719276
45 45 23208018.82135849446058273315
45 46 -104.16666666666665719276
45 47 6.51041666666666607455
46 44 6.51041666666666607455
46 45 -104.16666666666665719276
46 46 21423716.55758328735828399658
46 47 -104.16666666666665719276
46 48 6.51041666666666607455
47 45 6.51041666666666607455
47 46 -104.16666666666665719276
47 47 19776597.97099778801202774048
47 48 -104.16666666666665719276
47 49 6.51041666666666607455
48 46 6.51041666666666607455
48 47 -104.16666666666665719276
48 48 18256115.87928339466452598572
48 49 -104.16666666666665719276
48 50 6.51041666666666607455
49 47 6.51041666666666607455
49 48 -104.16666666666665719276
49 49 16852534.00603375956416130066
49 50 -104.16666666666665719276
49 51 6.51041666666666607455
50 48 6.51041666666666607455
50 49 -104.16666666666665719276
50 50 15556864.63534498587250709534
50 51 -104.16666666666665719276
50 52 6.51041666666666607455
51 49 6.51041666666666607455
51 50 -104.16666666666665719276
51 51 14360811.05974974669516086578
51 52 -104.16666666666665719276
51 53 6.51041666666666607455
52 50 6.51041666666666607455
52 51 -104.16666666666665719276
52 52 13256714.45296354964375495911
52 53 -104.16666666666665719276
52 54 6.51041666666666607455
53 51 6.51041666666666607455
53 52 -104.16666666666665719276
53 53 12237504.82724923826754093170
53 54 -104.16666666666665719276
53 55 6.51041666666666607455
54 52 6.51041666666666607455
54 53 -104.16666666666665719276
54 54 11296655.76135775074362754822
54 55 -104.16666666666665719276
54 56 6.51041666666666607455
55 53 6.51041666666666607455
55 54 -104.16666666666665719276
55 55 10428142.60915068350732326508
55 56 -104.16666666666665719276
55 57 6.51041666666666607455
56 54 6.51041666666666607455
56 55 -104.16666666666665719276
56 56 9626403.92129659093916416168
56 57 -104.16666666666665719276
56 58 6.51041666666666607455
57 55 6.51041666666666607455
57 56 -104.16666666666665719276
57 57 8886305.83300787210464477539
57 58 -104.16666666666665719276
57 59 6.51041666666666607455
58 56 6.51041666666666607455
58 57 -104.16666666666665719276
58 58 8203109.18977907299995422363
58 59 -104.16666666666665719276
58 60 6.51041666666666607455
59 57 6.51041666666666607455
59 58 -104.16666666666665719276
59 59 7572439.20061809010803699493
59 60 -104.16666666666665719276
59 61 6.51041666666666607455
60 58 6.51041666666666607455
60 59 -104.16666666666665719276
60 60 6990257.42444810364395380020
60 61 -104.16666666666665719276
60 62 6.51041666666666607455
61 59 6.51041666666666607455
61 60 -104.16666666666665719276
61 61 6452835.91029718425124883652
61 62 -104.16666666666665719276
61 63 6.51041666666666607455
62 60 6.51041666666666607455
62 61 -104.16666666666665719276
62 62 5956733.32568461354821920395
62 63 -104.16666666666665719276
62 64 6.51041666666666607455
63 61 6.51041666666666607455
63 62 -104.16666666666665719276
63 63 5498772.92034409102052450180
63 64 -104.16666666666665719276
63 65 6.51041666666666607455
64 62 6.51041666666666607455
64 63 -104.16666666666665719276
64 64 5076022.18417640496045351028
64 65 -104.16666666666665719276
64 66 6.51041666666666607455
65 63 6.51041666666666607455
65 64 -104.16666666666665719276
65 65 4685774.06917302962392568588
65 66 -104.16666666666665719276
65 67 6.51041666666666607455
66 64 6.51041666666666607455
66 65 -104.16666666666665719276
66 66 4325529.65506684966385364532
66 67 -104.16666666666665719276
66 68 6.51041666666666607455
67 65 6.51041666666666607455
67 66 -104.16666666666665719276
67 67 3992982.14771095151081681252
67 68 -104.16666666666665719276
67 69 6.51041666666666607455
68 66 6.51041666666666607455
68 67 -104.16666666666665719276
68 68 3686002.10772059159353375435
68 69 -104.16666666666665719276
68 70 6.51041666666666607455
69 67 6.51041666666666607455
69 68 -104.16666666666665719276
69 69 3402623.81479106750339269638
69 70 -104.16666666666665719276
69 71 6.51041666666666607455
70 68 6.51041666666666607455
70 69 -104.16666666666665719276
70 70 3141032.68037668289616703987
70 71 -104.16666666666665719276
70 72 6.51041666666666607455
71 69 6.51041666666666607455
71 70 -104.16666666666665719276
71 71 2899553.62812894163653254509
71 72 -104.16666666666665719276
71 73 6.51041666666666607455
72 70 6.51041666666666607455
72 71 -104.16666666666665719276
72 72 2676640.36768909869715571404
72 73 -104.16666666666665719276
72 74 6.51041666666666607455
73 71 6.51041666666666607455
73 72 -104.16666666666665719276
73 73 2470865.49315073806792497635
73 74 -104.16666666666665719276
73 75 6.51041666666666607455
74 72 6.51041666666666607455
74 73 -104.16666666666665719276
74 74 2280911.34278871864080429077
74 75 -104.16666666666665719276
74 76 6.51041666666666607455
75 73 6.51041666666666607455
75 74 -104.16666666666665719276
75 75 2105561.56152555346488952637
75 76 -104.16666666666665719276
75 77 6.51041666666666607455
76 74 6.51041666666666607455
76 75 -104.16666666666665719276
76 76 1943693.31210620491765439510
76 77 -104.16666666666665719276
76 78 6.51041666666666607455
77 75 6.51041666666666607455
77 76 -104.16666666666665719276
77 77 1794270.08510621497407555580
77 78 -104.16666666666665719276
77 79 6.51041666666666607455
78 76 6.51041666666666607455
78 77 -104.16666666666665719276
78 78 1656335.06173268356360495090
78 79 -104.16666666666665719276
78 80 6.51041666666666607455
79 77 6.51041666666666607455
79 78 -104.16666666666665719276
79 79 1529004.98691735393367707729
79 80 -104.16666666666665719276
79 81 6.51041666666666607455
80 78 6.51041666666666607455
80 79 -104.16666666666665719276
80 80 1411464.51346868975088000298
80 81 -104.16666666666665719276
80 82 6.51041666666666607455
81 79 6.51041666666666607455
81 80 -104.16666666666665719276
81 81 1302960.98106620367616415024
81 82 -104.16666666666665719276
81 83 6.51041666666666607455
82 80 6.51041666666666607455
82 81 -104.16666666666665719276
82 82 1202799.59666477679274976254
82 83 -104.16666666666665719276
82 84 6.51041666666666607455
83 81 6.51041666666666607455
83 82 -104.16666666666665719276
83 83 1110338.98544710408896207809
83 84 -104.16666666666665719276
83 85 6.51041666666666607455
84 82 6.51041666666666607455
84 83 -104.16666666666665719276
84 84 1024987.08383517106994986534
84 85 -104.16666666666665719276
84 86 6.51041666666666607455
85 83 6.51041666666666607455
85 84 -104.16666666666665719276
85 85 946197.34826201177202165127
85 86 -104.16666666666665719276
85 87 6.51041666666666607455
86 84 6.51041666666666607455
86 85 -104.16666666666665719276
86 86 873465.25542694772593677044
86 87 -104.16666666666665719276
86 88 6.51041666666666607455
87 85 6.51041666666666607455
87 86 -104.16666666666665719276
87 87 806325.07162398996297270060
87 88 -104.16666666666665719276
87 89 6.51041666666666607455
88 86 6.51041666666666607455
88 87 -104.16666666666665719276
88 88 744346.87045607634354382753
88 89 -104.16666666666665719276
88 90 6.51041666666666607455
89 87 6.51041666666666607455
89 88 -104.16666666666665719276
89 89 687133.77983833593316376209
89 90 -104.16666666666665719276
89 91 6.51041666666666607455
90 88 6.51041666666666607455
90 89 -104.16666666666665719276
90 90 634319.44066179997753351927
90 91 -104.16666666666665719276
90 92 6.51041666666666607455
91 89 6.51041666666666607455
91 90 -104.16666666666665719276
91 91 585565.66084433253854513168
91 92 -104.16666666666665719276
91 93 6.51041666666666607455
92 90 6.51041666666666607455
92 91 -104.16666666666665719276
92 92 540560.24974669248331338167
92 93 -104.16666666666665719276
92 94 6.51041666666666607455
93 91 6.51041666666666607455
93 92 -104.16666666666665719276
93 93 499015.01908661046763882041
93 94 -104.16666666666665719276
93 95 6.51041666666666607455
94 92 6.51041666666666607455
94 93 -104.16666666666665719276
94 94 460663.93754988553700968623
94 95 -104.16666666666665719276
94 96 6.51041666666666607455
95 93 6.51041666666666607455
95 94 -104.16666666666665719276
95 95 425261.42728172801434993744
95 96 -104.16666666666665719276
95 97 6.51041666666666607455
96 94 6.51041666666666607455
96 95 -104.16666666666665719276
96 96 392580.79135007108561694622
96 97 -104.16666666666665719276
96 98 6.51041666666666607455
97 95 6.51041666666666607455
97 96 -104.16666666666665719276
97 97 362412.76211124815745279193
97 98 -104.16666666666665719276
97 99 6.51041666666666607455
98 96 6.51041666666666607455
98 97 -104.16666666666665719276
98 98 334564.16118262073723599315
98 99 -104.16666666666665719276
98 100 6.51041666666666607455
99 97 6.51041666666666607455
99 98 -104.16666666666665719276
99 99 308856.66244140669004991651
99 100 -104.16666666666665719276
99 101 6.51041666666666607455
100 98 6.51041666666666607455
100 99 -104.16666666666665719276
100 100 285125.65012867812765762210
100 101 -104.16666666666665719276
100 102 6.51041666666666607455
101 99 6.51041666666666607455
101 100 -104.16666666666665719276
101 101 263219.16474649595329537988
101 102 -104.16666666666665719276
101 103 6.51041666666666607455
102 100 6.51041666666666607455
102 101 -104.16666666666665719276
102 102 242996.92999832364148460329
102 103 -104.16666666666665719276
102 104 6.51041666666666607455
103 101 6.51041666666666607455
103 102 -104.16666666666665719276
103 103 224329.45454181794775649905
103 104 -104.16666666666665719276
103 105 6.51041666666666607455
104 102 6.51041666666666607455
104 103 -104.16666666666665719276
104 104 207097.20280214623198844492
104 105 -104.16666666666665719276
104 106 6.51041666666666607455
105 103 6.51041666666666607455
105 104 -104.16666666666665719276
105 105 191189.82953620571061037481
105 106 -104.16666666666665719276
105 107 6.51041666666666607455
106 104 6.51041666666666607455
106 105 -104.16666666666665719276
106 106 176505.47324634226970374584
106 107 -104.16666666666665719276
106 108 6.51041666666666607455
107 105 6.51041666666666607455
107 106 -104.16666666666665719276
107 107 162950.10391900391550734639
107 108 -104.16666666666665719276
107 109 6.51041666666666607455
108 106 6.51041666666666607455
108 107 -104.16666666666665719276
108 108 150436.92091162985889241099
108 109 -104.16666666666665719276
108 110 6.51041666666666607455
109 107 6.51041666666666607455
109 108 -104.16666666666665719276
109 109 138885.79713219541008584201
109 110 -104.16666666666665719276
109 111 6.51041666666666607455
110 108 6.51041666666666607455
110 109 -104.16666666666665719276
110 110 128222.76595226407516747713
110 111 -104.16666666666665719276
110 112 6.51041666666666607455
111 109 6.51041666666666607455
111 110 -104.16666666666665719276
111 111 118379.54756803908094298095
111 112 -104.16666666666665719276
111 113 6.51041666666666607455
112 110 6.51041666666666607455
112 111 -104.16666666666665719276
112 112 109293.11177650754689238966
112 113 -104.16666666666665719276
112 114 6.51041666666666607455
113 111 6.51041666666666607455
113 112 -104.16666666666665719276
113 113 100905.27436695218784734607
113 114 -104.16666666666665719276
113 115 6.51041666666666607455
114 112 6.51041666666666607455
114 113 -104.16666666666665719276
114 114 93162.32454335830698255450
114 115 -104.16666666666665719276
114 116 6.51041666666666607455
115 113 6.51041666666666607455
115 114 -104.16666666666665719276
115 115 86014.68099194728711154312
115 116 -104.16666666666665719276
115 117 6.51041666666666607455
116 114 6.51041666666666607455
116 115 -104.16666666666665719276
116 116 79416.57439149473793804646
116 117 -104.16666666666665719276
116 118 6.51041666666666607455
117 115 6.51041666666666607455
117 116 -104.16666666666665719276
117 117 73325.75433341557800304145
117 118 -104.16666666666665719276
117 119 6.51041666666666607455
118 116 6.51041666666666607455
118 117 -104.16666666666665719276
118 118 67703.21877490296901669353
118 119 -104.16666666666665719276
118 120 6.51041666666666607455
119 117 6.51041666666666607455
119 118 -104.16666666666665719276
119 119 62512.96429269986401777714
119 120 -104.16666666666665719276
119 121 6.51041666666666607455
120 118 6.51041666666666607455
120 119 -104.16666666666665719276
120 120 57721.75553827168187126517
120 121 -104.16666666666665719276
120 122 6.51041666666666607455
121 119 6.51041666666666607455
121 120 -104.16666666666665719276
121 121 53298.91241810826613800600
121 122 -104.16666666666665719276
121 123 6.51041666666666607455
122 120 6.51041666666666607455
122 121 -104.16666666666665719276
122 122 49216.11363638174952939153
122 123 -104.16666666666665719276
122 124 6.51041666666666607455
123 121 6.51041666666666607455
123 122 -104.16666666666665719276
123 123 45447.21534196256106952205
123 124 -104.16666666666665719276
123 125 6.51041666666666607455
124 122 6.51041666666666607455
124 123 -104.16666666666665719276
124 124 41968.08371851550327846780
124 125 -104.16666666666665719276
124 126 6.51041666666666607455
125 123 6.51041666666666607455
125 124 -104.16666666666665719276
125 125 38756.44044568084063939750
125 126 -104.16666666666665719276
125 127 6.51041666666666607455
126 124 6.51041666666666607455
126 125 -104.16666666666665719276
126 126 35791.72004176449263468385
126 127 -104.16666666666665719276
126 128 6.51041666666666607455
127 125 6.51041666666666607455
127 126 -104.16666666666665719276
127 127 33054.93817444332671584561
127 128 -104.16666666666665719276
127 129 6.51041666666666607455
128 126 6.51041666666666607455
128 127 -104.16666666666665719276
128 128 30528.57009622461191611364
128 129 -104.16666666666665719276
128 130 6.51041666666666607455
129 127 6.51041666666666607455
129 128 -104.16666666666665719276
129 129 28196.43842623152886517346
129 130 -104.16666666666665719276
129 131 6.51041666666666607455
130 128 6.51041666666666607455
130 129 -104.16666666666665719276
130 130 26043.60955973494856152683
130 131 -104.16666666666665719276
130 132 6.51041666666666607455
131 129 6.51041666666666607455
131 130 -104.16666666666665719276
131 131 24056.29804209894427913241
131 132 -104.16666666666665719276
131 133 6.51041666666666607455
132 130 6.51041666666666607455
132 131 -104.16666666666665719276
132 132 22221.77829480671789497137
132 133 -104.16666666666665719276
132 134 6.51041666666666607455
133 131 6.51041666666666607455
133 132 -104.16666666666665719276
133 133 20528.30312831218179780990
133 134 -104.16666666666665719276
133 135 6.51041666666666607455
134 132 6.51041666666666607455
134 133 -104.16666666666665719276
134 134 18965.02851992124487878755
134 135 -104.16666666666665719276
134 136 6.51041666666666607455
135 133 6.51041666666666607455
135 134 -104.16666666666665719276
135 135 17521.94417502440410316922
135 136 -104.16666666666665719276
135 137 6.51041666666666607455
136 134 6.51041666666666607455
136 135 -104.16666666666665719276
136 136 16189.80942703548316785600
136 137 -104.16666666666665719276
136 138 6.51041666666666607455
137 135 6.51041666666666607455
137 136 -104.16666666666665719276
137 137 14960.09406557726651953999
137 138 -104.16666666666665719276
137 139 6.51041666666666607455
138 136 6.51041666666666607455
138 137 -104.16666666666665719276
138 138 13824.92371401243872242048
138 139 -104.16666666666665719276
138 140 6.51041666666666607455
139 137 6.51041666666666607455
139 138 -104.16666666666665719276
139 139 12777.02940654947997245472
139 140 -104.16666666666665719276
139 141 6.51041666666666607455
140 138 6.51041666666666607455
140 139 -104.16666666666665719276
140 140 11809.70104204492054122966
140 141 -104.16666666666665719276
140 142 6.51041666666666607455
141 139 6.51041666666666607455
141 140 -104.16666666666665719276
141 141 10916.74441644731268752366
141 142 -104.16666666666665719276
141 143 6.51041666666666607455
142 140 6.51041666666666607455
142 141 -104.16666666666665719276
142 142 10092.44155874392708938103
142 143 -104.16666666666665719276
142 144 6.51041666666666607455
143 141 6.51041666666666607455
143 142 -104.16666666666665719276
143 143 9331.51411642469611251727
143 144 -104.16666666666665719276
143 145 6.51041666666666607455
144 142 6.51041666666666607455
144 143 -104.16666666666665719276
144 144 8629.08955600564149790443
144 145 -104.16666666666665719276
144 146 6.51041666666666607455
145 143 6.51041666666666607455
145 144 -104.16666666666665719276
145 145 7980.66996217936411994742
145 146 -104.16666666666665719276
145 147 6.51041666666666607455
146 144 6.51041666666666607455
146 145 -104.16666666666665719276
146 146 7382.10323580094518547412
146 147 -104.16666666666665719276
146 148 6.51041666666666607455
147 145 6.51041666666666607455
147 146 -104.16666666666665719276
147 147 6829.55650627788963902276
147 148 -104.16666666666665719276
147 149 6.51041666666666607455
148 146 6.51041666666666607455
148 147 -104.16666666666665719276
148 148 6319.49158811268262070371
148 149 -104.16666666666665719276
148 150 6.51041666666666607455
149 147 6.51041666666666607455
149 148 -104.16666666666665719276
149 149 5848.64232443601758859586
149 150 -104.16666666666665719276
149 151 6.51041666666666607455
150 148 6.51041666666666607455
150 149 -104.16666666666665719276
150 150 5413.99367245197754527908
150 151 -104.16666666666665719276
150 152 6.51041666666666607455
151 149 6.51041666666666607455
151 150 -104.16666666666665719276
151 151 5012.76239687059387506451
151 152 -104.16666666666665719276
151 153 6.51041666666666607455
152 150 6.51041666666666607455
152 151 -104.16666666666665719276
152 152 4642.37924769985784223536
152 153 -104.16666666666665719276
152 154 6.51041666666666607455
153 151 6.51041666666666607455
153 152 -104.16666666666665719276
153 153 4300.47250827419156848919
153 154 -104.16666666666665719276
153 155 6.51041666666666607455
154 152 6.51041666666666607455
154 153 -104.16666666666665719276
154 154 3984.85280817060265690088
154 155 -104.16666666666665719276
154 156 6.51041666666666607455
155 153 6.51041666666666607455
155 154 -104.16666666666665719276
155 155 3693.49910376333218664513
155 156 -104.16666666666665719276
155 157 6.51041666666666607455
156 154 6.51041666666666607455
156 155 -104.16666666666665719276
156 156 3424.54573664468125571148
156 157 -104.16666666666665719276
156 158 6.51041666666666607455
157 155 6.51041666666666607455
157 156 -104.16666666666665719276
157 157 3176.27048704172830184689
157 158 -104.16666666666665719276
157 159 6.51041666666666607455
158 156 6.51041666666666607455
158 157 -104.16666666666665719276
158 158 2947.08354573002043252927
158 159 -104.16666666666665719276
158 160 6.51041666666666607455
159 157 6.51041666666666607455
159 158 -104.16666666666665719276
159 159 2735.51733382682823503274
159 160 -104.16666666666665719276
159 161 6.51041666666666607455
160 158 6.51041666666666607455
160 159 -104.16666666666665719276
160 160 2540.21710527589266348514
160 161 -104.16666666666665719276
160 162 6.51041666666666607455
161 159 6.51041666666666607455
161 160 -104.16666666666665719276
161 161 2359.93227184747820501798
161 162 -104.16666666666665719276
161 163 6.51041666666666607455
162 160 6.51041666666666607455
162 161 -104.16666666666665719276
162 162 2193.50839510411879018648
162 163 -104.16666666666665719276
162 164 6.51041666666666607455
163 161 6.51041666666666607455
163 162 -104.16666666666665719276
163 163 2039.87979405328746906889
163 164 -104.16666666666665719276
163 165 6.51041666666666607455
164 162 6.51041666666666607455
164 163 -104.16666666666665719276
164 164 1898.06272115075398687623
164 165 -104.16666666666665719276
164 166 6.51041666666666607455
165 163 6.51041666666666607455
165 164 -104.16666666666665719276
165 165 1767.14906295771993427479
165 166 -104.16666666666665719276
165 167 6.51041666666666607455
166 164 6.51041666666666607455
166 165 -104.16666666666665719276
166 166 1646.30052511445751406427
166 167 -104.16666666666665719276
166 168 6.51041666666666607455
167 165 6.51041666666666607455
167 166 -104.16666666666665719276
167 167 1534.74326439441801994690
167 168 -104.16666666666665719276
167 169 6.51041666666666607455
168 166 6.51041666666666607455
168 167 -104.16666666666665719276
168 168 1431.76293346563397790305
168 169 -104.16666666666665719276
168 170 6.51041666666666607455
169 167 6.51041666666666607455
169 168 -104.16666666666665719276
169 169 1336.70010662896788744547
169 170 -104.16666666666665719276
169 171 6.51041666666666607455
170 168 6.51041666666666607455
170 169 -104.16666666666665719276
170 170 1248.94605724231951171532
170 171 -104.16666666666665719276
170 172 6.51041666666666607455
171 169 6.51041666666666607455
171 170 -104.16666666666665719276
171 171 1167.93885979188416968100
171 172 -104.16666666666665719276
171 173 6.51041666666666607455
172 170 6.51041666666666607455
172 171 -104.16666666666665719276
172 172 1093.15979165041744636255
172 173 -104.16666666666665719276
172 174 6.51041666666666607455
173 171 6.51041666666666607455
173 172 -104.16666666666665719276
173 173 1024.13001148146940977313
173 174 -104.16666666666665719276
173 175 6.51041666666666607455
174 172 6.51041666666666607455
174 173 -104.16666666666665719276
174 174 960.40749302003837328812
174 175 -104.16666666666665719276
174 176 6.51041666666666607455
175 173 6.51041666666666607455
175 174 -104.16666666666665719276
175 175 901.58419459536639806174
175 176 -104.16666666666665719276
175 177 6.51041666666666607455
176 174 6.51041666666666607455
176 175 -104.16666666666665719276
176 176 847.28344627117246545822
176 177 -104.16666666666665719276
176 178 6.51041666666666607455
177 175 6.51041666666666607455
177 176 -104.16666666666665719276
177 177 797.15753787208223002381
177 178 -104.16666666666665719276
177 179 6.51041666666666607455
178 176 6.51041666666666607455
178 177 -104.16666666666665719276
178 178 750.88549245140302446089
178 179 -104.16666666666665719276
178 180 6.51041666666666607455
179 177 6.51041666666666607455
179 178 -104.16666666666665719276
179 179 708.17101094282907070010
179 180 -104.16666666666665719276
179 181 6.51041666666666607455
180 178 6.51041666666666607455
180 179 -104.16666666666665719276
180 180 668.74057483483488795173
180 181 -104.16666666666665719276
180 182 6.51041666666666607455
181 179 6.51041666666666607455
181 180 -104.16666666666665719276
181 181 632.34169471839140896918
181 182 -104.16666666666665719276
181 183 6.51041666666666607455
182 180 6.51041666666666607455
182 181 -104.16666666666665719276
182 182 598.74129349273516709218
182 183 -104.16666666666665719276
182 184 6.51041666666666607455
183 181 6.51041666666666607455
183 182 -104.16666666666665719276
183 183 567.72421387618214794202
183 184 -104.16666666666665719276
183 185 6.51041666666666607455
184 182 6.51041666666666607455
184 183 -104.16666666666665719276
184 184 539.09184066496641207777
184 185 -104.16666666666665719276
184 186 6.51041666666666607455
185 183 6.51041666666666607455
185 184 -104.16666666666665719276
185 185 512.66082891785049469036
185 186 -104.16666666666665719276
185 187 6.51041666666666607455
186 184 6.51041666666666607455
186 185 -104.16666666666665719276
186 186 488.26192992255045055572
186 187 -104.16666666666665719276
186 188 6.51041666666666607455
187 185 6.51041666666666607455
187 186 -104.16666666666665719276
187 187 465.73890742615276394645
187 188 -104.16666666666665719276
187 189 6.51041666666666607455
188 186 6.51041666666666607455
188 187 -104.16666666666665719276
188 188 444.94753718969388955884
188 189 -104.16666666666665719276
188 190 6.51041666666666607455
189 187 6.51041666666666607455
189 188 -104.16666666666665719276
189 189 425.75468346064218394531
189 190 -104.16666666666665719276
189 191 6.51041666666666607455
190 188 6.51041666666666607455
190 189 -104.16666666666665719276
190 190 408.03744644954679188231
190 191 -104.16666666666665719276
190 192 6.51041666666666607455
191 189 6.51041666666666607455
191 190 -104.16666666666665719276
191 191 391.68237535179844144295
191 192 -104.16666666666665719276
191 193 6.51041666666666607455
192 190 6.51041666666666607455
192 191 -104.16666666666665719276
192 192 376.58474187515122366676
192 193 -104.16666666666665719276
192 194 6.51041666666666607455
193 191 6.51041666666666607455
193 192 -104.16666666666665719276
193 193 362.64786962110406420834
193 194 -104.16666666666665719276
193 195 6.51041666666666607455
194 192 6.51041666666666607455
194 193 -104.16666666666665719276
194 194 349.78251502589085930595
194 195 -104.16666666666665719276
194 196 6.51041666666666607455
195 193 6.51041666666666607455
195 194 -104.16666666666665719276
195 195 337.90629589698909285289
195 196 -104.16666666666665719276
195 197 6.51041666666666607455
196 194 6.51041666666666607455
196 195 -104.16666666666665719276
196 196 326.94316388583024490799
196 197 -104.16666666666665719276
196 198 6.51041666666666607455
197 195 6.51041666666666607455
197 196 -104.16666666666665719276
197 197 316.82291751873486873592
197 198 -104.16666666666665719276
197 199 6.51041666666666607455
198 196 6.51041666666666607455
198 197 -104.16666666666665719276
198 198 307.48075266780915626441
198 199 -104.16666666666665719276
198 200 6.51041666666666607455
199 197 6.51041666666666607455
199 198 -104.16666666666665719276
199 199 298.85684758328102361702
199 200 -104.16666666666665719276
199 201 6.51041666666666607455
200 198 6.51041666666666607455
200 199 -104.16666666666665719276
200 200 290.89597983006632375691
200 201 -104.16666666666665719276
200 202 6.51041666666666607455
201 199 6.51041666666666607455
201 200 -104.16666666666665719276
201 201 283.54717267565149541042
201 202 -104.16666666666665719276
201 203 6.51041666666666607455
202 200 6.51041666666666607455
202 201 -104.16666666666665719276
202 202 276.76336866496814081984
202 203 -104.16666666666665719276
202 204 6.51041666666666607455
203 201 6.51041666666666607455
203 202 -104.16666666666665719276
203 203 270.50112829202311104382
203 204 -104.16666666666665719276
203 205 6.51041666666666607455
204 202 6.51041666666666607455
204 203 -104.16666666666665719276
204 204 264.72035183875522079688
204 205 -104.16666666666665719276
204 206 6.51041666666666607455
205 203 6.51041666666666607455
205 204 -104.16666666666665719276
205 205 259.38402259993665666116
205 206 -104.16666666666665719276
205 207 6.51041666666666607455
206 204 6.51041666666666607455
206 205 -104.16666666666665719276
206 206 254.45796984988226085989
206 207 -104.16666666666665719276
206 208 6.51041666666666607455
207 205 6.51041666666666607455
207 206 -104.16666666666665719276
207 207 249.91065003314423620395
207 208 -104.16666666666665719276
207 209 6.51041666666666607455
208 206 6.51041666666666607455
208 207 -104.16666666666665719276
208 208 245.71294477806549139132
208 209 -104.16666666666665719276
208 210 6.51041666666666607455
209 207 6.51041666666666607455
209 208 -104.16666666666665719276
209 209 241.83797443978920682639
209 210 -104.16666666666665719276
209 211 6.51041666666666607455
210 208 6.51041666666666607455
210 209 -104.16666666666665719276
210 210 238.26092597876302647819
210 211 -104.16666666666665719276
210 212 6.51041666666666607455
211 209 6.51041666666666607455
211 210 -104.16666666666665719276
211 211 234.95889407257260472761
211 212 -104.16666666666665719276
211 213 6.51041666666666607455
212 210 6.51041666666666607455
212 211 -104.16666666666665719276
212 212 231.91073444367799538668
212 213 -104.16666666666665719276
212 214 6.51041666666666607455
213 211 6.51041666666666607455
213 212 -104.16666666666665719276
213 213 229.09692846384956510519
213 214 -104.16666666666665719276
213 215 6.51041666666666607455
214 212 6.51041666666666607455
214 213 -104.16666666666665719276
214 214 226.49945816830944522735
214 215 -104.16666666666665719276
214 216 6.51041666666666607455
215 213 6.51041666666666607455
215 214 -104.16666666666665719276
215 215 224.10169087924268183087
215 216 -104.16666666666665719276
215 217 6.51041666666666607455
216 214 6.51041666666666607455
216 215 -104.16666666666665719276
216 216 221.88827269987396562101
216 217 -104.16666666666665719276
216 218 6.51041666666666607455
217 215 6.51041666666666607455
217 216 -104.16666666666665719276
217 217 219.84503019710933813258
217 218 -104.16666666666665719276
217 219 6.51041666666666607455
218 216 6.51041666666666607455
218 217 -104.16666666666665719276
218 218 217.95887964317540763659
218 219 -104.16666666666665719276
218 220 6.51041666666666607455
219 217 6.51041666666666607455
219 218 -104.16666666666665719276
219 219 216.21774323509276882760
219 220 -104.16666666666665719276
219 221 6.51041666666666607455
220 218 6.51041666666666607455
220 219 -104.16666666666665719276
220 220 214.61047175550277188449
220 221 -104.16666666666665719276
220 222 6.51041666666666607455
221 219 6.51041666666666607455
221 220 -104.16666666666665719276
221 221 213.12677317961220069265
221 222 -104.16666666666665719276
221 223 6.51041666666666607455
222 220 6.51041666666666607455
222 221 -104.16666666666665719276
222 222 211.75714677109704098257
222 223 -104.16666666666665719276
222 224 6.51041666666666607455
223 221 6.51041666666666607455
223 222 -104.16666666666665719276
223 223 210.49282224495391346863
223 224 -104.16666666666665719276
223 225 6.51041666666666607455
224 222 6.51041666666666607455
224 223 -104.16666666666665719276
224 224 209.32570360773360107487
224 225 -104.16666666666665719276
224 226 6.51041666666666607455
225 223 6.51041666666666607455
225 224 -104.16666666666665719276
225 225 208.24831731554309044441
225 226 -104.16666666666665719276
225 227 6.51041666666666607455
226 224 6.51041666666666607455
226 225 -104.16666666666665719276
226 226 207.25376441784911207833
226 227 -104.16666666666665719276
226 228 6.51041666666666607455
227 225 6.51041666666666607455
227 226 -104.16666666666665719276
227 227 206.33567638064158700217
227 228 -104.16666666666665719276
227 229 6.51041666666666607455
228 226 6.51041666666666607455
228 227 -104.16666666666665719276
228 228 205.48817430607334699744
228 229 -104.16666666666665719276
228 230 6.51041666666666607455
229 227 6.51041666666666607455
229 228 -104.16666666666665719276
229 229 204.70583128744277701117
229 230 -104.16666666666665719276
229 231 6.51041666666666607455
230 228 6.51041666666666607455
230 229 -104.16666666666665719276
230 230 203.98363765846346495891
230 231 -104.16666666666665719276
230 232 6.51041666666666607455
231 229 6.51041666666666607455
231 230 -104.16666666666665719276
231 231 203.31696891429635343229
231 232 -104.16666666666665719276
231 233 6.51041666666666607455
232 230 6.51041666666666607455
232 231 -104.16666666666665719276
232 232 202.70155609893063797244
232 233 -104.16666666666665719276
232 234 6.51041666666666607455
233 231 6.51041666666666607455
233 232 -104.16666666666665719276
233 233 202.13345846929075833032
233 234 -104.16666666666665719276
233 235 6.51041666666666607455
234 232 6.51041666666666607455
234 233 -104.16666666666665719276
234 234 201.60903826102665448161
234 235 -104.16666666666665719276
234 236 6.51041666666666607455
235 233 6.51041666666666607455
235 234 -104.16666666666665719276
235 235 201.12493739440259332696
235 236 -104.16666666666665719276
235 237 6.51041666666666607455
236 234 6.51041666666666607455
236 235 -104.16666666666665719276
236 236 200.67805597112197801835
236 237 -104.16666666666665719276
236 238 6.51041666666666607455
237 235 6.51041666666666607455
237 236 -104.16666666666665719276
237 237 200.26553242439510427175
237 238 -104.16666666666665719276
237 239 6.51041666666666607455
238 236 6.51041666666666607455
238 237 -104.16666666666665719276
238 238 199.88472519514215264280
238 239 -104.16666666666665719276
238 240 6.51041666666666607455
239 237 6.51041666666666607455
239 238 -104.16666666666665719276
239 239 199.53319581699653895157
239 240 -104.16666666666665719276
239 241 6.51041666666666607455
240 238 6.51041666666666607455
240 239 -104.16666666666665719276
240 240 199.20869330179522194157
240 241 -104.16666666666665719276
240 242 6.51041666666666607455
241 239 6.51041666666666607455
241 240 -104.16666666666665719276
241 241 198.90913972556927546975
241 242 -104.16666666666665719276
241 243 6.51041666666666607455
242 240 6.51041666666666607455
242 241 -104.16666666666665719276
242 242 198.63261692273655967256
242 243 -104.16666666666665719276
242 244 6.51041666666666607455
243 241 6.51041666666666607455
243 242 -104.16666666666665719276
243 243 198.37735420329300950470
243 244 -104.16666666666665719276
243 245 6.51041666666666607455
244 242 6.51041666666666607455
244 243 -104.16666666666665719276
244 244 198.14171701435157046944
244 245 -104.16666666666665719276
244 246 6.51041666666666607455
245 243 6.51041666666666607455
245 244 -104.16666666666665719276
245 245 197.92419647342310895510
245 246 -104.16666666666665719276
245 247 6.51041666666666607455
246 244 6.51041666666666607455
246 245 -104.16666666666665719276
246 246 197.72339970641721151878
246 247 -104.16666666666665719276
246 248 6.51041666666666607455
247 245 6.51041666666666607455
247 246 -104.16666666666665719276
247 247 197.53804092849247808772
247 248 -104.16666666666665719276
247 249 6.51041666666666607455
248 246 6.51041666666666607455
248 247 -104.16666666666665719276
248 248 197.36693321064387873776
248 249 -104.16666666666665719276
248 250 6.51041666666666607455
249 247 6.51041666666666607455
249 248 -104.16666666666665719276
249 249 197.20898087930495989895
249 250 -104.16666666666665719276
249 251 6.51041666666666607455
250 248 6.51041666666666607455
250 249 -104.16666666666665719276
250 250 197.06317250029610477213
250 251 -104.16666666666665719276
250 252 6.51041666666666607455
251 249 6.51041666666666607455
251 250 -104.16666666666665719276
251 251 196.92857440219290765526
251 252 -104.16666666666665719276
251 253 6.51041666666666607455
252 250 6.51041666666666607455
252 251 -104.16666666666665719276
252 252 196.80432469764127745293
252 253 -104.16666666666665719276
252 254 6.51041666666666607455
253 251 6.51041666666666607455
253 252 -104.16666666666665719276
253 253 196.68962776433596673087
253 254 -104.16666666666665719276
253 255 6.51041666666666607455
254 252 6.51041666666666607455
254 253 -104.16666666666665719276
254 254 196.58374915032140961557
254 255 -104.16666666666665719276
254 256 6.51041666666666607455
255 253 6.51041666666666607455
255 254 -104.16666666666665719276
255 255 196.48601087099180517725
255 256 -104.16666666666665719276
255 257 6.51041666666666607455
256 254 6.51041666666666607455
256 255 -104.16666666666665719276
256 256 196.39578706767494509222
256 257 -104.16666666666665719276
256 258 6.51041666666666607455
257 255 6.51041666666666607455
257 256 -104.16666666666665719276
257 257 196.31250000000000000000
257 258 -104.16666666666665719276
257 259 6.51041666666666607455
258 256 6.51041666666666607455
258 257 -104.16666666666665719276
258 258 196.39578706767494509222
258 259 -104.16666666666665719276
258 260 6.51041666666666607455
259 257 6.51041666666666607455
259 258 -104.16666666666665719276
259 259 196.48601087099180517725
259 260 -104.16666666666665719276
259 261 6.51041666666666607455
260 258 6.51041666666666607455
260 259 -104.16666666666665719276
260 260 196.58374915032140961557
260 261 -104.16666666666665719276
260 262 6.51041666666666607455
261 259 6.51041666666666607455
261 260 -104.16666666666665719276
261 261 196.68962776433596673087
261 262 -104.16666666666665719276
261 263 6.51041666666666607455
262 260 6.51041666666666607455
262 261 -104.16666666666665719276
262 262 196.80432469764127745293
262 263 -104.16666666666665719276
262 264 6.51041666666666607455
263 261 6.51041666666666607455
263 262 -104.16666666666665719276
263 263 196.92857440219290765526
263 264 -104.16666666666665719276
263 265 6.51041666666666607455
264 262 6.51041666666666607455
264 263 -104.16666666666665719276
264 264 197.06317250029610477213
264 265 -104.16666666666665719276
264 266 6.51041666666666607455
265 263 6.51041666666666607455
265 264 -104.16666666666665719276
265 265 197.20898087930495989895
265 266 -104.16666666666665719276
265 267 6.51041666666666607455
266 264 6.51041666666666607455
266 265 -104.16666666666665719276
266 266 197.36693321064387873776
266 267 -104.16666666666665719276
266 268 6.51041666666666607455
267 265 6.51041666666666607455
267 266 -104.16666666666665719276
267 267 197.53804092849247808772
267 268 -104.16666666666665719276
267 269 6.51041666666666607455
268 266 6.51041666666666607455
268 267 -104.16666666666665719276
268 268 197.72339970641721151878
268 269 -104.16666666666665719276
268 270 6.51041666666666607455
269 267 6.51041666666666607455
269 268 -104.16666666666665719276
269 269 197.92419647342310895510
269 270 -104.16666666666665719276
269 271 6.51041666666666607455
270 268 6.51041666666666607455
270 269 -104.16666666666665719276
270 270 198.14171701435157046944
270 271 -104.16666666666665719276
270 272 6.51041666666666607455
271 269 6.51041666666666607455
271 270 -104.16666666666665719276
271 271 198.37735420329300950470
271 272 -104.16666666666665719276
271 273 6.51041666666666607455
272 270 6.51041666666666607455
272 271 -104.16666666666665719276
272 272 198.63261692273655967256
272 273 -104.16666666666665719276
272 274 6.51041666666666607455
273 271 6.51041666666666607455
273 272 -104.16666666666665719276
273 273 198.90913972556927546975
273 274 -104.16666666666665719276
273 275 6.51041666666666607455
274 272 6.51041666666666607455
274 273 -104.16666666666665719276
274 274 199.20869330179522194157
274 275 -104.16666666666665719276
274 276 6.51041666666666607455
275 273 6.51041666666666607455
275 274 -104.16666666666665719276
275 275 199.53319581699653895157
275 276 -104.16666666666665719276
275 277 6.51041666666666607455
276 274 6.51041666666666607455
276 275 -104.16666666666665719276
276 276 199.88472519514215264280
276 277 -104.16666666666665719276
276 278 6.51041666666666607455
277 275 6.51041666666666607455
277 276 -104.16666666666665719276
277 277 200.26553242439510427175
277 278 -104.16666666666665719276
277 279 6.51041666666666607455
278 276 6.51041666666666607455
278 277 -104.16666666666665719276
278 278 200.67805597112197801835
278 279 -104.16666666666665719276
278 280 6.51041666666666607455
279 277 6.51041666666666607455
279 278 -104.16666666666665719276
279 279 201.12493739440259332696
279 280 -104.16666666666665719276
279 281 6.51041666666666607455
280 278 6.51041666666666607455
280 279 -104.16666666666665719276
280 280 201.60903826102665448161
280 281 -104.16666666666665719276
280 282 6.51041666666666607455
281 279 6.51041666666666607455
281 280 -104.16666666666665719276
281 281 202.13345846929075833032
281 282 -104.16666666666665719276
281 283 6.51041666666666607455
282 280 6.51041666666666607455
282 281 -104.16666666666665719276
282 282 202.70155609893063797244
282 283 -104.16666666666665719276
282 284 6.51041666666666607455
283 281 6.51041666666666607455
283 282 -104.16666666666665719276
283 283 203.31696891429635343229
283 284 -104.16666666666665719276
283 285 6.51041666666666607455
284 282 6.51041666666666607455
284 283 -104.16666666666665719276
284 284 203.98363765846346495891
284 285 -104.16666666666665719276
284 286 6.51041666666666607455
285 283 6.51041666666666607455
285 284 -104.16666666666665719276
285 285 204.70583128744277701117
285 286 -104.16666666666665719276
285 287 6.51041666666666607455
286 284 6.51041666666666607455
286 285 -104.16666666666665719276
286 286 205.48817430607334699744
286 287 -104.16666666666665719276
286 288 6.51041666666666607455
287 285 6.51041666666666607455
287 286 -104.16666666666665719276
287 287 206.33567638064158700217
287 288 -104.16666666666665719276
287 289 6.51041666666666607455
288 286 6.51041666666666607455
288 287 -104.16666666666665719276
288 288 207.25376441784911207833
288 289 -104.16666666666665719276
288 290 6.51041666666666607455
289 287 6.51041666666666607455
289 288 -104.16666666666665719276
289 289 208.24831731554309044441
289 290 -104.16666666666665719276
289 291 6.51041666666666607455
290 288 6.51041666666666607455
290 289 -104.16666666666665719276
290 290 209.32570360773360107487
290 291 -104.16666666666665719276
290 292 6.51041666666666607455
291 289 6.51041666666666607455
291 290 -104.16666666666665719276
291 291 210.49282224495391346863
291 292 -104.16666666666665719276
291 293 6.51041666666666607455
292 290 6.51041666666666607455
292 291 -104.16666666666665719276
292 292 211.75714677109704098257
292 293 -104.16666666666665719276
292 294 6.51041666666666607455
293 291 6.51041666666666607455
293 292 -104.16666666666665719276
293 293 213.12677317961220069265
293 294 -104.16666666666665719276
293 295 6.51041666666666607455
294 292 6.51041666666666607455
294 293 -104.16666666666665719276
294 294 214.61047175550277188449
294 295 -104.16666666666665719276
294 296 6.51041666666666607455
295 293 6.51041666666666607455
295 294 -104.16666666666665719276
295 295 216.21774323509276882760
295 296 -104.16666666666665719276
295 297 6.51041666666666607455
296 294 6.51041666666666607455
296 295 -104.16666666666665719276
296 296 217.95887964317540763659
296 297 -104.16666666666665719276
296 298 6.51041666666666607455
297 295 6.51041666666666607455
297 296 -104.16666666666665719276
297 297 219.84503019710933813258
297 298 -104.16666666666665719276
297 299 6.51041666666666607455
298 296 6.51041666666666607455
298 297 -104.16666666666665719276
298 298 221.88827269987396562101
298 299 -104.16666666666665719276
298 300 6.51041666666666607455
299 297 6.51041666666666607455
299 298 -104.16666666666665719276
299 299 224.10169087924268183087
299 300 -104.16666666666665719276
299 301 6.51041666666666607455
300 298 6.51041666666666607455
300 299 -104.16666666666665719276
300 300 226.49945816830944522735
300 301 -104.16666666666665719276
300 302 6.51041666666666607455
301 299 6.51041666666666607455
301 300 -104.16666666666665719276
301 301 229.09692846384956510519
301 302 -104.16666666666665719276
301 303 6.51041666666666607455
302 300 6.51041666666666607455
302 301 -104.16666666666665719276
302 302 231.91073444367799538668
302 303 -104.16666666666665719276
302 304 6.51041666666666607455
303 301 6.51041666666666607455
303 302 -104.16666666666665719276
303 303 234.95889407257260472761
303 304 -104.16666666666665719276
303 305 6.51041666666666607455
304 302 6.51041666666666607455
304 303 -104.16666666666665719276
304 304 238.26092597876302647819
304 305 -104.16666666666665719276
304 306 6.51041666666666607455
305 303 6.51041666666666607455
305 304 -104.16666666666665719276
305 305 241.83797443978920682639
305 306 -104.16666666666665719276
305 307 6.51041666666666607455
306 304 6.51041666666666607455
306 305 -104.16666666666665719276
306 306 245.71294477806549139132
306 307 -104.16666666666665719276
306 308 6.51041666666666607455
307 305 6.51041666666666607455
307 306 -104.16666666666665719276
307 307 249.91065003314423620395
307 308 -104.16666666666665719276
307 309 6.51041666666666607455
308 306 6.51041666666666607455
308 307 -104.16666666666665719276
308 308 254.45796984988226085989
308 309 -104.16666666666665719276
308 310 6.51041666666666607455
309 307 6.51041666666666607455
309 308 -104.16666666666665719276
309 309 259.38402259993665666116
309 310 -104.16666666666665719276
309 311 6.51041666666666607455
310 308 6.51041666666666607455
310 309 -104.16666666666665719276
310 310 264.72035183875522079688
310 311 -104.16666666666665719276
310 312 6.51041666666666607455
311 309 6.51041666666666607455
311 310 -104.16666666666665719276
311 311 270.50112829202311104382
311 312 -104.16666666666665719276
311 313 6.51041666666666607455
312 310 6.51041666666666607455
312 311 -104.16666666666665719276
312 312 276.76336866496814081984
312 313 -104.16666666666665719276
312 314 6.51041666666666607455
313 311 6.51041666666666607455
313 312 -104.16666666666665719276
313 313 283.54717267565149541042
313 314 -104.16666666666665719276
313 315 6.51041666666666607455
314 312 6.51041666666666607455
314 313 -104.16666666666665719276
314 314 290.89597983006632375691
314 315 -104.16666666666665719276
314 316 6.51041666666666607455
315 313 6.51041666666666607455
315 314 -104.16666666666665719276
315 315 298.85684758328102361702
315 316 -104.16666666666665719276
315 317 6.51041666666666607455
316 314 6.51041666666666607455
316 315 -104.16666666666665719276
316 316 307.48075266780915626441
316 317 -104.16666666666665719276
316 318 6.51041666666666607455
317 315 6.51041666666666607455
317 316 -104.16666666666665719276
317 317 316.82291751873486873592
317 318 -104.16666666666665719276
317 319 6.51041666666666607455
318 316 6.51041666666666607455
318 317 -104.16666666666665719276
318 318 326.94316388583024490799
318 319 -104.16666666666665719276
318 320 6.51041666666666607455
319 317 6.51041666666666607455
319 318 -104.16666666666665719276
319 319 337.90629589698909285289
319 320 -104.16666666666665719276
319 321 6.51041666666666607455
320 318 6.51041666666666607455
320 319 -104.16666666666665719276
320 320 349.78251502589085930595
320 321 -104.16666666666665719276
320 322 6.51041666666666607455
321 319 6.51041666666666607455
321 320 -104.16666666666665719276
321 321 362.64786962110406420834
321 322 -104.16666666666665719276
321 323 6.51041666666666607455
322 320 6.51041666666666607455
322 321 -104.16666666666665719276
322 322 376.58474187515122366676
322 323 -104.16666666666665719276
322 324 6.51041666666666607455
323 321 6.51041666666666607455
323 322 -104.16666666666665719276
323 323 391.68237535179844144295
323 324 -104.16666666666665719276
323 325 6.51041666666666607455
324 322 6.51041666666666607455
324 323 -104.16666666666665719276
324 324 408.03744644954679188231
324 325 -104.16666666666665719276
324 326 6.51041666666666607455
325 323 6.51041666666666607455
325 324 -104.16666666666665719276
325 325 425.75468346064218394531
325 326 -104.16666666666665719276
325 327 6.51041666666666607455
326 324 6.51041666666666607455
326 325 -104.16666666666665719276
326 326 444.94753718969388955884
326 327 -104.16666666666665719276
326 328 6.51041666666666607455
327 325 6.51041666666666607455
327 326 -104.16666666666665719276
327 327 465.73890742615276394645
327 328 -104.16666666666665719276
327 329 6.51041666666666607455
328 326 6.51041666666666607455
328 327 -104.16666666666665719276
328 328 488.26192992255045055572
328 329 -104.16666666666665719276
328 330 6.51041666666666607455
329 327 6.51041666666666607455
329 328 -104.16666666666665719276
329 329 512.66082891785049469036
329 330 -104.16666666666665719276
329 331 6.51041666666666607455
330 328 6.51041666666666607455
330 329 -104.16666666666665719276
330 330 539.09184066496641207777
330 331 -104.16666666666665719276
330 332 6.51041666666666607455
331 329 6.51041666666666607455
331 330 -104.16666666666665719276
331 331 567.72421387618214794202
331 332 -104.16666666666665719276
331 333 6.51041666666666607455
332 330 6.51041666666666607455
332 331 -104.16666666666665719276
332 332 598.74129349273516709218
332 333 -104.16666666666665719276
332 334 6.51041666666666607455
333 331 6.51041666666666607455
333 332 -104.16666666666665719276
333 333 632.34169471839140896918
333 334 -104.16666666666665719276
333 335 6.51041666666666607455
334 332 6.51041666666666607455
334 333 -104.16666666666665719276
334 334 668.74057483483488795173
334 335 -104.16666666666665719276
334 336 6.51041666666666607455
335 333 6.51041666666666607455
335 334 -104.16666666666665719276
335 335 708.17101094282907070010
335 336 -104.16666666666665719276
335 337 6.51041666666666607455
336 334 6.51041666666666607455
336 335 -104.16666666666665719276
336 336 750.88549245140302446089
336 337 -104.16666666666665719276
336 338 6.51041666666666607455
337 335 6.51041666666666607455
337 336 -104.16666666666665719276
337 337 797.15753787208223002381
337 338 -104.16666666666665719276
337 339 6.51041666666666607455
338 336 6.51041666666666607455
338 337 -104.16666666666665719276
338 338 847.28344627117246545822
338 339 -104.16666666666665719276
338 340 6.51041666666666607455
339 337 6.51041666666666607455
339 338 -104.16666666666665719276
339 339 901.58419459536639806174
339 340 -104.16666666666665719276
339 341 6.51041666666666607455
340 338 6.51041666666666607455
340 339 -104.16666666666665719276
340 340 960.40749302003837328812
340 341 -104.16666666666665719276
340 342 6.51041666666666607455
341 339 6.51041666666666607455
341 340 -104.16666666666665719276
341 341 1024.13001148146940977313
341 342 -104.16666666666665719276
341 343 6.51041666666666607455
342 340 6.51041666666666607455
342 341 -104.16666666666665719276
342 342 1093.15979165041744636255
342 343 -104.16666666666665719276
342 344 6.51041666666666607455
343 341 6.51041666666666607455
343 342 -104.16666666666665719276
343 343 1167.93885979188416968100
343 344 -104.16666666666665719276
343 345 6.51041666666666607455
344 342 6.51041666666666607455
344 343 -104.16666666666665719276
344 344 1248.94605724231951171532
344 345 -104.16666666666665719276
344 346 6.51041666666666607455
345 343 6.51041666666666607455
345 344 -104.16666666666665719276
345 345 1336.70010662896788744547
345 346 -104.16666666666665719276
345 347 6.51041666666666607455
346 344 6.51041666666666607455
346 345 -104.16666666666665719276
346 346 1431.76293346563397790305
346 347 -104.16666666666665719276
346 348 6.51041666666666607455
347 345 6.51041666666666607455
347 346 -104.16666666666665719276
347 347 1534.74326439441801994690
347 348 -104.16666666666665719276
347 349 6.51041666666666607455
348 346 6.51041666666666607455
348 347 -104.16666666666665719276
348 348 1646.30052511445751406427
348 349 -104.16666666666665719276
348 350 6.51041666666666607455
349 347 6.51041666666666607455
349 348 -104.16666666666665719276
349 349 1767.14906295771993427479
349 350 -104.16666666666665719276
349 351 6.51041666666666607455
350 348 6.51041666666666607455
350 349 -104.16666666666665719276
350 350 1898.06272115075398687623
350 351 -104.16666666666665719276
350 352 6.51041666666666607455
351 349 6.51041666666666607455
351 350 -104.16666666666665719276
351 351 2039.87979405328746906889
351 352 -104.16666666666665719276
351 353 6.51041666666666607455
352 350 6.51041666666666607455
352 351 -104.16666666666665719276
352 352 2193.50839510411879018648
352 353 -104.16666666666665719276
352 354 6.51041666666666607455
353 351 6.51041666666666607455
353 352 -104.16666666666665719276
353 353 2359.93227184747820501798
353 354 -104.16666666666665719276
353 355 6.51041666666666607455
354 352 6.51041666666666607455
354 353 -104.16666666666665719276
354 354 2540.21710527589266348514
354 355 -104.16666666666665719276
354 356 6.51041666666666607455
355 353 6.51041666666666607455
355 354 -104.16666666666665719276
355 355 2735.51733382682823503274
355 356 -104.16666666666665719276
355 357 6.51041666666666607455
356 354 6.51041666666666607455
356 355 -104.16666666666665719276
356 356 2947.08354573002043252927
356 357 -104.16666666666665719276
356 358 6.51041666666666607455
357 355 6.51041666666666607455
357 356 -104.16666666666665719276
357 357 3176.27048704172830184689
357 358 -104.16666666666665719276
357 359 6.51041666666666607455
358 356 6.51041666666666607455
358 357 -104.16666666666665719276
358 358 3424.54573664468125571148
358 359 -104.16666666666665719276
358 360 6.51041666666666607455
359 357 6.51041666666666607455
359 358 -104.16666666666665719276
359 359 3693.49910376333218664513
359 360 -104.16666666666665719276
359 361 6.51041666666666607455
360 358 6.51041666666666607455
360 359 -104.16666666666665719276
360 360 3984.85280817060265690088
360 361 -104.16666666666665719276
360 362 6.51041666666666607455
361 359 6.51041666666666607455
361 360 -104.16666666666665719276
361 361 4300.47250827419156848919
361 362 -104.16666666666665719276
361 363 6.51041666666666607455
362 360 6.51041666666666607455
362 361 -104.16666666666665719276
362 362 4642.37924769985784223536
362 363 -104.16666666666665719276
362 364 6.51041666666666607455
363 361 6.51041666666666607455
363 362 -104.16666666666665719276
363 363 5012.76239687059387506451
363 364 -104.16666666666665719276
363 365 6.51041666666666607455
364 362 6.51041666666666607455
364 363 -104.16666666666665719276
364 364 5413.99367245197754527908
364 365 -104.16666666666665719276
364 366 6.51041666666666607455
365 363 6.51041666666666607455
365 364 -104.16666666666665719276
365 365 5848.64232443601758859586
365 366 -104.16666666666665719276
365 367 6.51041666666666607455
366 364 6.51041666666666607455
366 365 -104.16666666666665719276
366 366 6319.49158811268262070371
366 367 -104.16666666666665719276
366 368 6.51041666666666607455
367 365 6.51041666666666607455
367 366 -104.16666666666665719276
367 367 6829.55650627788963902276
367 368 -104.16666666666665719276
367 369 6.51041666666666607455
368 366 6.51041666666666607455
368 367 -104.16666666666665719276
368 368 7382.10323580094518547412
368 369 -104.16666666666665719276
368 370 6.51041666666666607455
369 367 6.51041666666666607455
369 368 -104.16666666666665719276
369 369 7980.66996217936411994742
369 370 -104.16666666666665719276
369 371 6.51041666666666607455
370 368 6.51041666666666607455
370 369 -104.16666666666665719276
370 370 8629.08955600564149790443
370 371 -104.16666666666665719276
370 372 6.51041666666666607455
371 369 6.51041666666666607455
371 370 -104.16666666666665719276
371 371 9331.51411642469611251727
371 372 -104.16666666666665719276
371 373 6.51041666666666607455
372 370 6.51041666666666607455
372 371 -104.16666666666665719276
372 372 10092.44155874392708938103
372 373 -104.16666666666665719276
372 374 6.51041666666666607455
373 371 6.51041666666666607455
373 372 -104.16666666666665719276
373 373 10916.74441644731268752366
373 374 -104.16666666666665719276
373 375 6.51041666666666607455
374 372 6.51041666666666607455
374 373 -104.16666666666665719276
374 374 11809.70104204492054122966
374 375 -104.16666666666665719276
374 376 6.51041666666666607455
375 373 6.51041666666666607455
375 374 -104.16666666666665719276
375 375 12777.02940654947997245472
375 376 -104.16666666666665719276
375 377 6.51041666666666607455
376 374 6.51041666666666607455
376 375 -104.16666666666665719276
376 376 13824.92371401243872242048
376 377 -104.16666666666665719276
376 378 6.51041666666666607455
377 375 6.51041666666666607455
377 376 -104.16666666666665719276
377 377 14960.09406557726651953999
377 378 -104.16666666666665719276
377 379 6.51041666666666607455
378 376 6.51041666666666607455
378 377 -104.16666666666665719276
378 378 16189.80942703548316785600
378 379 -104.16666666666665719276
378 380 6.51041666666666607455
379 377 6.51041666666666607455
379 378 -104.16666666666665719276
379 379 17521.94417502440410316922
379 380 -104.16666666666665719276
379 381 6.51041666666666607455
380 378 6.51041666666666607455
380 379 -104.16666666666665719276
380 380 18965.02851992124487878755
380 381 -104.16666666666665719276
380 382 6.51041666666666607455
381 379 6.51041666666666607455
381 380 -104.16666666666665719276
381 381 20528.30312831218179780990
381 382 -104.16666666666665719276
381 383 6.51041666666666607455
382 380 6.51041666666666607455
382 381 -104.16666666666665719276
382 382 22221.77829480671789497137
382 383 -104.16666666666665719276
382 384 6.51041666666666607455
383 381 6.51041666666666607455
383 382 -104.16666666666665719276
383 383 24056.29804209894427913241
383 384 -104.16666666666665719276
383 385 6.51041666666666607455
384 382 6.51041666666666607455
384 383 -104.16666666666665719276
384 384 26043.60955973494856152683
384 385 -104.16666666666665719276
384 386 6.51041666666666607455
385 383 6.51041666666666607455
385 384 -104.16666666666665719276
385 385 28196.43842623152886517346
385 386 -104.16666666666665719276
385 387 6.51041666666666607455
386 384 6.51041666666666607455
386 385 -104.16666666666665719276
386 386 30528.57009622461191611364
386 387 -104.16666666666665719276
386 388 6.51041666666666607455
387 385 6.51041666666666607455
387 386 -104.16666666666665719276
387 387 33054.93817444332671584561
387 388 -104.16666666666665719276
387 389 6.51041666666666607455
388 386 6.51041666666666607455
388 387 -104.16666666666665719276
388 388 35791.72004176449263468385
388 389 -104.16666666666665719276
388 390 6.51041666666666607455
389 387 6.51041666666666607455
389 388 -104.16666666666665719276
389 389 38756.44044568084063939750
389 390 -104.16666666666665719276
389 391 6.51041666666666607455
390 388 6.51041666666666607455
390 389 -104.16666666666665719276
390 390 41968.08371851550327846780
390 391 -104.16666666666665719276
390 392 6.51041666666666607455
391 389 6.51041666666666607455
391 390 -104.16666666666665719276
391 391 45447.21534196256106952205
391 392 -104.16666666666665719276
391 393 6.51041666666666607455
392 390 6.51041666666666607455
392 391 -104.16666666666665719276
392 392 49216.11363638174952939153
392 393 -104.16666666666665719276
392 394 6.51041666666666607455
393 391 6.51041666666666607455
393 392 -104.16666666666665719276
393 393 53298.91241810826613800600
393 394 -104.16666666666665719276
393 395 6.51041666666666607455
394 392 6.51041666666666607455
394 393 -104.16666666666665719276
394 394 57721.75553827168187126517
394 395 -104.16666666666665719276
394 396 6.51041666666666607455
395 393 6.51041666666666607455
395 394 -104.16666666666665719276
395 395 62512.96429269986401777714
395 396 -104.16666666666665719276
395 397 6.51041666666666607455
396 394 6.51041666666666607455
396 395 -104.16666666666665719276
396 396 67703.21877490296901669353
396 397 -104.16666666666665719276
396 398 6.51041666666666607455
397 395 6.51041666666666607455
397 396 -104.16666666666665719276
397 397 73325.75433341557800304145
397 398 -104.16666666666665719276
397 399 6.51041666666666607455
398 396 6.51041666666666607455
398 397 -104.16666666666665719276
398 398 79416.57439149473793804646
398 399 -104.16666666666665719276
398 400 6.51041666666666607455
399 397 6.51041666666666607455
399 398 -104.16666666666665719276
399 399 86014.68099194728711154312
399 400 -104.16666666666665719276
399 401 6.51041666666666607455
400 398 6.51041666666666607455
400 399 -104.16666666666665719276
400 400 93162.32454335830698255450
400 401 -104.16666666666665719276
400 402 6.51041666666666607455
401 399 6.51041666666666607455
401 400 -104.16666666666665719276
401 401 100905.27436695218784734607
401 402 -104.16666666666665719276
401 403 6.51041666666666607455
402 400 6.51041666666666607455
402 401 -104.16666666666665719276
402 402 109293.11177650754689238966
402 403 -104.16666666666665719276
402 404 6.51041666666666607455
403 401 6.51041666666666607455
403 402 -104.16666666666665719276
403 403 118379.54756803908094298095
403 404 -104.16666666666665719276
403 405 6.51041666666666607455
404 402 6.51041666666666607455
404 403 -104.16666666666665719276
404 404 128222.76595226407516747713
404 405 -104.16666666666665719276
404 406 6.51041666666666607455
405 403 6.51041666666666607455
405 404 -104.16666666666665719276
405 405 138885.79713219541008584201
405 406 -104.16666666666665719276
405 407 6.51041666666666607455
406 404 6.51041666666666607455
406 405 -104.16666666666665719276
406 406 150436.92091162985889241099
406 407 -104.16666666666665719276
406 408 6.51041666666666607455
407 405 6.51041666666666607455
407 406 -104.16666666666665719276
407 407 162950.10391900391550734639
407 408 -104.16666666666665719276
407 409 6.51041666666666607455
408 406 6.51041666666666607455
408 407 -104.16666666666665719276
408 408 176505.47324634226970374584
408 409 -104.16666666666665719276
408 410 6.51041666666666607455
409 407 6.51041666666666607455
409 408 -104.16666666666665719276
409 409 191189.82953620571061037481
409 410 -104.16666666666665719276
409 411 6.51041666666666607455
410 408 6.51041666666666607455
410 409 -104.16666666666665719276
410 410 207097.20280214623198844492
410 411 -104.16666666666665719276
410 412 6.51041666666666607455
411 409 6.51041666666666607455
411 410 -104.16666666666665719276
411 411 224329.45454181794775649905
411 412 -104.16666666666665719276
411 413 6.51041666666666607455
412 410 6.51041666666666607455
412 411 -104.16666666666665719276
412 412 242996.92999832364148460329
412 413 -104.16666666666665719276
412 414 6.51041666666666607455
413 411 6.51041666666666607455
413 412 -104.16666666666665719276
413 413 263219.16474649595329537988
413 414 -104.16666666666665719276
413 415 6.51041666666666607455
414 412 6.51041666666666607455
414 413 -104.16666666666665719276
414 414 285125.65012867812765762210
414 415 -104.16666666666665719276
414 416 6.51041666666666607455
415 413 6.51041666666666607455
415 414 -104.16666666666665719276
415 415 308856.66244140669004991651
415 416 -104.16666666666665719276
415 417 6.51041666666666607455
416 414 6.51041666666666607455
416 415 -104.16666666666665719276
416 416 334564.16118262073723599315
416 417 -104.16666666666665719276
416 418 6.51041666666666607455
417 415 6.51041666666666607455
417 416 -104.16666666666665719276
417 417 362412.76211124815745279193
417 418 -104.16666666666665719276
417 419 6.51041666666666607455
418 416 6.51041666666666607455
418 417 -104.16666666666665719276
418 418 392580.79135007108561694622
418 419 -104.16666666666665719276
418 420 6.51041666666666607455
419 417 6.51041666666666607455
419 418 -104.16666666666665719276
419 419 425261.42728172801434993744
419 420 -104.16666666666665719276
419 421 6.51041666666666607455
420 418 6.51041666666666607455
420 419 -104.16666666666665719276
420 420 460663.93754988553700968623
420 421 -104.16666666666665719276
420 422 6.51041666666666607455
421 419 6.51041666666666607455
421 420 -104.16666666666665719276
421 421 499015.01908661046763882041
421 422 -104.16666666666665719276
421 423 6.51041666666666607455
422 420 6.51041666666666607455
422 421 -104.16666666666665719276
422 422 540560.24974669248331338167
422 423 -104.16666666666665719276
422 424 6.51041666666666607455
423 421 6.51041666666666607455
423 422 -104.16666666666665719276
423 423 585565.66084433253854513168
423 424 -104.16666666666665719276
423 425 6.51041666666666607455
424 422 6.51041666666666607455
424 423 -104.16666666666665719276
424 424 634319.44066179997753351927
424 425 -104.16666666666665719276
424 426 6.51041666666666607455
425 423 6.51041666666666607455
425 424 -104.16666666666665719276
425 425 687133.77983833593316376209
425 426 -104.16666666666665719276
425 427 6.51041666666666607455
426 424 6.51041666666666607455
426 425 -104.16666666666665719276
426 426 744346.87045607634354382753
426 427 -104.16666666666665719276
426 428 6.51041666666666607455
427 425 6.51041666666666607455
427 426 -104.16666666666665719276
427 427 806325.07162398996297270060
427 428 -104.16666666666665719276
427 429 6.51041666666666607455
428 426 6.51041666666666607455
428 427 -104.16666666666665719276
428 428 873465.25542694772593677044
428 429 -104.16666666666665719276
428 430 6.51041666666666607455
429 427 6.51041666666666607455
429 428 -104.16666666666665719276
429 429 946197.34826201177202165127
429 430 -104.16666666666665719276
429 431 6.51041666666666607455
430 428 6.51041666666666607455
430 429 -104.16666666666665719276
430 430 1024987.08383517106994986534
430 431 -104.16666666666665719276
430 432 6.51041666666666607455
431 429 6.51041666666666607455
431 430 -104.16666666666665719276
431 431 1110338.98544710408896207809
431 432 -104.16666666666665719276
431 433 6.51041666666666607455
432 430 6.51041666666666607455
432 431 -104.16666666666665719276
432 432 1202799.59666477679274976254
432 433 -104.16666666666665719276
432 434 6.51041666666666607455
433 431 6.51041666666666607455
433 432 -104.16666666666665719276
433 433 1302960.98106620367616415024
433 434 -104.16666666666665719276
433 435 6.51041666666666607455
434 432 6.51041666666666607455
434 433 -104.16666666666665719276
434 434 1411464.51346868975088000298
434 435 -104.16666666666665719276
434 436 6.51041666666666607455
435 433 6.51041666666666607455
435 434 -104.16666666666665719276
435 435 1529004.98691735393367707729
435 436 -104.16666666666665719276
435 437 6.51041666666666607455
436 434 6.51041666666666607455
436 435 -104.16666666666665719276
436 436 1656335.06173268356360495090
436 437 -104.16666666666665719276
436 438 6.51041666666666607455
437 435 6.51041666666666607455
437 436 -104.16666666666665719276
437 437 1794270.08510621497407555580
437 438 -104.16666666666665719276
437 439 6.51041666666666607455
438 436 6.51041666666666607455
438 437 -104.16666666666665719276
438 438 1943693.31210620491765439510
438 439 -104.16666666666665719276
438 440 6.51041666666666607455
439 437 6.51041666666666607455
439 438 -104.16666666666665719276
439 439 2105561.56152555346488952637
439 440 -104.16666666666665719276
439 441 6.51041666666666607455
440 438 6.51041666666666607455
440 439 -104.16666666666665719276
440 440 2280911.34278871864080429077
440 441 -104.16666666666665719276
440 442 6.51041666666666607455
441 439 6.51041666666666607455
441 440 -104.16666666666665719276
441 441 2470865.49315073806792497635
441 442 -104.16666666666665719276
441 443 6.51041666666666607455
442 440 6.51041666666666607455
442 441 -104.16666666666665719276
442 442 2676640.36768909869715571404
442 443 -104.16666666666665719276
442 444 6.51041666666666607455
443 441 6.51041666666666607455
443 442 -104.16666666666665719276
443 443 2899553.62812894163653254509
443 444 -104.16666666666665719276
443 445 6.51041666666666607455
444 442 6.51041666666666607455
444 443 -104.16666666666665719276
444 444 3141032.68037668289616703987
444 445 -104.16666666666665719276
444 446 6.51041666666666607455
445 443 6.51041666666666607455
445 444 -104.16666666666665719276
445 445 3402623.81479106750339269638
445 446 -104.16666666666665719276
445 447 6.51041666666666607455
446 444 6.51041666666666607455
446 445 -104.16666666666665719276
446 446 3686002.10772059159353375435
446 447 -104.16666666666665719276
446 448 6.51041666666666607455
447 445 6.51041666666666607455
447 446 -104.16666666666665719276
447 447 3992982.14771095151081681252
447 448 -104.16666666666665719276
447 449 6.51041666666666607455
448 446 6.51041666666666607455
448 447 -104.16666666666665719276
448 448 4325529.65506684966385364532
448 449 -104.16666666666665719276
448 450 6.51041666666666607455
449 447 6.51041666666666607455
449 448 -104.16666666666665719276
449 449 4685774.06917302962392568588
449 450 -104.16666666666665719276
449 451 6.51041666666666607455
450 448 6.51041666666666607455
450 449 -104.16666666666665719276
450 450 5076022.18417640496045351028
450 451 -104.16666666666665719276
450 452 6.51041666666666607455
451 449 6.51041666666666607455
451 450 -104.16666666666665719276
451 451 5498772.92034409102052450180
451 452 -104.16666666666665719276
451 453 6.51041666666666607455
452 450 6.51041666666666607455
452 451 -104.16666666666665719276
452 452 5956733.32568461354821920395
452 453 -104.16666666666665719276
452 454 6.51041666666666607455
453 451 6.51041666666666607455
453 452 -104.16666666666665719276
453 453 6452835.91029718425124883652
453 454 -104.16666666666665719276
453 455 6.51041666666666607455
454 452 6.51041666666666607455
454 453 -104.16666666666665719276
454 454 6990257.42444810364395380020
454 455 -104.16666666666665719276
454 456 6.51041666666666607455
455 453 6.51041666666666607455
455 454 -104.16666666666665719276
455 455 7572439.20061809010803699493
455 456 -104.16666666666665719276
455 457 6.51041666666666607455
456 454 6.51041666666666607455
456 455 -104.16666666666665719276
456 456 8203109.18977907299995422363
456 457 -104.16666666666665719276
456 458 6.51041666666666607455
457 455 6.51041666666666607455
457 456 -104.16666666666665719276
457 457 8886305.83300787210464477539
457 458 -104.16666666666665719276
457 459 6.51041666666666607455
458 456 6.51041666666666607455
458 457 -104.16666666666665719276
458 458 9626403.92129659093916416168
458 459 -104.16666666666665719276
458 460 6.51041666666666607455
459 457 6.51041666666666607455
459 458 -104.16666666666665719276
459 459 10428142.60915068350732326508
459 460 -104.16666666666665719276
459 461 6.51041666666666607455
460 458 6.51041666666666607455
460 459 -104.16666666666665719276
460 460 11296655.76135775074362754822
460 461 -104.16666666666665719276
460 462 6.51041666666666607455
461 459 6.51041666666666607455
461 460 -104.16666666666665719276
461 461 12237504.82724923826754093170
461 462 -104.16666666666665719276
461 463 6.51041666666666607455
462 460 6.51041666666666607455
462 461 -104.16666666666665719276
462 462 13256714.45296354964375495911
462 463 -104.16666666666665719276
462 464 6.51041666666666607455
463 461 6.51041666666666607455
463 462 -104.16666666666665719276
463 463 14360811.05974974669516086578
463 464 -104.16666666666665719276
463 465 6.51041666666666607455
464 462 6.51041666666666607455
464 463 -104.16666666666665719276
464 464 15556864.63534498587250709534
464 465 -104.16666666666665719276
464 466 6.51041666666666607455
465 463 6.51041666666666607455
465 464 -104.16666666666665719276
465 465 16852534.00603375956416130066
465 466 -104.16666666666665719276
465 467 6.51041666666666607455
466 464 6.51041666666666607455
466 465 -104.16666666666665719276
466 466 18256115.87928339466452598572
466 467 -104.16666666666665719276
466 468 6.51041666666666607455
467 465 6.51041666666666607455
467 466 -104.16666666666665719276
467 467 19776597.97099778801202774048
467 468 -104.16666666666665719276
467 469 6.51041666666666607455
468 466 6.51041666666666607455
468 467 -104.16666666666665719276
468 468 21423716.55758328735828399658
468 469 -104.16666666666665719276
468 470 6.51041666666666607455
469 467 6.51041666666666607455
469 468 -104.16666666666665719276
469 469 23208018.82135849446058273315
469 470 -104.16666666666665719276
469 471 6.51041666666666607455
470 468 6.51041666666666607455
470 469 -104.16666666666665719276
470 470 25140930.38852924481034278870
470 471 -104.16666666666665719276
470 472 6.51041666666666607455
471 469 6.51041666666666607455
471 470 -104.16666666666665719276
471 471 27234828.49220474809408187866
471 472 -104.16666666666665719276
471 473 6.51041666666666607455
472 470 6.51041666666666607455
472 471 -104.16666666666665719276
472 472 29503121.22894543781876564026
472 473 -104.16666666666665719276
472 474 6.51041666666666607455
473 471 6.51041666666666607455
473 472 -104.16666666666665719276
473 473 31960333.41635777801275253296
473 474 -104.16666666666665719276
473 475 6.51041666666666607455
474 472 6.51041666666666607455
474 473 -104.16666666666665719276
474 474 34622199.60151474177837371826
474 475 -104.16666666666665719276
474 476 6.51041666666666607455
475 473 6.51041666666666607455
475 474 -104.16666666666665719276
475 475 37505764.81577668339014053345
475 476 -104.16666666666665719276
475 477 6.51041666666666607455
476 474 6.51041666666666607455
476 475 -104.16666666666665719276
476 476 40629493.72118388116359710693
476 477 -104.16666666666665719276
476 478 6.51041666666666607455
477 475 6.51041666666666607455
477 476 -104.16666666666665719276
477 477 44013388.84733410924673080444
477 478 -104.16666666666665719276
477 479 6.51041666666666607455
478 476 6.51041666666666607455
478 477 -104.16666666666665719276
478 478 47679118.67586079984903335571
478 479 -104.16666666666665719276
478 480 6.51041666666666607455
479 477 6.51041666666666607455
479 478 -104.16666666666665719276
479 479 51650156.39269429445266723633
479 480 -104.16666666666665719276
479 481 6.51041666666666607455
480 478 6.51041666666666607455
480 479 -104.16666666666665719276
480 480 55951930.19658931344747543335
480 481 -104.16666666666665719276
480 482 6.51041666666666607455
481 479 6.51041666666666607455
481 480 -104.16666666666665719276
481 481 60611986.12641190737485885620
481 482 -104.16666666666665719276
481 483 6.51041666666666607455
482 480 6.51041666666666607455
482 481 -104.16666666666665719276
482 482 65660164.44983050972223281860
482 483 -104.16666666666665719276
482 484 6.51041666666666607455
483 481 6.51041666666666607455
483 482 -104.16666666666665719276
483 483 71128790.74290718138217926025
483 484 -104.16666666666665719276
483 485 6.51041666666666607455
484 482 6.51041666666666607455
484 483 -104.16666666666665719276
484 484 77052882.88414411246776580811
484 485 -104.16666666666665719276
484 486 6.51041666666666607455
485 483 6.51041666666666607455
485 484 -104.16666666666665719276
485 485 83470375.28846123814582824707
485 486 -104.16666666666665719276
485 487 6.51041666666666607455
486 484 6.51041666666666607455
486 485 -104.16666666666665719276
486 486 90422361.81695993244647979736
486 487 -104.16666666666665719276
486 488 6.51041666666666607455
487 485 6.51041666666666607455
487 486 -104.16666666666665719276
487 487 97953358.91793343424797058105
487 488 -104.16666666666665719276
487 489 6.51041666666666607455
488 486 6.51041666666666607455
488 487 -104.16666666666665719276
488 488 106111590.68411527574062347412
488 489 -104.16666666666665719276
488 490 6.51041666666666607455
489 487 6.51041666666666607455
489 488 -104.16666666666665719276
489 489 114949297.65151509642601013184
489 490 -104.16666666666665719276
489 491 6.51041666666666607455
490 488 6.51041666666666607455
490 489 -104.16666666666665719276
490 490 124523071.31720060110092163086
490 491 -104.16666666666665719276
490 492 6.51041666666666607455
491 489 6.51041666666666607455
491 490 -104.16666666666665719276
491 491 134894216.51808434724807739258
491 492 -104.16666666666665719276
491 493 6.51041666666666607455
492 490 6.51041666666666607455
492 491 -104.16666666666665719276
492 492 146129143.99118140339851379395
492 493 -104.16666666666665719276
492 494 6.51041666666666607455
493 491 6.51041666666666607455
493 492 -104.16666666666665719276
493 493 158299795.62905302643775939941
493 494 -104.16666666666665719276
493 495 6.51041666666666607455
494 492 6.51041666666666607455
494 493 -104.16666666666665719276
494 494 171484105.15353700518608093262
494 495 -104.16666666666665719276
494 496 6.51041666666666607455
495 493 6.51041666666666607455
495 494 -104.16666666666665719276
495 495 185766497.15763360261917114258
495 496 -104.16666666666665719276
495 497 6.51041666666666607455
496 494 6.51041666666666607455
496 495 -104.16666666666665719276
496 496 201238427.71113640069961547852
496 497 -104.16666666666665719276
496 498 6.51041666666666607455
497 495 6.51041666666666607455
497 496 -104.16666666666665719276
497 497 217998969.99171030521392822266
497 498 -104.16666666666665719276
497 499 6.51041666666666607455
498 496 6.51041666666666607455
498 497 -104.16666666666665719276
498 498 236155448.69147616624832153320
498 499 -104.16666666666665719276
498 500 6.51041666666666607455
499 497 6.51041666666666607455
499 498 -104.16666666666665719276
499 499 255824127.26144751906394958496
499 500 -104.16666666666665719276
499 501 6.51041666666666607455
500 498 6.51041666666666607455
500 499 -104.16666666666665719276
500 500 277130952.39455401897430419922
500 501 -104.16666666666665719276
500 502 6.51041666666666607455
501 499 6.51041666666666607455
501 500 -104.16666666666665719276
501 501 300212360.51445901393890380859
501 502 -104.16666666666665719276
501 503 6.51041666666666607455
502 500 6.51041666666666607455
502 501 -104.16666666666665719276
502 502 325216151.43448102474212646484
502 503 -104.16666666666665719276
502 504 6.51041666666666607455
503 501 6.51041666666666607455
503 502 -104.16666666666665719276
503 503 352302434.78098821640014648438
503 504 -104.16666666666665719276
503 505 6.51041666666666607455
504 502 6.51041666666666607455
504 503 -104.16666666666665719276
504 504 381644655.24164032936096191406
504 505 -104.16666666666665719276
504 506 6.51041666666666607455
505 503 6.51041666666666607455
505 504 -104.16666666666665719276
505 505 413430703.20353096723556518555
505 506 -104.16666666666665719276
505 507 6.51041666666666607455
506 504 6.51041666666666607455
506 505 -104.16666666666665719276
506 506 447864117.89314454793930053711
506 507 -104.16666666666665719276
506 508 6.51041666666666607455
507 505 6.51041666666666607455
507 506 -104.16666666666665719276
507 507 485165390.72229027748107910156
507 508 -104.16666666666665719276
507 509 6.51041666666666607455
508 506 6.51041666666666607455
508 507 -104.16666666666665719276
508 508 525573377.18592095375061035156
508 509 -104.16666666666665719276
508 510 6.51041666666666607455
509 507 6.51041666666666607455
509 508 -104.16666666666665719276
509 509 569346826.35275483131408691406
509 510 -104.16666666666665719276
509 511 6.51041666666666607455
510 508 6.51041666666666607455
510 509 -104.16666666666665719276
510 510 616766037.74271535873413085938
510 511 -104.16666666666665719276
510 512 6.51041666666666607455
511 509 6.51041666666666607455
511 510 -104.16666666666665719276
511 511 668134656.20080244541168212891
511 512 -104.16666666666665719276
511 513 6.51041666666666607455
512 510 6.51041666666666607455
512 511 -104.16666666666665719276
512 512 723781616.26077973842620849609
512 513 -104.16666666666665719276
513 511 6.51041666666666607455
513 512 -104.16666666666665719276
513 513 784063248.44917547702789306641
