513
1 1 3
Id
1
1 1 1.0
Nupdn
1
1 2 749.9065
Ntot
1
1 3 1.0
2 3 3
Id
3
1 1 1.0
2 2 1.0
3 3 -0.6951526607370004
Nupdn
1
1 2 749.9065
Ntot
2
1 3 -0.7188621413527553
3 2 725.1731156658074
3 3 3
Id
3
1 1 1.0
2 2 1.0
3 3 -0.8025428276211648
Nupdn
1
1 2 749.9065
Ntot
2
1 3 0.5965945103953145
3 2 -1008.7791162588908
4 3 3
Id
3
1 1 1.0
2 2 1.0
3 3 -0.8510659796103741
Nupdn
1
1 2 749.9065
Ntot
2
1 3 -0.5250587570451843
3 2 1215.5209326101478
5 3 3
Id
3
1 1 1.0
2 2 1.0
3 3 -0.8788129971899847
Nupdn
1
1 2 749.9065
Ntot
2
1 3 0.47716633993813506
3 2 -1381.1275517939814
6 3 3
Id
3
1 1 1.0
2 2 1.0
3 3 -0.89676757627927
Nupdn
1
1 2 749.9065
Ntot
2
1 3 -0.442501880373636
3 2 1519.7490999885415
7 3 3
Id
3
1 1 1.0
2 2 1.0
3 3 -0.9093192133378396
Nupdn
1
1 2 749.9065
Ntot
2
1 3 0.41609922885611356
3 2 -1638.8023369606724
8 3 3
Id
3
1 1 1.0
2 2 1.0
3 3 -0.9185721315563795
Nupdn
1
1 2 749.9065
Ntot
2
1 3 -0.3952533859791322
3 2 1742.7888959548416
9 3 3
Id
3
1 1 1.0
2 2 1.0
3 3 -0.925662612971538
Nupdn
1
1 2 749.9065
Ntot
2
1 3 0.37835000587644346
3 2 -1834.704372916094
10 3 3
Id
3
1 1 1.0
2 2 1.0
3 3 -0.9312585821981718
Nupdn
1
1 2 749.9065
Ntot
2
1 3 -0.3643589618525267
3 2 1916.6726692284628
11 3 3
Id
3
1 1 1.0
2 2 1.0
3 3 -0.9357785299591386
Nupdn
1
1 2 749.9065
Ntot
2
1 3 0.3525883476059779
3 2 -1990.271110606904
12 3 3
Id
3
1 1 1.0
2 2 1.0
3 3 -0.9394980749734236
Nupdn
1
1 2 749.9065
Ntot
2
1 3 -0.34255418129287496
3 2 2056.713219791931
13 3 3
Id
3
1 1 1.0
2 2 1.0
3 3 -0.9426061727554786
Nupdn
1
1 2 749.9065
Ntot
2
1 3 0.3339065783767495
3 2 -2116.958879114665
14 3 3
Id
3
1 1 1.0
2 2 1.0
3 3 -0.945236713713967
Nupdn
1
1 2 749.9065
Ntot
2
1 3 -0.3263855925852432
3 2 2171.784452978307
15 3 3
Id
3
1 1 1.0
2 2 1.0
3 3 -0.9474872311416329
Nupdn
1
1 2 749.9065
Ntot
2
1 3 0.31979360034803983
3 2 -2221.8294316297392
16 3 3
Id
3
1 1 1.0
2 2 1.0
3 3 -0.9494304650159449
Nupdn
1
1 2 749.9065
Ntot
2
1 3 -0.3139773751396842
3 2 2267.6286044391823
17 3 3
Id
3
1 1 1.0
2 2 1.0
3 3 -0.9511217748337804
Nupdn
1
1 2 749.9065
Ntot
2
1 3 0.3088160770378372
3 2 -2309.6349389607667
18 3 3
Id
3
1 1 1.0
2 2 1.0
3 3 -0.9526040420945872
Nupdn
1
1 2 749.9065
Ntot
2
1 3 -0.30421298293309834
3 2 2348.2362790877532
19 3 3
Id
3
1 1 1.0
2 2 1.0
3 3 -0.9539110014447922
Nupdn
1
1 2 749.9065
Ntot
2
1 3 0.30008965547414923
3 2 -2383.7678085727343
20 3 3
Id
3
1 1 1.0
2 2 1.0
3 3 -0.9550695583685054
Nupdn
1
1 2 749.9065
Ntot
2
1 3 -0.29638174484571117
3 2 2416.521537605205
21 3 3
Id
3
1 1 1.0
2 2 1.0
3 3 -0.9561014358359416
Nupdn
1
1 2 749.9065
Ntot
2
1 3 0.29303590973198296
3 2 -2446.753648890599
22 3 3
Id
3
1 1 1.0
2 2 1.0
3 3 -0.9570243661748483
Nupdn
1
1 2 749.9065
Ntot
2
1 3 -0.2900075215363044
3 2 2474.6902737246987
23 3 3
Id
3
1 1 1.0
2 2 1.0
3 3 -0.9578529682713326
Nupdn
1
1 2 749.9065
Ntot
2
1 3 0.2872589270567547
3 2 -2500.532095940918
24 3 3
Id
3
1 1 1.0
2 2 1.0
3 3 -0.9585994029512401
Nupdn
1
1 2 749.9065
Ntot
2
1 3 -0.2847581160590972
3 2 2524.4580667898013
25 3 3
Id
3
1 1 1.0
2 2 1.0
3 3 -0.9592738693451361
Nupdn
1
1 2 749.9065
Ntot
2
1 3 0.28247768689156727
3 2 -2546.6284357468776
26 3 3
Id
3
1 1 1.0
2 2 1.0
3 3 -0.9598849855071476
Nupdn
1
1 2 749.9065
Ntot
2
1 3 -0.280394034526313
3 2 2567.1872481176697
27 3 3
Id
3
1 1 1.0
2 2 1.0
3 3 -0.9604400836043572
Nupdn
1
1 2 749.9065
Ntot
2
1 3 0.27848670669540937
3 2 -2586.2644221047267
28 3 3
Id
3
1 1 1.0
2 2 1.0
3 3 -0.9609454412454363
Nupdn
1
1 2 749.9065
Ntot
2
1 3 -0.2767378885328381
3 2 2603.9774905986933
29 3 3
Id
3
1 1 1.0
2 2 1.0
3 3 -0.9614064645102938
Nupdn
1
1 2 749.9065
Ntot
2
1 3 0.27513198650432785
3 2 -2620.4330730078427
30 3 3
Id
3
1 1 1.0
2 2 1.0
3 3 -0.9618278340544777
Nupdn
1
1 2 749.9065
Ntot
2
1 3 -0.27365528980465936
3 2 2635.7281277231623
31 3 3
Id
3
1 1 1.0
2 2 1.0
3 3 -0.9622136227007752
Nupdn
1
1 2 749.9065
Ntot
2
1 3 0.2722956927478835
3 2 -2649.9510248219576
32 3 3
Id
3
1 1 1.0
2 2 1.0
3 3 -0.9625673908092272
Nupdn
1
1 2 749.9065
Ntot
2
1 3 -0.27104246558559136
3 2 2663.18247030532
33 3 3
Id
3
1 1 1.0
2 2 1.0
3 3 -0.9628922641789113
Nupdn
1
1 2 749.9065
Ntot
2
1 3 0.26988606407965876
3 2 -2675.496306820629
34 3 3
Id
3
1 1 1.0
2 2 1.0
3 3 -0.9631909981073394
Nupdn
1
1 2 749.9065
Ntot
2
1 3 -0.2688179703163223
3 2 2686.960210927254
35 3 3
Id
3
1 1 1.0
2 2 1.0
3 3 -0.9634660303980076
Nupdn
1
1 2 749.9065
Ntot
2
1 3 0.2678305588783801
3 2 -2697.6363031551964
36 3 3
Id
3
1 1 1.0
2 2 1.0
3 3 -0.9637195254817479
Nupdn
1
1 2 749.9065
Ntot
2
1 3 -0.26691698373320966
3 2 2707.5816841165665
37 3 3
Id
3
1 1 1.0
2 2 1.0
3 3 -0.9639534113457628
Nupdn
1
1 2 749.9065
Ntot
2
1 3 0.2660710821469832
3 2 -2716.8489075638454
38 3 3
Id
3
1 1 1.0
2 2 1.0
3 3 -0.9641694106049787
Nupdn
1
1 2 749.9065
Ntot
2
1 3 -0.26528729267276957
3 2 2725.486399402119
39 3 3
Id
3
1 1 1.0
2 2 1.0
3 3 -0.9643690667746132
Nupdn
1
1 2 749.9065
Ntot
2
1 3 0.2645605848350456
3 2 -2733.538830147828
40 3 3
Id
3
1 1 1.0
2 2 1.0
3 3 -0.9645537665895467
Nupdn
1
1 2 749.9065
Ntot
2
1 3 -0.2638863985845391
3 2 2741.0474471015928
41 3 3
Id
3
1 1 1.0
2 2 1.0
3 3 -0.964724759049951
Nupdn
1
1 2 749.9065
Ntot
2
1 3 0.26326059195408347
3 2 -2748.050371506698
42 3 3
Id
3
1 1 1.0
2 2 1.0
3 3 -0.9648831717422917
Nupdn
1
1 2 749.9065
Ntot
2
1 3 -0.26267939562998643
3 2 2754.5828651494003
43 3 3
Id
3
1 1 1.0
2 2 1.0
3 3 -0.9650300248819705
Nupdn
1
1 2 749.9065
Ntot
2
1 3 0.262139373380465
3 2 -2760.6775701863407
44 3 3
Id
3
1 1 1.0
2 2 1.0
3 3 -0.9651662434421608
Nupdn
1
1 2 749.9065
Ntot
2
1 3 -0.2616373874654542
3 2 2766.3647254290995
45 3 3
Id
3
1 1 1.0
2 2 1.0
3 3 -0.9652926676681541
Nupdn
1
1 2 749.9065
Ntot
2
1 3 0.2611705682999115
3 2 -2771.672361854463
46 3 3
Id
3
1 1 1.0
2 2 1.0
3 3 -0.9654100622241262
Nupdn
1
1 2 749.9065
Ntot
2
1 3 -0.2607362877629595
3 2 2776.6264797228746
47 3 3
Id
3
1 1 1.0
2 2 1.0
3 3 -0.9655191241769043
Nupdn
1
1 2 749.9065
Ntot
2
1 3 0.2603321356434187
3 2 -2781.2512093639843
48 3 3
Id
3
1 1 1.0
2 2 1.0
3 3 -0.9656204899870136
Nupdn
1
1 2 749.9065
Ntot
2
1 3 -0.25995589879292896
3 2 2785.5689574147987
49 3 3
Id
3
1 1 1.0
2 2 1.0
3 3 -0.9657147416492806
Nupdn
1
1 2 749.9065
Ntot
2
1 3 0.25960554262431124
3 2 -2789.6005400648837
50 3 3
Id
3
1 1 1.0
2 2 1.0
3 3 -0.965802412102361
Nupdn
1
1 2 749.9065
Ntot
2
1 3 -0.2592791946478957
3 2 2793.36530466625
51 3 3
Id
3
1 1 1.0
2 2 1.0
3 3 -0.965883990007713
Nupdn
1
1 2 749.9065
Ntot
2
1 3 0.2589751297842712
3 2 -2796.8812408978706
52 3 3
Id
3
1 1 1.0
2 2 1.0
3 3 -0.9659599239829726
Nupdn
1
1 2 749.9065
Ntot
2
1 3 -0.25869175723012433
3 2 2800.16508253083
53 3 3
Id
3
1 1 1.0
2 2 1.0
3 3 -0.9660306263617815
Nupdn
1
1 2 749.9065
Ntot
2
1 3 0.258427608685806
3 2 -2803.232400716639
54 3 3
Id
3
1 1 1.0
2 2 1.0
3 3 -0.966096476541382
Nupdn
1
1 2 749.9065
Ntot
2
1 3 -0.25818132778016056
3 2 2806.0976896143748
55 3 3
Id
3
1 1 1.0
2 2 1.0
3 3 -0.9661578239703221
Nupdn
1
1 2 749.9065
Ntot
2
1 3 0.25795166055083363
3 2 -2808.774445080262
56 3 3
Id
3
1 1 1.0
2 2 1.0
3 3 -0.9662149908210904
Nupdn
1
1 2 749.9065
Ntot
2
1 3 -0.2577374468574565
3 2 2811.275237062875
57 3 3
Id
3
1 1 1.0
2 2 1.0
3 3 -0.9662682743861872
Nupdn
1
1 2 749.9065
Ntot
2
1 3 0.25753761262141817
3 2 -2813.6117762773847
58 3 3
Id
3
1 1 1.0
2 2 1.0
3 3 -0.9663179492307892
Nupdn
1
1 2 749.9065
Ntot
2
1 3 -0.25735116279978565
3 2 2815.7949756714397
59 3 3
Id
3
1 1 1.0
2 2 1.0
3 3 -0.9663642691306598
Nupdn
1
1 2 749.9065
Ntot
2
1 3 0.2571771750128026
3 2 -2817.8350071414975
60 3 3
Id
3
1 1 1.0
2 2 1.0
3 3 -0.9664074688201225
Nupdn
1
1 2 749.9065
Ntot
2
1 3 -0.2570147937545307
3 2 2819.7413539117792
61 3 3
Id
3
1 1 1.0
2 2 1.0
3 3 -0.9664477655716452
Nupdn
1
1 2 749.9065
Ntot
2
1 3 0.25686322512491727
3 2 -2821.522858946414
62 3 3
Id
3
1 1 1.0
2 2 1.0
3 3 -0.9664853606258037
Nupdn
1
1 2 749.9065
Ntot
2
1 3 -0.25672173202907883
3 2 2823.1877697289774
63 3 3
Id
3
1 1 1.0
2 2 1.0
3 3 -0.9665204404880006
Nupdn
1
1 2 749.9065
Ntot
2
1 3 0.25658962979606487
3 2 -2824.7437797111284
64 3 3
Id
3
1 1 1.0
2 2 1.0
3 3 -0.9665531781062777
Nupdn
1
1 2 749.9065
Ntot
2
1 3 -0.25646628217497697
3 2 2826.1980667035077
65 3 3
Id
3
1 1 1.0
2 2 1.0
3 3 -0.9665837339427876
Nupdn
1
1 2 749.9065
Ntot
2
1 3 0.2563510976711786
3 2 -2827.557328456339
66 3 3
Id
3
1 1 1.0
2 2 1.0
3 3 -0.9666122569499804
Nupdn
1
1 2 749.9065
Ntot
2
1 3 -0.25624352618956964
3 2 2828.827815654558
67 3 3
Id
3
1 1 1.0
2 2 1.0
3 3 -0.9666388854612342
Nupdn
1
1 2 749.9065
Ntot
2
1 3 0.25614305595557857
3 2 -2830.0153625318203
68 3 3
Id
3
1 1 1.0
2 2 1.0
3 3 -0.9666637480045366
Nupdn
1
1 2 749.9065
Ntot
2
1 3 -0.25604921068775405
3 2 2831.125415289689
69 3 3
Id
3
1 1 1.0
2 2 1.0
3 3 -0.9666869640468179
Nupdn
1
1 2 749.9065
Ntot
2
1 3 0.25596154699865725
3 2 -2832.163058491666
70 3 3
Id
3
1 1 1.0
2 2 1.0
3 3 -0.9667086446756878
Nupdn
1
1 2 749.9065
Ntot
2
1 3 -0.25587965200323126
3 2 2833.1330395874324
71 3 3
Id
3
1 1 1.0
2 2 1.0
3 3 -0.9667288932245617
Nupdn
1
1 2 749.9065
Ntot
2
1 3 0.25580314111600366
3 2 -2834.039791708992
72 3 3
Id
3
1 1 1.0
2 2 1.0
3 3 -0.9667478058465238
Nupdn
1
1 2 749.9065
Ntot
2
1 3 -0.2557316560203915
3 2 2834.8874548688586
73 3 3
Id
3
1 1 1.0
2 2 1.0
3 3 -0.9667654720416803
Nupdn
1
1 2 749.9065
Ntot
2
1 3 0.2556648627950803
3 2 -2835.6798956793295
74 3 3
Id
3
1 1 1.0
2 2 1.0
3 3 -0.9667819751422588
Nupdn
1
1 2 749.9065
Ntot
2
1 3 -0.25560245018393835
3 2 2836.420725702325
75 3 3
Id
3
1 1 1.0
2 2 1.0
3 3 -0.9667973927592679
Nupdn
1
1 2 749.9065
Ntot
2
1 3 0.25554412799726445
3 2 -2837.1133185302115
76 3 3
Id
3
1 1 1.0
2 2 1.0
3 3 -0.9668117971941257
Nupdn
1
1 2 749.9065
Ntot
2
1 3 -0.2554896256333405
3 2 2837.7608256902304
77 3 3
Id
3
1 1 1.0
2 2 1.0
3 3 -0.9668252558183397
Nupdn
1
1 2 749.9065
Ntot
2
1 3 0.2554386907103186
3 2 -2838.366191457496
78 3 3
Id
3
1 1 1.0
2 2 1.0
3 3 -0.9668378314239896
Nupdn
1
1 2 749.9065
Ntot
2
1 3 -0.2553910877993932
3 2 2838.9321666551814
79 3 3
Id
3
1 1 1.0
2 2 1.0
3 3 -0.966849582547513
Nupdn
1
1 2 749.9065
Ntot
2
1 3 0.2553465972510687
3 2 -2839.461321514173
80 3 3
Id
3
1 1 1.0
2 2 1.0
3 3 -0.9668605637690451
Nupdn
1
1 2 749.9065
Ntot
2
1 3 -0.25530501410705586
3 2 2839.9560576590857
81 3 3
Id
3
1 1 1.0
2 2 1.0
3 3 -0.9668708259893393
Nupdn
1
1 2 749.9065
Ntot
2
1 3 0.2552661470910173
3 2 -2840.418619282278
82 3 3
Id
3
1 1 1.0
2 2 1.0
3 3 -0.9668804166861227
Nupdn
1
1 2 749.9065
Ntot
2
1 3 -0.25522981767197606
3 2 2840.851103563062
83 3 3
Id
3
1 1 1.0
2 2 1.0
3 3 -0.9668893801515526
Nupdn
1
1 2 749.9065
Ntot
2
1 3 0.25519585919474924
3 2 -2841.255470384761
84 3 3
Id
3
1 1 1.0
2 2 1.0
3 3 -0.9668977577122977
Nupdn
1
1 2 749.9065
Ntot
2
1 3 -0.25516411607224676
3 2 2841.633551398656
85 3 3
Id
3
1 1 1.0
2 2 1.0
3 3 -0.9669055879336201
Nupdn
1
1 2 749.9065
Ntot
2
1 3 0.2551344430349219
3 2 -2841.9870584799737
86 3 3
Id
3
1 1 1.0
2 2 1.0
3 3 -0.9669129068087285
Nupdn
1
1 2 749.9065
Ntot
2
1 3 -0.2551067044330573
3 2 2842.3175916179557
87 3 3
Id
3
1 1 1.0
2 2 1.0
3 3 -0.9669197479345362
Nupdn
1
1 2 749.9065
Ntot
2
1 3 0.25508077358792375
3 2 -2842.6266462789144
88 3 3
Id
3
1 1 1.0
2 2 1.0
3 3 -0.9669261426748885
Nupdn
1
1 2 749.9065
Ntot
2
1 3 -0.2550565321881831
3 2 2842.915620278402
89 3 3
Id
3
1 1 1.0
2 2 1.0
3 3 -0.9669321203122088
Nupdn
1
1 2 749.9065
Ntot
2
1 3 0.25503386972819136
3 2 -2843.185820196002
90 3 3
Id
3
1 1 1.0
2 2 1.0
3 3 -0.966937708188444
Nupdn
1
1 2 749.9065
Ntot
2
1 3 -0.25501268298514035
3 2 2843.4384673638774
91 3 3
Id
3
1 1 1.0
2 2 1.0
3 3 -0.9669429318361125
Nupdn
1
1 2 749.9065
Ntot
2
1 3 0.2549928755322058
3 2 -2843.674703458039
92 3 3
Id
3
1 1 1.0
2 2 1.0
3 3 -0.9669478151001987
Nupdn
1
1 2 749.9065
Ntot
2
1 3 -0.2549743572851053
3 2 2843.8955957191706
93 3 3
Id
3
1 1 1.0
2 2 1.0
3 3 -0.9669523802515623
Nupdn
1
1 2 749.9065
Ntot
2
1 3 0.2549570440796601
3 2 -2844.1021418280834
94 3 3
Id
3
1 1 1.0
2 2 1.0
3 3 -0.966956648092498
Nupdn
1
1 2 749.9065
Ntot
2
1 3 -0.2549408572781551
3 2 2844.2952744589793
95 3 3
Id
3
1 1 1.0
2 2 1.0
3 3 -0.966960638055004
Nupdn
1
1 2 749.9065
Ntot
2
1 3 0.25492572340244424
3 2 -2844.475865532225
96 3 3
Id
3
1 1 1.0
2 2 1.0
3 3 -0.9669643682923001
Nupdn
1
1 2 749.9065
Ntot
2
1 3 -0.2549115737919183
3 2 2844.644730186746
97 3 3
Id
3
1 1 1.0
2 2 1.0
3 3 -0.9669678557640775
Nupdn
1
1 2 749.9065
Ntot
2
1 3 0.2548983442845843
3 2 -2844.8026304908317
98 3 3
Id
3
1 1 1.0
2 2 1.0
3 3 -0.9669711163159234
Nupdn
1
1 2 749.9065
Ntot
2
1 3 -0.2548859749196433
3 2 2844.9502789087474
99 3 3
Id
3
1 1 1.0
2 2 1.0
3 3 -0.9669741647533476
Nupdn
1
1 2 749.9065
Ntot
2
1 3 0.2548744096600624
3 2 -2845.088341539503
100 3 3
Id
3
1 1 1.0
2 2 1.0
3 3 -0.9669770149107806
Nupdn
1
1 2 749.9065
Ntot
2
1 3 -0.254863596133767
3 2 2845.217441142887
101 3 3
Id
3
1 1 1.0
2 2 1.0
3 3 -0.9669796797159032
Nupdn
1
1 2 749.9065
Ntot
2
1 3 0.25485348539215574
3 2 -2845.338159966929
102 3 3
Id
3
1 1 1.0
2 2 1.0
3 3 -0.9669821712496367
Nupdn
1
1 2 749.9065
Ntot
2
1 3 -0.25484403168475034
3 2 2845.451042389896
103 3 3
Id
3
1 1 1.0
2 2 1.0
3 3 -0.966984500802095
Nupdn
1
1 2 749.9065
Ntot
2
1 3 0.254835192248879
3 2 -2845.556597389216
104 3 3
Id
3
1 1 1.0
2 2 1.0
3 3 -0.9669866789247734
Nupdn
1
1 2 749.9065
Ntot
2
1 3 -0.25482692711335875
3 2 2845.6553008486476
105 3 3
Id
3
1 1 1.0
2 2 1.0
3 3 -0.966988715479246
Nupdn
1
1 2 749.9065
Ntot
2
1 3 0.2548191989152264
3 2 -2845.747597714497
106 3 3
Id
3
1 1 1.0
2 2 1.0
3 3 -0.966990619682601
Nupdn
1
1 2 749.9065
Ntot
2
1 3 -0.254811972728636
3 2 2845.833904010737
107 3 3
Id
3
1 1 1.0
2 2 1.0
3 3 -0.966992400149846
Nupdn
1
1 2 749.9065
Ntot
2
1 3 0.25480521590509053
3 2 -2845.914608722436
108 3 3
Id
3
1 1 1.0
2 2 1.0
3 3 -0.9669940649334858
Nupdn
1
1 2 749.9065
Ntot
2
1 3 -0.25479889792425187
3 2 2845.9900755560634
109 3 3
Id
3
1 1 1.0
2 2 1.0
3 3 -0.9669956215604676
Nupdn
1
1 2 749.9065
Ntot
2
1 3 0.25479299025460933
3 2 -2846.060644584854
110 3 3
Id
3
1 1 1.0
2 2 1.0
3 3 -0.9669970770666725
Nupdn
1
1 2 749.9065
Ntot
2
1 3 -0.25478746622334475
3 2 2846.1266337867373
111 3 3
Id
3
1 1 1.0
2 2 1.0
3 3 -0.9669984380291208
Nupdn
1
1 2 749.9065
Ntot
2
1 3 0.2547823008947847
3 2 -2846.1883404818914
112 3 3
Id
3
1 1 1.0
2 2 1.0
3 3 -0.9669997105960417
Nupdn
1
1 2 749.9065
Ntot
2
1 3 -0.2547774709568557
3 2 2846.2460426765533
113 3 3
Id
3
1 1 1.0
2 2 1.0
3 3 -0.9670009005149562
Nupdn
1
1 2 749.9065
Ntot
2
1 3 0.25477295461501326
3 2 -2846.3000003191337
114 3 3
Id
3
1 1 1.0
2 2 1.0
3 3 -0.9670020131589045
Nupdn
1
1 2 749.9065
Ntot
2
1 3 -0.2547687314931449
3 2 2846.350456474528
115 3 3
Id
3
1 1 1.0
2 2 1.0
3 3 -0.9670030535509417
Nupdn
1
1 2 749.9065
Ntot
2
1 3 0.25476478254098284
3 2 -2846.3976384218117
116 3 3
Id
3
1 1 1.0
2 2 1.0
3 3 -0.9670040263870214
Nupdn
1
1 2 749.9065
Ntot
2
1 3 -0.25476108994759866
3 2 2846.4417586804875
117 3 3
Id
3
1 1 1.0
2 2 1.0
3 3 -0.96700493605737
Nupdn
1
1 2 749.9065
Ntot
2
1 3 0.2547576370605635
3 2 -2846.4830159698554
118 3 3
Id
3
1 1 1.0
2 2 1.0
3 3 -0.9670057866664548
Nupdn
1
1 2 749.9065
Ntot
2
1 3 -0.2547544083104177
3 2 2846.521596105919
119 3 3
Id
3
1 1 1.0
2 2 1.0
3 3 -0.9670065820516427
Nupdn
1
1 2 749.9065
Ntot
2
1 3 0.2547513891400776
3 2 -2846.5576728398996
120 3 3
Id
3
1 1 1.0
2 2 1.0
3 3 -0.9670073258006309
Nupdn
1
1 2 749.9065
Ntot
2
1 3 -0.2547485659388724
3 2 2846.591408642185
121 3 3
Id
3
1 1 1.0
2 2 1.0
3 3 -0.9670080212677343
Nupdn
1
1 2 749.9065
Ntot
2
1 3 0.25474592598088974
3 2 -2846.6229554352626
122 3 3
Id
3
1 1 1.0
2 2 1.0
3 3 -0.9670086715891049
Nupdn
1
1 2 749.9065
Ntot
2
1 3 -0.2547434573673579
3 2 2846.652455278941
123 3 3
Id
3
1 1 1.0
2 2 1.0
3 3 -0.9670092796969545
Nupdn
1
1 2 749.9065
Ntot
2
1 3 0.25474114897279027
3 2 -2846.6800410110486
124 3 3
Id
3
1 1 1.0
2 2 1.0
3 3 -0.9670098483328462
Nupdn
1
1 2 749.9065
Ntot
2
1 3 -0.25473899039465026
3 2 2846.705836846428
125 3 3
Id
3
1 1 1.0
2 2 1.0
3 3 -0.9670103800601153
Nupdn
1
1 2 749.9065
Ntot
2
1 3 0.2547369719063009
3 2 -2846.729958936972
126 3 3
Id
3
1 1 1.0
2 2 1.0
3 3 -0.9670108772754773
Nupdn
1
1 2 749.9065
Ntot
2
1 3 -0.25473508441302734
3 2 2846.7525158952835
127 3 3
Id
3
1 1 1.0
2 2 1.0
3 3 -0.9670113422198778
Nupdn
1
1 2 749.9065
Ntot
2
1 3 0.25473331941092836
3 2 -2846.7736092842692
128 3 3
Id
3
1 1 1.0
2 2 1.0
3 3 -0.9670117769886353
Nupdn
1
1 2 749.9065
Ntot
2
1 3 -0.25473166894848653
3 2 2846.793334074914
129 3 3
Id
3
1 1 1.0
2 2 1.0
3 3 -0.9670121835409182
Nupdn
1
1 2 749.9065
Ntot
2
1 3 0.2547301255906456
3 2 -2846.811779074307
130 3 3
Id
3
1 1 1.0
2 2 1.0
3 3 -0.9670125637086022
Nupdn
1
1 2 749.9065
Ntot
2
1 3 -0.2547286823852329
3 2 2846.8290273258385
131 3 3
Id
3
1 1 1.0
2 2 1.0
3 3 -0.9670129192045569
Nupdn
1
1 2 749.9065
Ntot
2
1 3 0.2547273328315612
3 2 -2846.8451564834313
132 3 3
Id
3
1 1 1.0
2 2 1.0
3 3 -0.9670132516303842
Nupdn
1
1 2 749.9065
Ntot
2
1 3 -0.2547260708510832
3 2 2846.8602391614168
133 3 3
Id
3
1 1 1.0
2 2 1.0
3 3 -0.9670135624836547
Nupdn
1
1 2 749.9065
Ntot
2
1 3 0.2547248907599542
3 2 -2846.8743432616902
134 3 3
Id
3
1 1 1.0
2 2 1.0
3 3 -0.9670138531646735
Nupdn
1
1 2 749.9065
Ntot
2
1 3 -0.254723787243381
3 2 2846.8875322796466
135 3 3
Id
3
1 1 1.0
2 2 1.0
3 3 -0.9670141249828033
Nupdn
1
1 2 749.9065
Ntot
2
1 3 0.25472275533164246
3 2 -2846.8998655901955
136 3 3
Id
3
1 1 1.0
2 2 1.0
3 3 -0.9670143791623764
Nupdn
1
1 2 749.9065
Ntot
2
1 3 -0.25472179037766585
3 2 2846.9113987152436
137 3 3
Id
3
1 1 1.0
2 2 1.0
3 3 -0.9670146168482239
Nupdn
1
1 2 749.9065
Ntot
2
1 3 0.25472088803606724
3 2 -2846.922183573784
138 3 3
Id
3
1 1 1.0
2 2 1.0
3 3 -0.9670148391108391
Nupdn
1
1 2 749.9065
Ntot
2
1 3 -0.25472004424355393
3 2 2846.932268715735
139 3 3
Id
3
1 1 1.0
2 2 1.0
3 3 -0.9670150469512107
Nupdn
1
1 2 749.9065
Ntot
2
1 3 0.25471925520059957
3 2 -2846.9416995406273
140 3 3
Id
3
1 1 1.0
2 2 1.0
3 3 -0.9670152413053374
Nupdn
1
1 2 749.9065
Ntot
2
1 3 -0.254718517354314
3 2 2846.950518502067
141 3 3
Id
3
1 1 1.0
2 2 1.0
3 3 -0.9670154230484531
Nupdn
1
1 2 749.9065
Ntot
2
1 3 0.25471782738242327
3 2 -2846.958765298912
142 3 3
Id
3
1 1 1.0
2 2 1.0
3 3 -0.9670155929989699
Nupdn
1
1 2 749.9065
Ntot
2
1 3 -0.2547171821782946
3 2 2846.966477054081
143 3 3
Id
3
1 1 1.0
2 2 1.0
3 3 -0.9670157519221745
Nupdn
1
1 2 749.9065
Ntot
2
1 3 0.2547165788369333
3 2 -2846.973688481708
144 3 3
Id
3
1 1 1.0
2 2 1.0
3 3 -0.9670159005336745
Nupdn
1
1 2 749.9065
Ntot
2
1 3 -0.254716014641889
3 2 2846.98043204347
145 3 3
Id
3
1 1 1.0
2 2 1.0
3 3 -0.9670160395026268
Nupdn
1
1 2 749.9065
Ntot
2
1 3 0.2547154870530141
3 2 -2846.9867380947558
146 3 3
Id
3
1 1 1.0
2 2 1.0
3 3 -0.9670161694547552
Nupdn
1
1 2 749.9065
Ntot
2
1 3 -0.25471499369501704
3 2 2846.9926350213514
147 3 3
Id
3
1 1 1.0
2 2 1.0
3 3 -0.9670162909751685
Nupdn
1
1 2 749.9065
Ntot
2
1 3 0.25471453234675895
3 2 -2846.9981493672612
148 3 3
Id
3
1 1 1.0
2 2 1.0
3 3 -0.9670164046110006
Nupdn
1
1 2 749.9065
Ntot
2
1 3 -0.25471410093124774
3 2 2847.0033059542247
149 3 3
Id
3
1 1 1.0
2 2 1.0
3 3 -0.9670165108738737
Nupdn
1
1 2 749.9065
Ntot
2
1 3 0.2547136975062777
3 2 -2847.008127993452
150 3 3
Id
3
1 1 1.0
2 2 1.0
3 3 -0.9670166102422055
Nupdn
1
1 2 749.9065
Ntot
2
1 3 -0.2547133202556835
3 2 2847.0126371901674
151 3 3
Id
3
1 1 1.0
2 2 1.0
3 3 -0.9670167031633656
Nupdn
1
1 2 749.9065
Ntot
2
1 3 0.25471296748115446
3 2 -2847.0168538413045
152 3 3
Id
3
1 1 1.0
2 2 1.0
3 3 -0.9670167900556883
Nupdn
1
1 2 749.9065
Ntot
2
1 3 -0.2547126375945898
3 2 2847.0207969268795
153 3 3
Id
3
1 1 1.0
2 2 1.0
3 3 -0.9670168713103615
Nupdn
1
1 2 749.9065
Ntot
2
1 3 0.2547123291109405
3 2 -2847.0244841954805
154 3 3
Id
3
1 1 1.0
2 2 1.0
3 3 -0.9670169472931855
Nupdn
1
1 2 749.9065
Ntot
2
1 3 -0.25471204064152264
3 2 2847.027932244134
155 3 3
Id
3
1 1 1.0
2 2 1.0
3 3 -0.9670170183462226
Nupdn
1
1 2 749.9065
Ntot
2
1 3 0.2547117708877644
3 2 -2847.031156593037
156 3 3
Id
3
1 1 1.0
2 2 1.0
3 3 -0.9670170847893389
Nupdn
1
1 2 749.9065
Ntot
2
1 3 -0.2547115186353547
3 2 2847.03417175544
157 3 3
Id
3
1 1 1.0
2 2 1.0
3 3 -0.9670171469216422
Nupdn
1
1 2 749.9065
Ntot
2
1 3 0.2547112827487769
3 2 -2847.036991302959
158 3 3
Id
3
1 1 1.0
2 2 1.0
3 3 -0.9670172050228314
Nupdn
1
1 2 749.9065
Ntot
2
1 3 -0.25471106216619466
3 2 2847.0396279266897
159 3 3
Id
3
1 1 1.0
2 2 1.0
3 3 -0.9670172593544568
Nupdn
1
1 2 749.9065
Ntot
2
1 3 0.25471085589466996
3 2 -2847.0420934943277
160 3 3
Id
3
1 1 1.0
2 2 1.0
3 3 -0.9670173101610957
Nupdn
1
1 2 749.9065
Ntot
2
1 3 -0.2547106630056917
3 2 2847.044399103611
161 3 3
Id
3
1 1 1.0
2 2 1.0
3 3 -0.9670173576714562
Nupdn
1
1 2 749.9065
Ntot
2
1 3 0.2547104826309956
3 2 -2847.0465551322527
162 3 3
Id
3
1 1 1.0
2 2 1.0
3 3 -0.9670174020994056
Nupdn
1
1 2 749.9065
Ntot
2
1 3 -0.25471031395865434
3 2 2847.0485712846803
163 3 3
Id
3
1 1 1.0
2 2 1.0
3 3 -0.9670174436449346
Nupdn
1
1 2 749.9065
Ntot
2
1 3 0.25471015622942045
3 2 -2847.0504566356904
164 3 3
Id
3
1 1 1.0
2 2 1.0
3 3 -0.9670174824950564
Nupdn
1
1 2 749.9065
Ntot
2
1 3 -0.25471000873331073
3 2 2847.052219671346
165 3 3
Id
3
1 1 1.0
2 2 1.0
3 3 -0.967017518824651
Nupdn
1
1 2 749.9065
Ntot
2
1 3 0.25470987080640556
3 2 -2847.0538683271216
166 3 3
Id
3
1 1 1.0
2 2 1.0
3 3 -0.9670175527972504
Nupdn
1
1 2 749.9065
Ntot
2
1 3 -0.25470974182786343
3 2 2847.0554100236727
167 3 3
Id
3
1 1 1.0
2 2 1.0
3 3 -0.9670175845657765
Nupdn
1
1 2 749.9065
Ntot
2
1 3 0.2547096212171245
3 2 -2847.0568517001975
168 3 3
Id
3
1 1 1.0
2 2 1.0
3 3 -0.9670176142732292
Nupdn
1
1 2 749.9065
Ntot
2
1 3 -0.25470950843129514
3 2 2847.0581998457033
169 3 3
Id
3
1 1 1.0
2 2 1.0
3 3 -0.9670176420533296
Nupdn
1
1 2 749.9065
Ntot
2
1 3 0.25470940296270705
3 2 -2847.0594605282013
170 3 3
Id
3
1 1 1.0
2 2 1.0
3 3 -0.9670176680311222
Nupdn
1
1 2 749.9065
Ntot
2
1 3 -0.2547093043366293
3 2 2847.060639422022
171 3 3
Id
3
1 1 1.0
2 2 1.0
3 3 -0.9670176923235407
Nupdn
1
1 2 749.9065
Ntot
2
1 3 0.2547092121091303
3 2 -2847.0617418333645
172 3 3
Id
3
1 1 1.0
2 2 1.0
3 3 -0.9670177150399291
Nupdn
1
1 2 749.9065
Ntot
2
1 3 -0.2547091258650827
3 2 2847.0627727241617
173 3 3
Id
3
1 1 1.0
2 2 1.0
3 3 -0.9670177362825383
Nupdn
1
1 2 749.9065
Ntot
2
1 3 0.25470904521629295
3 2 -2847.063736734444
174 3 3
Id
3
1 1 1.0
2 2 1.0
3 3 -0.9670177561469848
Nupdn
1
1 2 749.9065
Ntot
2
1 3 -0.25470896979975144
3 2 2847.064638203199
175 3 3
Id
3
1 1 1.0
2 2 1.0
3 3 -0.9670177747226818
Nupdn
1
1 2 749.9065
Ntot
2
1 3 0.2547088992760023
3 2 -2847.0654811879117
176 3 3
Id
3
1 1 1.0
2 2 1.0
3 3 -0.967017792093241
Nupdn
1
1 2 749.9065
Ntot
2
1 3 -0.2547088333276121
3 2 2847.0662694828357
177 3 3
Id
3
1 1 1.0
2 2 1.0
3 3 -0.9670178083368495
Nupdn
1
1 2 749.9065
Ntot
2
1 3 0.25470877165774325
3 2 -2847.0670066360562
178 3 3
Id
3
1 1 1.0
2 2 1.0
3 3 -0.9670178235266214
Nupdn
1
1 2 749.9065
Ntot
2
1 3 -0.25470871398881556
3 2 2847.0676959654706
179 3 3
Id
3
1 1 1.0
2 2 1.0
3 3 -0.9670178377309273
Nupdn
1
1 2 749.9065
Ntot
2
1 3 0.25470866006125875
3 2 -2847.0683405737313
180 3 3
Id
3
1 1 1.0
2 2 1.0
3 3 -0.9670178510137022
Nupdn
1
1 2 749.9065
Ntot
2
1 3 -0.2547086096323436
3 2 2847.068943362181
181 3 3
Id
3
1 1 1.0
2 2 1.0
3 3 -0.9670178634347326
Nupdn
1
1 2 749.9065
Ntot
2
1 3 0.25470856247508633
3 2 -2847.0695070439547
182 3 3
Id
3
1 1 1.0
2 2 1.0
3 3 -0.9670178750499268
Nupdn
1
1 2 749.9065
Ntot
2
1 3 -0.2547085183772321
3 2 2847.070034156146
183 3 3
Id
3
1 1 1.0
2 2 1.0
3 3 -0.9670178859115646
Nupdn
1
1 2 749.9065
Ntot
2
1 3 0.2547084771402959
3 2 -2847.0705270712624
184 3 3
Id
3
1 1 1.0
2 2 1.0
3 3 -0.9670178960685349
Nupdn
1
1 2 749.9065
Ntot
2
1 3 -0.2547084385786694
3 2 2847.0709880078857
185 3 3
Id
3
1 1 1.0
2 2 1.0
3 3 -0.9670179055665555
Nupdn
1
1 2 749.9065
Ntot
2
1 3 0.2547084025187873
3 2 -2847.0714190406707
186 3 3
Id
3
1 1 1.0
2 2 1.0
3 3 -0.9670179144483764
Nupdn
1
1 2 749.9065
Ntot
2
1 3 -0.2547083687983434
3 2 2847.071822109673
187 3 3
Id
3
1 1 1.0
2 2 1.0
3 3 -0.9670179227539748
Nupdn
1
1 2 749.9065
Ntot
2
1 3 0.2547083372655623
3 2 -2847.0721990290726
188 3 3
Id
3
1 1 1.0
2 2 1.0
3 3 -0.9670179305207347
Nupdn
1
1 2 749.9065
Ntot
2
1 3 -0.25470830777851644
3 2 2847.072551495361
189 3 3
Id
3
1 1 1.0
2 2 1.0
3 3 -0.9670179377836143
Nupdn
1
1 2 749.9065
Ntot
2
1 3 0.2547082802044843
3 2 -2847.072881094974
190 3 3
Id
3
1 1 1.0
2 2 1.0
3 3 -0.9670179445753033
Nupdn
1
1 2 749.9065
Ntot
2
1 3 -0.25470825441935624
3 2 2847.0731893114116
191 3 3
Id
3
1 1 1.0
2 2 1.0
3 3 -0.9670179509263717
Nupdn
1
1 2 749.9065
Ntot
2
1 3 0.2547082303070739
3 2 -2847.0734775319415
192 3 3
Id
3
1 1 1.0
2 2 1.0
3 3 -0.9670179568654054
Nupdn
1
1 2 749.9065
Ntot
2
1 3 -0.25470820775910874
3 2 2847.073747053813
193 3 3
Id
3
1 1 1.0
2 2 1.0
3 3 -0.9670179624191355
Nupdn
1
1 2 749.9065
Ntot
2
1 3 0.2547081866739728
3 2 -2847.0739990901343
194 3 3
Id
3
1 1 1.0
2 2 1.0
3 3 -0.9670179676125594
Nupdn
1
1 2 749.9065
Ntot
2
1 3 -0.2547081669567637
3 2 2847.0742347752976
195 3 3
Id
3
1 1 1.0
2 2 1.0
3 3 -0.9670179724690529
Nupdn
1
1 2 749.9065
Ntot
2
1 3 0.2547081485187343
3 2 -2847.074455170114
196 3 3
Id
3
1 1 1.0
2 2 1.0
3 3 -0.9670179770104748
Nupdn
1
1 2 749.9065
Ntot
2
1 3 -0.2547081312768961
3 2 2847.0746612665544
197 3 3
Id
3
1 1 1.0
2 2 1.0
3 3 -0.9670179812572661
Nupdn
1
1 2 749.9065
Ntot
2
1 3 0.2547081151536441
3 2 -2847.0748539922456
198 3 3
Id
3
1 1 1.0
2 2 1.0
3 3 -0.9670179852285408
Nupdn
1
1 2 749.9065
Ntot
2
1 3 -0.2547081000764086
3 2 2847.0750342146343
199 3 3
Id
3
1 1 1.0
2 2 1.0
3 3 -0.9670179889421737
Nupdn
1
1 2 749.9065
Ntot
2
1 3 0.25470808597732797
3 2 -2847.075202744885
200 3 3
Id
3
1 1 1.0
2 2 1.0
3 3 -0.9670179924148798
Nupdn
1
1 2 749.9065
Ntot
2
1 3 -0.2547080727929435
3 2 2847.0753603415415
201 3 3
Id
3
1 1 1.0
2 2 1.0
3 3 -0.9670179956622897
Nupdn
1
1 2 749.9065
Ntot
2
1 3 0.254708060463912
3 2 -2847.075507713932
202 3 3
Id
3
1 1 1.0
2 2 1.0
3 3 -0.9670179986990197
Nupdn
1
1 2 749.9065
Ntot
2
1 3 -0.2547080489347417
3 2 2847.0756455253695
203 3 3
Id
3
1 1 1.0
2 2 1.0
3 3 -0.9670180015387377
Nupdn
1
1 2 749.9065
Ntot
2
1 3 0.2547080381535404
3 2 -2847.075774396134
204 3 3
Id
3
1 1 1.0
2 2 1.0
3 3 -0.9670180041942258
Nupdn
1
1 2 749.9065
Ntot
2
1 3 -0.25470802807178256
3 2 2847.075894906255
205 3 3
Id
3
1 1 1.0
2 2 1.0
3 3 -0.9670180066774361
Nupdn
1
1 2 749.9065
Ntot
2
1 3 0.2547080186440909
3 2 -2847.076007598147
206 3 3
Id
3
1 1 1.0
2 2 1.0
3 3 -0.9670180089995444
Nupdn
1
1 2 749.9065
Ntot
2
1 3 -0.2547080098280325
3 2 2847.076112979021
207 3 3
Id
3
1 1 1.0
2 2 1.0
3 3 -0.9670180111710034
Nupdn
1
1 2 749.9065
Ntot
2
1 3 0.2547080015839261
3 2 -2847.0762115231946
208 3 3
Id
3
1 1 1.0
2 2 1.0
3 3 -0.967018013201586
Nupdn
1
1 2 749.9065
Ntot
2
1 3 -0.25470799387466614
3 2 2847.0763036741982
209 3 3
Id
3
1 1 1.0
2 2 1.0
3 3 -0.9670180151004324
Nupdn
1
1 2 749.9065
Ntot
2
1 3 0.25470798666555367
3 2 -2847.0763898468044
210 3 3
Id
3
1 1 1.0
2 2 1.0
3 3 -0.9670180168760889
Nupdn
1
1 2 749.9065
Ntot
2
1 3 -0.2547079799241407
3 2 2847.076470428865
211 3 3
Id
3
1 1 1.0
2 2 1.0
3 3 -0.9670180185365476
Nupdn
1
1 2 749.9065
Ntot
2
1 3 0.25470797362008474
3 2 -2847.0765457830757
212 3 3
Id
3
1 1 1.0
2 2 1.0
3 3 -0.9670180200892817
Nupdn
1
1 2 749.9065
Ntot
2
1 3 -0.25470796772501214
3 2 2847.076616248593
213 3 3
Id
3
1 1 1.0
2 2 1.0
3 3 -0.9670180215412802
Nupdn
1
1 2 749.9065
Ntot
2
1 3 0.2547079622123887
3 2 -2847.076682142582
214 3 3
Id
3
1 1 1.0
2 2 1.0
3 3 -0.9670180228990792
Nupdn
1
1 2 749.9065
Ntot
2
1 3 -0.254707957057403
3 2 2847.0767437616228
215 3 3
Id
3
1 1 1.0
2 2 1.0
3 3 -0.9670180241687887
Nupdn
1
1 2 749.9065
Ntot
2
1 3 0.2547079522368544
3 2 -2847.07680138306
216 3 3
Id
3
1 1 1.0
2 2 1.0
3 3 -0.9670180253561249
Nupdn
1
1 2 749.9065
Ntot
2
1 3 -0.2547079477290429
3 2 2847.0768552662425
217 3 3
Id
3
1 1 1.0
2 2 1.0
3 3 -0.967018026466431
Nupdn
1
1 2 749.9065
Ntot
2
1 3 0.25470794351368176
3 2 -2847.07690565369
218 3 3
Id
3
1 1 1.0
2 2 1.0
3 3 -0.9670180275047049
Nupdn
1
1 2 749.9065
Ntot
2
1 3 -0.25470793957179666
3 2 2847.0769527721995
219 3 3
Id
3
1 1 1.0
2 2 1.0
3 3 -0.9670180284756191
Nupdn
1
1 2 749.9065
Ntot
2
1 3 0.25470793588564655
3 2 -2847.076996833838
220 3 3
Id
3
1 1 1.0
2 2 1.0
3 3 -0.9670180293835444
Nupdn
1
1 2 749.9065
Ntot
2
1 3 -0.25470793243863915
3 2 2847.0770380369327
221 3 3
Id
3
1 1 1.0
2 2 1.0
3 3 -0.9670180302325673
Nupdn
1
1 2 749.9065
Ntot
2
1 3 0.25470792921525987
3 2 -2847.077076566927
222 3 3
Id
3
1 1 1.0
2 2 1.0
3 3 -0.9670180310265084
Nupdn
1
1 2 749.9065
Ntot
2
1 3 -0.2547079262010015
3 2 2847.0771125972487
223 3 3
Id
3
1 1 1.0
2 2 1.0
3 3 -0.9670180317689421
Nupdn
1
1 2 749.9065
Ntot
2
1 3 0.254707923382296
3 2 -2847.077146290061
224 3 3
Id
3
1 1 1.0
2 2 1.0
3 3 -0.9670180324632089
Nupdn
1
1 2 749.9065
Ntot
2
1 3 -0.25470792074645804
3 2 2847.077177797014
225 3 3
Id
3
1 1 1.0
2 2 1.0
3 3 -0.967018033112435
Nupdn
1
1 2 749.9065
Ntot
2
1 3 0.2547079182816226
3 2 -2847.07720725992
226 3 3
Id
3
1 1 1.0
2 2 1.0
3 3 -0.9670180337195413
Nupdn
1
1 2 749.9065
Ntot
2
1 3 -0.25470791597669645
3 2 2847.0772348113824
227 3 3
Id
3
1 1 1.0
2 2 1.0
3 3 -0.9670180342872616
Nupdn
1
1 2 749.9065
Ntot
2
1 3 0.2547079138213047
3 2 -2847.0772605754164
228 3 3
Id
3
1 1 1.0
2 2 1.0
3 3 -0.9670180348181496
Nupdn
1
1 2 749.9065
Ntot
2
1 3 -0.25470791180574676
3 2 2847.077284667983
229 3 3
Id
3
1 1 1.0
2 2 1.0
3 3 -0.9670180353145961
Nupdn
1
1 2 749.9065
Ntot
2
1 3 0.2547079099209499
3 2 -2847.0773071975173
230 3 3
Id
3
1 1 1.0
2 2 1.0
3 3 -0.9670180357788349
Nupdn
1
1 2 749.9065
Ntot
2
1 3 -0.2547079081584316
3 2 2847.077328265418
231 3 3
Id
3
1 1 1.0
2 2 1.0
3 3 -0.9670180362129559
Nupdn
1
1 2 749.9065
Ntot
2
1 3 0.2547079065102589
3 2 -2847.077347966517
232 3 3
Id
3
1 1 1.0
2 2 1.0
3 3 -0.9670180366189123
Nupdn
1
1 2 749.9065
Ntot
2
1 3 -0.25470790496901297
3 2 2847.0773663894884
233 3 3
Id
3
1 1 1.0
2 2 1.0
3 3 -0.9670180369985324
Nupdn
1
1 2 749.9065
Ntot
2
1 3 0.2547079035277571
3 2 -2847.0773836172434
234 3 3
Id
3
1 1 1.0
2 2 1.0
3 3 -0.9670180373535242
Nupdn
1
1 2 749.9065
Ntot
2
1 3 -0.25470790218000444
3 2 2847.077399727332
235 3 3
Id
3
1 1 1.0
2 2 1.0
3 3 -0.9670180376854849
Nupdn
1
1 2 749.9065
Ntot
2
1 3 0.25470790091968865
3 2 -2847.077414792262
236 3 3
Id
3
1 1 1.0
2 2 1.0
3 3 -0.9670180379959097
Nupdn
1
1 2 749.9065
Ntot
2
1 3 -0.254707899741137
3 2 2847.0774288798357
237 3 3
Id
3
1 1 1.0
2 2 1.0
3 3 -0.9670180382861953
Nupdn
1
1 2 749.9065
Ntot
2
1 3 0.25470789863904575
3 2 -2847.0774420534653
238 3 3
Id
3
1 1 1.0
2 2 1.0
3 3 -0.9670180385576486
Nupdn
1
1 2 749.9065
Ntot
2
1 3 -0.25470789760845347
3 2 2847.077454372437
239 3 3
Id
3
1 1 1.0
2 2 1.0
3 3 -0.9670180388114906
Nupdn
1
1 2 749.9065
Ntot
2
1 3 0.25470789664472254
3 2 -2847.077465892205
240 3 3
Id
3
1 1 1.0
2 2 1.0
3 3 -0.9670180390488647
Nupdn
1
1 2 749.9065
Ntot
2
1 3 -0.2547078957435141
3 2 2847.0774766646136
241 3 3
Id
3
1 1 1.0
2 2 1.0
3 3 -0.9670180392708383
Nupdn
1
1 2 749.9065
Ntot
2
1 3 0.2547078949007729
3 2 -2847.0774867381515
242 3 3
Id
3
1 1 1.0
2 2 1.0
3 3 -0.9670180394784118
Nupdn
1
1 2 749.9065
Ntot
2
1 3 -0.25470789411270506
3 2 2847.0774961581583
243 3 3
Id
3
1 1 1.0
2 2 1.0
3 3 -0.9670180396725188
Nupdn
1
1 2 749.9065
Ntot
2
1 3 0.25470789337576455
3 2 -2847.0775049670306
244 3 3
Id
3
1 1 1.0
2 2 1.0
3 3 -0.967018039854032
Nupdn
1
1 2 749.9065
Ntot
2
1 3 -0.2547078926866338
3 2 2847.0775132044155
245 3 3
Id
3
1 1 1.0
2 2 1.0
3 3 -0.9670180400237698
Nupdn
1
1 2 749.9065
Ntot
2
1 3 0.2547078920422112
3 2 -2847.077520907392
246 3 3
Id
3
1 1 1.0
2 2 1.0
3 3 -0.9670180401824962
Nupdn
1
1 2 749.9065
Ntot
2
1 3 -0.25470789143959555
3 2 2847.0775281106303
247 3 3
Id
3
1 1 1.0
2 2 1.0
3 3 -0.9670180403309243
Nupdn
1
1 2 749.9065
Ntot
2
1 3 0.25470789087607587
3 2 -2847.0775348465518
248 3 3
Id
3
1 1 1.0
2 2 1.0
3 3 -0.9670180404697233
Nupdn
1
1 2 749.9065
Ntot
2
1 3 -0.2547078903491151
3 2 2847.0775411454706
249 3 3
Id
3
1 1 1.0
2 2 1.0
3 3 -0.9670180405995172
Nupdn
1
1 2 749.9065
Ntot
2
1 3 0.25470788985634185
3 2 -2847.0775470357385
250 3 3
Id
3
1 1 1.0
2 2 1.0
3 3 -0.967018040720891
Nupdn
1
1 2 749.9065
Ntot
2
1 3 -0.2547078893955371
3 2 2847.07755254387
251 3 3
Id
3
1 1 1.0
2 2 1.0
3 3 -0.9670180408343905
Nupdn
1
1 2 749.9065
Ntot
2
1 3 0.25470788896462804
3 2 -2847.077557694656
252 3 3
Id
3
1 1 1.0
2 2 1.0
3 3 -0.9670180409405265
Nupdn
1
1 2 749.9065
Ntot
2
1 3 -0.2547078885616745
3 2 2847.0775625112783
253 3 3
Id
3
1 1 1.0
2 2 1.0
3 3 -0.9670180410397771
Nupdn
1
1 2 749.9065
Ntot
2
1 3 0.2547078881848631
3 2 -2847.077567015421
254 3 3
Id
3
1 1 1.0
2 2 1.0
3 3 -0.9670180411325877
Nupdn
1
1 2 749.9065
Ntot
2
1 3 -0.2547078878324978
3 2 2847.0775712273457
255 3 3
Id
3
1 1 1.0
2 2 1.0
3 3 -0.9670180412193781
Nupdn
1
1 2 749.9065
Ntot
2
1 3 0.2547078875029924
3 2 -2847.077575166022
256 3 3
Id
3
1 1 1.0
2 2 1.0
3 3 -0.9670180413005376
Nupdn
1
1 2 749.9065
Ntot
2
1 3 -0.25470788719486415
3 2 2847.0775788491733
257 3 3
Id
3
1 1 1.0
2 2 1.0
3 3 -0.9670180413764318
Nupdn
1
1 2 749.9065
Ntot
2
1 3 0.25470788690672624
3 2 -2847.07758229337
258 3 3
Id
3
1 1 1.0
2 2 1.0
3 3 -0.9670180414474026
Nupdn
1
1 2 749.9065
Ntot
2
1 3 -0.2547078866372814
3 2 2847.0775855141264
259 3 3
Id
3
1 1 1.0
2 2 1.0
3 3 -0.9670180415137688
Nupdn
1
1 2 749.9065
Ntot
2
1 3 0.2547078863853167
3 2 -2847.077588525932
260 3 3
Id
3
1 1 1.0
2 2 1.0
3 3 -0.9670180415758294
Nupdn
1
1 2 749.9065
Ntot
2
1 3 -0.2547078861496991
3 2 2847.0775913423404
261 3 3
Id
3
1 1 1.0
2 2 1.0
3 3 -0.9670180416338634
Nupdn
1
1 2 749.9065
Ntot
2
1 3 0.25470788592936705
3 2 -2847.0775939760333
262 3 3
Id
3
1 1 1.0
2 2 1.0
3 3 -0.9670180416881327
Nupdn
1
1 2 749.9065
Ntot
2
1 3 -0.2547078857233298
3 2 2847.0775964388613
263 3 3
Id
3
1 1 1.0
2 2 1.0
3 3 -0.9670180417388814
Nupdn
1
1 2 749.9065
Ntot
2
1 3 0.25470788553065893
3 2 -2847.077598741911
264 3 3
Id
3
1 1 1.0
2 2 1.0
3 3 -0.9670180417863372
Nupdn
1
1 2 749.9065
Ntot
2
1 3 -0.2547078853504887
3 2 2847.077600895551
265 3 3
Id
3
1 1 1.0
2 2 1.0
3 3 -0.967018041830715
Nupdn
1
1 2 749.9065
Ntot
2
1 3 0.25470788518200593
3 2 -2847.077602909467
266 3 3
Id
3
1 1 1.0
2 2 1.0
3 3 -0.9670180418722132
Nupdn
1
1 2 749.9065
Ntot
2
1 3 -0.2547078850244545
3 2 2847.0776047927307
267 3 3
Id
3
1 1 1.0
2 2 1.0
3 3 -0.9670180419110193
Nupdn
1
1 2 749.9065
Ntot
2
1 3 0.2547078848771239
3 2 -2847.077606553811
268 3 3
Id
3
1 1 1.0
2 2 1.0
3 3 -0.9670180419473078
Nupdn
1
1 2 749.9065
Ntot
2
1 3 -0.25470788473935213
3 2 2847.077608200643
269 3 3
Id
3
1 1 1.0
2 2 1.0
3 3 -0.967018041981242
Nupdn
1
1 2 749.9065
Ntot
2
1 3 0.25470788461051763
3 2 -2847.0776097406333
270 3 3
Id
3
1 1 1.0
2 2 1.0
3 3 -0.967018042012975
Nupdn
1
1 2 749.9065
Ntot
2
1 3 -0.2547078844900419
3 2 2847.077611180717
271 3 3
Id
3
1 1 1.0
2 2 1.0
3 3 -0.9670180420426489
Nupdn
1
1 2 749.9065
Ntot
2
1 3 0.2547078843773824
3 2 -2847.0776125273737
272 3 3
Id
3
1 1 1.0
2 2 1.0
3 3 -0.967018042070398
Nupdn
1
1 2 749.9065
Ntot
2
1 3 -0.2547078842720315
3 2 2847.077613786665
273 3 3
Id
3
1 1 1.0
2 2 1.0
3 3 -0.9670180420963463
Nupdn
1
1 2 749.9065
Ntot
2
1 3 0.2547078841735153
3 2 -2847.077614964255
274 3 3
Id
3
1 1 1.0
2 2 1.0
3 3 -0.9670180421206116
Nupdn
1
1 2 749.9065
Ntot
2
1 3 -0.2547078840813908
3 2 2847.0776160654486
275 3 3
Id
3
1 1 1.0
2 2 1.0
3 3 -0.9670180421433026
Nupdn
1
1 2 749.9065
Ntot
2
1 3 0.25470788399524263
3 2 -2847.077617095204
276 3 3
Id
3
1 1 1.0
2 2 1.0
3 3 -0.9670180421645214
Nupdn
1
1 2 749.9065
Ntot
2
1 3 -0.2547078839146832
3 2 2847.0776180581506
277 3 3
Id
3
1 1 1.0
2 2 1.0
3 3 -0.9670180421843639
Nupdn
1
1 2 749.9065
Ntot
2
1 3 0.2547078838393505
3 2 -2847.0776189586268
278 3 3
Id
3
1 1 1.0
2 2 1.0
3 3 -0.9670180422029189
Nupdn
1
1 2 749.9065
Ntot
2
1 3 -0.2547078837689054
3 2 2847.0776198006806
279 3 3
Id
3
1 1 1.0
2 2 1.0
3 3 -0.9670180422202697
Nupdn
1
1 2 749.9065
Ntot
2
1 3 0.2547078837030301
3 2 -2847.0776205881075
280 3 3
Id
3
1 1 1.0
2 2 1.0
3 3 -0.9670180422364956
Nupdn
1
1 2 749.9065
Ntot
2
1 3 -0.2547078836414282
3 2 2847.0776213244503
281 3 3
Id
3
1 1 1.0
2 2 1.0
3 3 -0.9670180422516683
Nupdn
1
1 2 749.9065
Ntot
2
1 3 0.25470788358382346
3 2 -2847.077622013021
282 3 3
Id
3
1 1 1.0
2 2 1.0
3 3 -0.967018042265857
Nupdn
1
1 2 749.9065
Ntot
2
1 3 -0.2547078835299555
3 2 2847.077622656919
283 3 3
Id
3
1 1 1.0
2 2 1.0
3 3 -0.967018042279125
Nupdn
1
1 2 749.9065
Ntot
2
1 3 0.2547078834795828
3 2 -2847.0776232590447
284 3 3
Id
3
1 1 1.0
2 2 1.0
3 3 -0.967018042291532
Nupdn
1
1 2 749.9065
Ntot
2
1 3 -0.2547078834324775
3 2 2847.0776238221015
285 3 3
Id
3
1 1 1.0
2 2 1.0
3 3 -0.9670180423031345
Nupdn
1
1 2 749.9065
Ntot
2
1 3 0.25470788338842815
3 2 -2847.0776243486357
286 3 3
Id
3
1 1 1.0
2 2 1.0
3 3 -0.9670180423139842
Nupdn
1
1 2 749.9065
Ntot
2
1 3 -0.2547078833472372
3 2 2847.0776248410098
287 3 3
Id
3
1 1 1.0
2 2 1.0
3 3 -0.9670180423241297
Nupdn
1
1 2 749.9065
Ntot
2
1 3 0.254707883308718
3 2 -2847.077625301437
288 3 3
Id
3
1 1 1.0
2 2 1.0
3 3 -0.9670180423336174
Nupdn
1
1 2 749.9065
Ntot
2
1 3 -0.25470788327269767
3 2 2847.0776257319953
289 3 3
Id
3
1 1 1.0
2 2 1.0
3 3 -0.9670180423424894
Nupdn
1
1 2 749.9065
Ntot
2
1 3 0.25470788323901433
3 2 -2847.077626134622
290 3 3
Id
3
1 1 1.0
2 2 1.0
3 3 -0.9670180423507859
Nupdn
1
1 2 749.9065
Ntot
2
1 3 -0.2547078832075165
3 2 2847.0776265111253
291 3 3
Id
3
1 1 1.0
2 2 1.0
3 3 -0.9670180423585442
Nupdn
1
1 2 749.9065
Ntot
2
1 3 0.2547078831780619
3 2 -2847.0776268632044
292 3 3
Id
3
1 1 1.0
2 2 1.0
3 3 -0.9670180423657986
Nupdn
1
1 2 749.9065
Ntot
2
1 3 -0.25470788315051857
3 2 2847.077627192443
293 3 3
Id
3
1 1 1.0
2 2 1.0
3 3 -0.9670180423725832
Nupdn
1
1 2 749.9065
Ntot
2
1 3 0.2547078831247615
3 2 -2847.0776275003177
294 3 3
Id
3
1 1 1.0
2 2 1.0
3 3 -0.967018042378927
Nupdn
1
1 2 749.9065
Ntot
2
1 3 -0.2547078831006761
3 2 2847.0776277882255
295 3 3
Id
3
1 1 1.0
2 2 1.0
3 3 -0.9670180423848596
Nupdn
1
1 2 749.9065
Ntot
2
1 3 0.2547078830781529
3 2 -2847.07762805745
296 3 3
Id
3
1 1 1.0
2 2 1.0
3 3 -0.9670180423904071
Nupdn
1
1 2 749.9065
Ntot
2
1 3 -0.2547078830570911
3 2 2847.0776283092105
297 3 3
Id
3
1 1 1.0
2 2 1.0
3 3 -0.967018042395595
Nupdn
1
1 2 749.9065
Ntot
2
1 3 0.25470788303739555
3 2 -2847.0776285446364
298 3 3
Id
3
1 1 1.0
2 2 1.0
3 3 -0.9670180424004462
Nupdn
1
1 2 749.9065
Ntot
2
1 3 -0.25470788301897734
3 2 2847.0776287647864
299 3 3
Id
3
1 1 1.0
2 2 1.0
3 3 -0.9670180424049826
Nupdn
1
1 2 749.9065
Ntot
2
1 3 0.25470788300175506
3 2 -2847.077628970659
300 3 3
Id
3
1 1 1.0
2 2 1.0
3 3 -0.9670180424092243
Nupdn
1
1 2 749.9065
Ntot
2
1 3 -0.25470788298564917
3 2 2847.077629163171
301 3 3
Id
3
1 1 1.0
2 2 1.0
3 3 -0.9670180424131913
Nupdn
1
1 2 749.9065
Ntot
2
1 3 0.25470788297058855
3 2 -2847.0776293431954
302 3 3
Id
3
1 1 1.0
2 2 1.0
3 3 -0.9670180424169008
Nupdn
1
1 2 749.9065
Ntot
2
1 3 -0.2547078829565054
3 2 2847.077629511538
303 3 3
Id
3
1 1 1.0
2 2 1.0
3 3 -0.9670180424203696
Nupdn
1
1 2 749.9065
Ntot
2
1 3 0.2547078829433355
3 2 -2847.077629668961
304 3 3
Id
3
1 1 1.0
2 2 1.0
3 3 -0.9670180424236139
Nupdn
1
1 2 749.9065
Ntot
2
1 3 -0.2547078829310199
3 2 2847.077629816174
305 3 3
Id
3
1 1 1.0
2 2 1.0
3 3 -0.9670180424266472
Nupdn
1
1 2 749.9065
Ntot
2
1 3 0.25470788291950347
3 2 -2847.077629953834
306 3 3
Id
3
1 1 1.0
2 2 1.0
3 3 -0.9670180424294836
Nupdn
1
1 2 749.9065
Ntot
2
1 3 -0.2547078829087339
3 2 2847.0776300825646
307 3 3
Id
3
1 1 1.0
2 2 1.0
3 3 -0.9670180424321364
Nupdn
1
1 2 749.9065
Ntot
2
1 3 0.254707882898663
3 2 -2847.0776302029426
308 3 3
Id
3
1 1 1.0
2 2 1.0
3 3 -0.9670180424346164
Nupdn
1
1 2 749.9065
Ntot
2
1 3 -0.2547078828892459
3 2 2847.0776303155085
309 3 3
Id
3
1 1 1.0
2 2 1.0
3 3 -0.9670180424369366
Nupdn
1
1 2 749.9065
Ntot
2
1 3 0.25470788288043966
3 2 -2847.0776304207734
310 3 3
Id
3
1 1 1.0
2 2 1.0
3 3 -0.9670180424391053
Nupdn
1
1 2 749.9065
Ntot
2
1 3 -0.25470788287220414
3 2 2847.07763051921
311 3 3
Id
3
1 1 1.0
2 2 1.0
3 3 -0.9670180424411339
Nupdn
1
1 2 749.9065
Ntot
2
1 3 0.2547078828645038
3 2 -2847.077630611262
312 3 3
Id
3
1 1 1.0
2 2 1.0
3 3 -0.9670180424430304
Nupdn
1
1 2 749.9065
Ntot
2
1 3 -0.2547078828573026
3 2 2847.077630697337
313 3 3
Id
3
1 1 1.0
2 2 1.0
3 3 -0.967018042444804
Nupdn
1
1 2 749.9065
Ntot
2
1 3 0.25470788285056867
3 2 -2847.0776307778324
314 3 3
Id
3
1 1 1.0
2 2 1.0
3 3 -0.9670180424464627
Nupdn
1
1 2 749.9065
Ntot
2
1 3 -0.2547078828442717
3 2 2847.0776308531035
315 3 3
Id
3
1 1 1.0
2 2 1.0
3 3 -0.9670180424480135
Nupdn
1
1 2 749.9065
Ntot
2
1 3 0.2547078828383827
3 2 -2847.077630923496
316 3 3
Id
3
1 1 1.0
2 2 1.0
3 3 -0.9670180424494645
Nupdn
1
1 2 749.9065
Ntot
2
1 3 -0.2547078828328762
3 2 2847.077630989317
317 3 3
Id
3
1 1 1.0
2 2 1.0
3 3 -0.9670180424508206
Nupdn
1
1 2 749.9065
Ntot
2
1 3 0.2547078828277268
3 2 -2847.077631050866
318 3 3
Id
3
1 1 1.0
2 2 1.0
3 3 -0.9670180424520889
Nupdn
1
1 2 749.9065
Ntot
2
1 3 -0.2547078828229116
3 2 2847.077631108425
319 3 3
Id
3
1 1 1.0
2 2 1.0
3 3 -0.9670180424532748
Nupdn
1
1 2 749.9065
Ntot
2
1 3 0.25470788281840895
3 2 -2847.0776311622494
320 3 3
Id
3
1 1 1.0
2 2 1.0
3 3 -0.9670180424543842
Nupdn
1
1 2 749.9065
Ntot
2
1 3 -0.25470788281419804
3 2 2847.0776312125795
321 3 3
Id
3
1 1 1.0
2 2 1.0
3 3 -0.9670180424554209
Nupdn
1
1 2 749.9065
Ntot
2
1 3 0.25470788281026047
3 2 -2847.077631259649
322 3 3
Id
3
1 1 1.0
2 2 1.0
3 3 -0.9670180424563912
Nupdn
1
1 2 749.9065
Ntot
2
1 3 -0.2547078828065785
3 2 2847.077631303661
323 3 3
Id
3
1 1 1.0
2 2 1.0
3 3 -0.9670180424572978
Nupdn
1
1 2 749.9065
Ntot
2
1 3 0.25470788280313533
3 2 -2847.077631344817
324 3 3
Id
3
1 1 1.0
2 2 1.0
3 3 -0.9670180424581458
Nupdn
1
1 2 749.9065
Ntot
2
1 3 -0.25470788279991485
3 2 2847.077631383305
325 3 3
Id
3
1 1 1.0
2 2 1.0
3 3 -0.967018042458939
Nupdn
1
1 2 749.9065
Ntot
2
1 3 0.25470788279690443
3 2 -2847.0776314192944
326 3 3
Id
3
1 1 1.0
2 2 1.0
3 3 -0.9670180424596806
Nupdn
1
1 2 749.9065
Ntot
2
1 3 -0.25470788279408924
3 2 2847.0776314529503
327 3 3
Id
3
1 1 1.0
2 2 1.0
3 3 -0.967018042460374
Nupdn
1
1 2 749.9065
Ntot
2
1 3 0.25470788279145584
3 2 -2847.0776314844243
328 3 3
Id
3
1 1 1.0
2 2 1.0
3 3 -0.9670180424610226
Nupdn
1
1 2 749.9065
Ntot
2
1 3 -0.25470788278899387
3 2 2847.0776315138523
329 3 3
Id
3
1 1 1.0
2 2 1.0
3 3 -0.9670180424616288
Nupdn
1
1 2 749.9065
Ntot
2
1 3 0.2547078827866914
3 2 -2847.077631541377
330 3 3
Id
3
1 1 1.0
2 2 1.0
3 3 -0.9670180424621959
Nupdn
1
1 2 749.9065
Ntot
2
1 3 -0.2547078827845384
3 2 2847.077631567112
331 3 3
Id
3
1 1 1.0
2 2 1.0
3 3 -0.9670180424627264
Nupdn
1
1 2 749.9065
Ntot
2
1 3 0.25470788278252515
3 2 -2847.077631591179
332 3 3
Id
3
1 1 1.0
2 2 1.0
3 3 -0.9670180424632224
Nupdn
1
1 2 749.9065
Ntot
2
1 3 -0.25470788278064227
3 2 2847.077631613683
333 3 3
Id
3
1 1 1.0
2 2 1.0
3 3 -0.9670180424636863
Nupdn
1
1 2 749.9065
Ntot
2
1 3 0.2547078827788815
3 2 -2847.077631634726
334 3 3
Id
3
1 1 1.0
2 2 1.0
3 3 -0.9670180424641195
Nupdn
1
1 2 749.9065
Ntot
2
1 3 -0.2547078827772351
3 2 2847.077631654407
335 3 3
Id
3
1 1 1.0
2 2 1.0
3 3 -0.9670180424645252
Nupdn
1
1 2 749.9065
Ntot
2
1 3 0.25470788277569567
3 2 -2847.077631672809
336 3 3
Id
3
1 1 1.0
2 2 1.0
3 3 -0.9670180424649046
Nupdn
1
1 2 749.9065
Ntot
2
1 3 -0.254707882774256
3 2 2847.0776316900174
337 3 3
Id
3
1 1 1.0
2 2 1.0
3 3 -0.9670180424652592
Nupdn
1
1 2 749.9065
Ntot
2
1 3 0.25470788277290984
3 2 -2847.0776317061136
338 3 3
Id
3
1 1 1.0
2 2 1.0
3 3 -0.9670180424655908
Nupdn
1
1 2 749.9065
Ntot
2
1 3 -0.2547078827716509
3 2 2847.0776317211603
339 3 3
Id
3
1 1 1.0
2 2 1.0
3 3 -0.9670180424659007
Nupdn
1
1 2 749.9065
Ntot
2
1 3 0.25470788277047385
3 2 -2847.077631735233
340 3 3
Id
3
1 1 1.0
2 2 1.0
3 3 -0.9670180424661907
Nupdn
1
1 2 749.9065
Ntot
2
1 3 -0.2547078827693726
3 2 2847.077631748389
341 3 3
Id
3
1 1 1.0
2 2 1.0
3 3 -0.9670180424664616
Nupdn
1
1 2 749.9065
Ntot
2
1 3 0.25470788276834305
3 2 -2847.077631760699
342 3 3
Id
3
1 1 1.0
2 2 1.0
3 3 -0.9670180424667154
Nupdn
1
1 2 749.9065
Ntot
2
1 3 -0.2547078827673807
3 2 2847.0776317722075
343 3 3
Id
3
1 1 1.0
2 2 1.0
3 3 -0.9670180424669526
Nupdn
1
1 2 749.9065
Ntot
2
1 3 0.25470788276648004
3 2 -2847.077631782964
344 3 3
Id
3
1 1 1.0
2 2 1.0
3 3 -0.9670180424671748
Nupdn
1
1 2 749.9065
Ntot
2
1 3 -0.2547078827656384
3 2 2847.0776317930286
345 3 3
Id
3
1 1 1.0
2 2 1.0
3 3 -0.9670180424673818
Nupdn
1
1 2 749.9065
Ntot
2
1 3 0.2547078827648514
3 2 -2847.0776318024346
346 3 3
Id
3
1 1 1.0
2 2 1.0
3 3 -0.9670180424675754
Nupdn
1
1 2 749.9065
Ntot
2
1 3 -0.25470788276411527
3 2 2847.0776318112353
347 3 3
Id
3
1 1 1.0
2 2 1.0
3 3 -0.9670180424677568
Nupdn
1
1 2 749.9065
Ntot
2
1 3 0.2547078827634269
3 2 -2847.077631819463
348 3 3
Id
3
1 1 1.0
2 2 1.0
3 3 -0.9670180424679264
Nupdn
1
1 2 749.9065
Ntot
2
1 3 -0.2547078827627833
3 2 2847.0776318271583
349 3 3
Id
3
1 1 1.0
2 2 1.0
3 3 -0.967018042468085
Nupdn
1
1 2 749.9065
Ntot
2
1 3 0.25470788276218137
3 2 -2847.0776318343524
350 3 3
Id
3
1 1 1.0
2 2 1.0
3 3 -0.9670180424682333
Nupdn
1
1 2 749.9065
Ntot
2
1 3 -0.25470788276161815
3 2 2847.0776318410794
351 3 3
Id
3
1 1 1.0
2 2 1.0
3 3 -0.9670180424683719
Nupdn
1
1 2 749.9065
Ntot
2
1 3 0.254707882761092
3 2 -2847.0776318473736
352 3 3
Id
3
1 1 1.0
2 2 1.0
3 3 -0.9670180424685013
Nupdn
1
1 2 749.9065
Ntot
2
1 3 -0.25470788276059964
3 2 2847.0776318532558
353 3 3
Id
3
1 1 1.0
2 2 1.0
3 3 -0.9670180424686228
Nupdn
1
1 2 749.9065
Ntot
2
1 3 0.25470788276013945
3 2 -2847.0776318587573
354 3 3
Id
3
1 1 1.0
2 2 1.0
3 3 -0.9670180424687362
Nupdn
1
1 2 749.9065
Ntot
2
1 3 -0.25470788275970896
3 2 2847.0776318639037
355 3 3
Id
3
1 1 1.0
2 2 1.0
3 3 -0.9670180424688422
Nupdn
1
1 2 749.9065
Ntot
2
1 3 0.25470788275930684
3 2 -2847.0776318687144
356 3 3
Id
3
1 1 1.0
2 2 1.0
3 3 -0.9670180424689414
Nupdn
1
1 2 749.9065
Ntot
2
1 3 -0.25470788275893
3 2 2847.077631873217
357 3 3
Id
3
1 1 1.0
2 2 1.0
3 3 -0.967018042469034
Nupdn
1
1 2 749.9065
Ntot
2
1 3 0.2547078827585783
3 2 -2847.077631877421
358 3 3
Id
3
1 1 1.0
2 2 1.0
3 3 -0.9670180424691208
Nupdn
1
1 2 749.9065
Ntot
2
1 3 -0.254707882758249
3 2 2847.077631881356
359 3 3
Id
3
1 1 1.0
2 2 1.0
3 3 -0.9670180424692021
Nupdn
1
1 2 749.9065
Ntot
2
1 3 0.2547078827579411
3 2 -2847.0776318850335
360 3 3
Id
3
1 1 1.0
2 2 1.0
3 3 -0.9670180424692776
Nupdn
1
1 2 749.9065
Ntot
2
1 3 -0.2547078827576536
3 2 2847.0776318884737
361 3 3
Id
3
1 1 1.0
2 2 1.0
3 3 -0.9670180424693484
Nupdn
1
1 2 749.9065
Ntot
2
1 3 0.2547078827573842
3 2 -2847.0776318916937
362 3 3
Id
3
1 1 1.0
2 2 1.0
3 3 -0.9670180424694148
Nupdn
1
1 2 749.9065
Ntot
2
1 3 -0.2547078827571325
3 2 2847.077631894702
363 3 3
Id
3
1 1 1.0
2 2 1.0
3 3 -0.9670180424694763
Nupdn
1
1 2 749.9065
Ntot
2
1 3 0.25470788275689715
3 2 -2847.0776318975168
364 3 3
Id
3
1 1 1.0
2 2 1.0
3 3 -0.9670180424695347
Nupdn
1
1 2 749.9065
Ntot
2
1 3 -0.2547078827566767
3 2 2847.0776319001475
365 3 3
Id
3
1 1 1.0
2 2 1.0
3 3 -0.9670180424695889
Nupdn
1
1 2 749.9065
Ntot
2
1 3 0.2547078827564715
3 2 -2847.0776319026036
366 3 3
Id
3
1 1 1.0
2 2 1.0
3 3 -0.9670180424696395
Nupdn
1
1 2 749.9065
Ntot
2
1 3 -0.25470788275627876
3 2 2847.0776319049037
367 3 3
Id
3
1 1 1.0
2 2 1.0
3 3 -0.967018042469687
Nupdn
1
1 2 749.9065
Ntot
2
1 3 0.25470788275609907
3 2 -2847.077631907055
368 3 3
Id
3
1 1 1.0
2 2 1.0
3 3 -0.9670180424697312
Nupdn
1
1 2 749.9065
Ntot
2
1 3 -0.2547078827559309
3 2 2847.0776319090696
369 3 3
Id
3
1 1 1.0
2 2 1.0
3 3 -0.9670180424697727
Nupdn
1
1 2 749.9065
Ntot
2
1 3 0.25470788275577355
3 2 -2847.077631910951
370 3 3
Id
3
1 1 1.0
2 2 1.0
3 3 -0.9670180424698114
Nupdn
1
1 2 749.9065
Ntot
2
1 3 -0.25470788275562606
3 2 2847.07763191271
371 3 3
Id
3
1 1 1.0
2 2 1.0
3 3 -0.9670180424698478
Nupdn
1
1 2 749.9065
Ntot
2
1 3 0.2547078827554883
3 2 -2847.077631914355
372 3 3
Id
3
1 1 1.0
2 2 1.0
3 3 -0.9670180424698818
Nupdn
1
1 2 749.9065
Ntot
2
1 3 -0.25470788275535966
3 2 2847.077631915892
373 3 3
Id
3
1 1 1.0
2 2 1.0
3 3 -0.9670180424699135
Nupdn
1
1 2 749.9065
Ntot
2
1 3 0.25470788275523926
3 2 -2847.077631917332
374 3 3
Id
3
1 1 1.0
2 2 1.0
3 3 -0.9670180424699433
Nupdn
1
1 2 749.9065
Ntot
2
1 3 -0.25470788275512674
3 2 2847.0776319186766
375 3 3
Id
3
1 1 1.0
2 2 1.0
3 3 -0.9670180424699708
Nupdn
1
1 2 749.9065
Ntot
2
1 3 0.25470788275502165
3 2 -2847.077631919937
376 3 3
Id
3
1 1 1.0
2 2 1.0
3 3 -0.9670180424699968
Nupdn
1
1 2 749.9065
Ntot
2
1 3 -0.2547078827549233
3 2 2847.07763192111
377 3 3
Id
3
1 1 1.0
2 2 1.0
3 3 -0.967018042470021
Nupdn
1
1 2 749.9065
Ntot
2
1 3 0.254707882754831
3 2 -2847.077631922213
378 3 3
Id
3
1 1 1.0
2 2 1.0
3 3 -0.9670180424700436
Nupdn
1
1 2 749.9065
Ntot
2
1 3 -0.2547078827547454
3 2 2847.0776319232364
379 3 3
Id
3
1 1 1.0
2 2 1.0
3 3 -0.9670180424700647
Nupdn
1
1 2 749.9065
Ntot
2
1 3 0.25470788275466427
3 2 -2847.077631924202
380 3 3
Id
3
1 1 1.0
2 2 1.0
3 3 -0.9670180424700847
Nupdn
1
1 2 749.9065
Ntot
2
1 3 -0.25470788275458955
3 2 2847.077631925101
381 3 3
Id
3
1 1 1.0
2 2 1.0
3 3 -0.9670180424701029
Nupdn
1
1 2 749.9065
Ntot
2
1 3 0.25470788275451905
3 2 -2847.077631925939
382 3 3
Id
3
1 1 1.0
2 2 1.0
3 3 -0.9670180424701207
Nupdn
1
1 2 749.9065
Ntot
2
1 3 -0.2547078827544532
3 2 2847.0776319267266
383 3 3
Id
3
1 1 1.0
2 2 1.0
3 3 -0.9670180424701367
Nupdn
1
1 2 749.9065
Ntot
2
1 3 0.2547078827543918
3 2 -2847.0776319274623
384 3 3
Id
3
1 1 1.0
2 2 1.0
3 3 -0.9670180424701518
Nupdn
1
1 2 749.9065
Ntot
2
1 3 -0.2547078827543344
3 2 2847.0776319281495
385 3 3
Id
3
1 1 1.0
2 2 1.0
3 3 -0.9670180424701662
Nupdn
1
1 2 749.9065
Ntot
2
1 3 0.25470788275428036
3 2 -2847.077631928793
386 3 3
Id
3
1 1 1.0
2 2 1.0
3 3 -0.9670180424701793
Nupdn
1
1 2 749.9065
Ntot
2
1 3 -0.2547078827542303
3 2 2847.077631929395
387 3 3
Id
3
1 1 1.0
2 2 1.0
3 3 -0.9670180424701913
Nupdn
1
1 2 749.9065
Ntot
2
1 3 0.25470788275418316
3 2 -2847.0776319299553
388 3 3
Id
3
1 1 1.0
2 2 1.0
3 3 -0.9670180424702033
Nupdn
1
1 2 749.9065
Ntot
2
1 3 -0.2547078827541392
3 2 2847.0776319304846
389 3 3
Id
3
1 1 1.0
2 2 1.0
3 3 -0.9670180424702142
Nupdn
1
1 2 749.9065
Ntot
2
1 3 0.254707882754098
3 2 -2847.077631930973
390 3 3
Id
3
1 1 1.0
2 2 1.0
3 3 -0.9670180424702244
Nupdn
1
1 2 749.9065
Ntot
2
1 3 -0.25470788275405937
3 2 2847.077631931436
391 3 3
Id
3
1 1 1.0
2 2 1.0
3 3 -0.9670180424702335
Nupdn
1
1 2 749.9065
Ntot
2
1 3 0.25470788275402345
3 2 -2847.0776319318634
392 3 3
Id
3
1 1 1.0
2 2 1.0
3 3 -0.9670180424702428
Nupdn
1
1 2 749.9065
Ntot
2
1 3 -0.25470788275399
3 2 2847.0776319322686
393 3 3
Id
3
1 1 1.0
2 2 1.0
3 3 -0.9670180424702508
Nupdn
1
1 2 749.9065
Ntot
2
1 3 0.25470788275395845
3 2 -2847.0776319326415
394 3 3
Id
3
1 1 1.0
2 2 1.0
3 3 -0.9670180424702586
Nupdn
1
1 2 749.9065
Ntot
2
1 3 -0.25470788275392875
3 2 2847.077631932995
395 3 3
Id
3
1 1 1.0
2 2 1.0
3 3 -0.9670180424702657
Nupdn
1
1 2 749.9065
Ntot
2
1 3 0.2547078827539016
3 2 -2847.077631933323
396 3 3
Id
3
1 1 1.0
2 2 1.0
3 3 -0.9670180424702726
Nupdn
1
1 2 749.9065
Ntot
2
1 3 -0.25470788275387596
3 2 2847.0776319336323
397 3 3
Id
3
1 1 1.0
2 2 1.0
3 3 -0.967018042470279
Nupdn
1
1 2 749.9065
Ntot
2
1 3 0.25470788275385153
3 2 -2847.077631933922
398 3 3
Id
3
1 1 1.0
2 2 1.0
3 3 -0.967018042470285
Nupdn
1
1 2 749.9065
Ntot
2
1 3 -0.25470788275382905
3 2 2847.077631934191
399 3 3
Id
3
1 1 1.0
2 2 1.0
3 3 -0.9670180424702906
Nupdn
1
1 2 749.9065
Ntot
2
1 3 0.25470788275380807
3 2 -2847.0776319344413
400 3 3
Id
3
1 1 1.0
2 2 1.0
3 3 -0.9670180424702957
Nupdn
1
1 2 749.9065
Ntot
2
1 3 -0.25470788275378814
3 2 2847.077631934677
401 3 3
Id
3
1 1 1.0
2 2 1.0
3 3 -0.9670180424703003
Nupdn
1
1 2 749.9065
Ntot
2
1 3 0.2547078827537696
3 2 -2847.0776319348975
402 3 3
Id
3
1 1 1.0
2 2 1.0
3 3 -0.967018042470305
Nupdn
1
1 2 749.9065
Ntot
2
1 3 -0.25470788275375267
3 2 2847.0776319351057
403 3 3
Id
3
1 1 1.0
2 2 1.0
3 3 -0.9670180424703092
Nupdn
1
1 2 749.9065
Ntot
2
1 3 0.25470788275373646
3 2 -2847.0776319352963
404 3 3
Id
3
1 1 1.0
2 2 1.0
3 3 -0.9670180424703132
Nupdn
1
1 2 749.9065
Ntot
2
1 3 -0.2547078827537217
3 2 2847.077631935477
405 3 3
Id
3
1 1 1.0
2 2 1.0
3 3 -0.967018042470317
Nupdn
1
1 2 749.9065
Ntot
2
1 3 0.2547078827537074
3 2 -2847.077631935642
406 3 3
Id
3
1 1 1.0
2 2 1.0
3 3 -0.9670180424703203
Nupdn
1
1 2 749.9065
Ntot
2
1 3 -0.25470788275369416
3 2 2847.077631935801
407 3 3
Id
3
1 1 1.0
2 2 1.0
3 3 -0.9670180424703234
Nupdn
1
1 2 749.9065
Ntot
2
1 3 0.2547078827536821
3 2 -2847.077631935949
408 3 3
Id
3
1 1 1.0
2 2 1.0
3 3 -0.9670180424703267
Nupdn
1
1 2 749.9065
Ntot
2
1 3 -0.25470788275367057
3 2 2847.077631936082
409 3 3
Id
3
1 1 1.0
2 2 1.0
3 3 -0.9670180424703296
Nupdn
1
1 2 749.9065
Ntot
2
1 3 0.2547078827536597
3 2 -2847.077631936213
410 3 3
Id
3
1 1 1.0
2 2 1.0
3 3 -0.9670180424703319
Nupdn
1
1 2 749.9065
Ntot
2
1 3 -0.25470788275364964
3 2 2847.0776319363326
411 3 3
Id
3
1 1 1.0
2 2 1.0
3 3 -0.9670180424703345
Nupdn
1
1 2 749.9065
Ntot
2
1 3 0.25470788275364037
3 2 -2847.0776319364436
412 3 3
Id
3
1 1 1.0
2 2 1.0
3 3 -0.967018042470337
Nupdn
1
1 2 749.9065
Ntot
2
1 3 -0.25470788275363204
3 2 2847.0776319365477
413 3 3
Id
3
1 1 1.0
2 2 1.0
3 3 -0.967018042470339
Nupdn
1
1 2 749.9065
Ntot
2
1 3 0.25470788275362344
3 2 -2847.077631936647
414 3 3
Id
3
1 1 1.0
2 2 1.0
3 3 -0.967018042470341
Nupdn
1
1 2 749.9065
Ntot
2
1 3 -0.25470788275361594
3 2 2847.077631936739
415 3 3
Id
3
1 1 1.0
2 2 1.0
3 3 -0.967018042470343
Nupdn
1
1 2 749.9065
Ntot
2
1 3 0.2547078827536085
3 2 -2847.0776319368256
416 3 3
Id
3
1 1 1.0
2 2 1.0
3 3 -0.9670180424703447
Nupdn
1
1 2 749.9065
Ntot
2
1 3 -0.25470788275360173
3 2 2847.077631936904
417 3 3
Id
3
1 1 1.0
2 2 1.0
3 3 -0.9670180424703463
Nupdn
1
1 2 749.9065
Ntot
2
1 3 0.2547078827535955
3 2 -2847.0776319369793
418 3 3
Id
3
1 1 1.0
2 2 1.0
3 3 -0.9670180424703476
Nupdn
1
1 2 749.9065
Ntot
2
1 3 -0.25470788275358963
3 2 2847.0776319370525
419 3 3
Id
3
1 1 1.0
2 2 1.0
3 3 -0.9670180424703496
Nupdn
1
1 2 749.9065
Ntot
2
1 3 0.254707882753584
3 2 -2847.077631937117
420 3 3
Id
3
1 1 1.0
2 2 1.0
3 3 -0.967018042470351
Nupdn
1
1 2 749.9065
Ntot
2
1 3 -0.254707882753579
3 2 2847.07763193718
421 3 3
Id
3
1 1 1.0
2 2 1.0
3 3 -0.9670180424703521
Nupdn
1
1 2 749.9065
Ntot
2
1 3 0.2547078827535744
3 2 -2847.0776319372344
422 3 3
Id
3
1 1 1.0
2 2 1.0
3 3 -0.967018042470353
Nupdn
1
1 2 749.9065
Ntot
2
1 3 -0.25470788275356976
3 2 2847.0776319372876
423 3 3
Id
3
1 1 1.0
2 2 1.0
3 3 -0.9670180424703543
Nupdn
1
1 2 749.9065
Ntot
2
1 3 0.2547078827535654
3 2 -2847.0776319373404
424 3 3
Id
3
1 1 1.0
2 2 1.0
3 3 -0.9670180424703554
Nupdn
1
1 2 749.9065
Ntot
2
1 3 -0.25470788275356127
3 2 2847.077631937388
425 3 3
Id
3
1 1 1.0
2 2 1.0
3 3 -0.9670180424703563
Nupdn
1
1 2 749.9065
Ntot
2
1 3 0.2547078827535577
3 2 -2847.077631937431
426 3 3
Id
3
1 1 1.0
2 2 1.0
3 3 -0.9670180424703574
Nupdn
1
1 2 749.9065
Ntot
2
1 3 -0.2547078827535539
3 2 2847.0776319374727
427 3 3
Id
3
1 1 1.0
2 2 1.0
3 3 -0.9670180424703583
Nupdn
1
1 2 749.9065
Ntot
2
1 3 0.254707882753551
3 2 -2847.0776319375127
428 3 3
Id
3
1 1 1.0
2 2 1.0
3 3 -0.9670180424703589
Nupdn
1
1 2 749.9065
Ntot
2
1 3 -0.2547078827535481
3 2 2847.077631937549
429 3 3
Id
3
1 1 1.0
2 2 1.0
3 3 -0.9670180424703598
Nupdn
1
1 2 749.9065
Ntot
2
1 3 0.254707882753545
3 2 -2847.0776319375827
430 3 3
Id
3
1 1 1.0
2 2 1.0
3 3 -0.9670180424703605
Nupdn
1
1 2 749.9065
Ntot
2
1 3 -0.2547078827535427
3 2 2847.077631937613
431 3 3
Id
3
1 1 1.0
2 2 1.0
3 3 -0.9670180424703609
Nupdn
1
1 2 749.9065
Ntot
2
1 3 0.25470788275354017
3 2 -2847.0776319376446
432 3 3
Id
3
1 1 1.0
2 2 1.0
3 3 -0.9670180424703616
Nupdn
1
1 2 749.9065
Ntot
2
1 3 -0.2547078827535381
3 2 2847.0776319376696
433 3 3
Id
3
1 1 1.0
2 2 1.0
3 3 -0.9670180424703623
Nupdn
1
1 2 749.9065
Ntot
2
1 3 0.25470788275353573
3 2 -2847.077631937694
434 3 3
Id
3
1 1 1.0
2 2 1.0
3 3 -0.9670180424703627
Nupdn
1
1 2 749.9065
Ntot
2
1 3 -0.25470788275353395
3 2 2847.0776319377196
435 3 3
Id
3
1 1 1.0
2 2 1.0
3 3 -0.9670180424703629
Nupdn
1
1 2 749.9065
Ntot
2
1 3 0.25470788275353196
3 2 -2847.077631937742
436 3 3
Id
3
1 1 1.0
2 2 1.0
3 3 -0.9670180424703634
Nupdn
1
1 2 749.9065
Ntot
2
1 3 -0.25470788275353035
3 2 2847.07763193776
437 3 3
Id
3
1 1 1.0
2 2 1.0
3 3 -0.9670180424703643
Nupdn
1
1 2 749.9065
Ntot
2
1 3 0.2547078827535287
3 2 -2847.0776319377806
438 3 3
Id
3
1 1 1.0
2 2 1.0
3 3 -0.9670180424703645
Nupdn
1
1 2 749.9065
Ntot
2
1 3 -0.254707882753527
3 2 2847.0776319377983
439 3 3
Id
3
1 1 1.0
2 2 1.0
3 3 -0.9670180424703647
Nupdn
1
1 2 749.9065
Ntot
2
1 3 0.2547078827535258
3 2 -2847.0776319378156
440 3 3
Id
3
1 1 1.0
2 2 1.0
3 3 -0.9670180424703649
Nupdn
1
1 2 749.9065
Ntot
2
1 3 -0.2547078827535244
3 2 2847.0776319378338
441 3 3
Id
3
1 1 1.0
2 2 1.0
3 3 -0.9670180424703656
Nupdn
1
1 2 749.9065
Ntot
2
1 3 0.25470788275352313
3 2 -2847.0776319378474
442 3 3
Id
3
1 1 1.0
2 2 1.0
3 3 -0.9670180424703658
Nupdn
1
1 2 749.9065
Ntot
2
1 3 -0.25470788275352185
3 2 2847.0776319378597
443 3 3
Id
3
1 1 1.0
2 2 1.0
3 3 -0.967018042470366
Nupdn
1
1 2 749.9065
Ntot
2
1 3 0.2547078827535209
3 2 -2847.077631937876
444 3 3
Id
3
1 1 1.0
2 2 1.0
3 3 -0.9670180424703663
Nupdn
1
1 2 749.9065
Ntot
2
1 3 -0.2547078827535199
3 2 2847.0776319378842
445 3 3
Id
3
1 1 1.0
2 2 1.0
3 3 -0.9670180424703667
Nupdn
1
1 2 749.9065
Ntot
2
1 3 0.25470788275351863
3 2 -2847.0776319378974
446 3 3
Id
3
1 1 1.0
2 2 1.0
3 3 -0.9670180424703669
Nupdn
1
1 2 749.9065
Ntot
2
1 3 -0.2547078827535179
3 2 2847.077631937912
447 3 3
Id
3
1 1 1.0
2 2 1.0
3 3 -0.9670180424703674
Nupdn
1
1 2 749.9065
Ntot
2
1 3 0.25470788275351686
3 2 -2847.077631937918
448 3 3
Id
3
1 1 1.0
2 2 1.0
3 3 -0.9670180424703672
Nupdn
1
1 2 749.9065
Ntot
2
1 3 -0.2547078827535161
3 2 2847.0776319379283
449 3 3
Id
3
1 1 1.0
2 2 1.0
3 3 -0.9670180424703674
Nupdn
1
1 2 749.9065
Ntot
2
1 3 0.25470788275351525
3 2 -2847.077631937942
450 3 3
Id
3
1 1 1.0
2 2 1.0
3 3 -0.9670180424703676
Nupdn
1
1 2 749.9065
Ntot
2
1 3 -0.2547078827535146
3 2 2847.07763193795
451 3 3
Id
3
1 1 1.0
2 2 1.0
3 3 -0.967018042470368
Nupdn
1
1 2 749.9065
Ntot
2
1 3 0.2547078827535141
3 2 -2847.0776319379543
452 3 3
Id
3
1 1 1.0
2 2 1.0
3 3 -0.967018042470368
Nupdn
1
1 2 749.9065
Ntot
2
1 3 -0.2547078827535135
3 2 2847.077631937962
453 3 3
Id
3
1 1 1.0
2 2 1.0
3 3 -0.9670180424703685
Nupdn
1
1 2 749.9065
Ntot
2
1 3 0.254707882753513
3 2 -2847.0776319379675
454 3 3
Id
3
1 1 1.0
2 2 1.0
3 3 -0.9670180424703683
Nupdn
1
1 2 749.9065
Ntot
2
1 3 -0.2547078827535124
3 2 2847.077631937974
455 3 3
Id
3
1 1 1.0
2 2 1.0
3 3 -0.9670180424703683
Nupdn
1
1 2 749.9065
Ntot
2
1 3 0.2547078827535118
3 2 -2847.077631937981
456 3 3
Id
3
1 1 1.0
2 2 1.0
3 3 -0.9670180424703683
Nupdn
1
1 2 749.9065
Ntot
2
1 3 -0.2547078827535113
3 2 2847.077631937985
457 3 3
Id
3
1 1 1.0
2 2 1.0
3 3 -0.9670180424703687
Nupdn
1
1 2 749.9065
Ntot
2
1 3 0.2547078827535109
3 2 -2847.0776319379925
458 3 3
Id
3
1 1 1.0
2 2 1.0
3 3 -0.9670180424703687
Nupdn
1
1 2 749.9065
Ntot
2
1 3 -0.2547078827535107
3 2 2847.0776319379925
459 3 3
Id
3
1 1 1.0
2 2 1.0
3 3 -0.9670180424703687
Nupdn
1
1 2 749.9065
Ntot
2
1 3 0.2547078827535103
3 2 -2847.0776319380016
460 3 3
Id
3
1 1 1.0
2 2 1.0
3 3 -0.9670180424703692
Nupdn
1
1 2 749.9065
Ntot
2
1 3 -0.25470788275350986
3 2 2847.0776319380034
461 3 3
Id
3
1 1 1.0
2 2 1.0
3 3 -0.9670180424703689
Nupdn
1
1 2 749.9065
Ntot
2
1 3 0.2547078827535093
3 2 -2847.07763193801
462 3 3
Id
3
1 1 1.0
2 2 1.0
3 3 -0.9670180424703692
Nupdn
1
1 2 749.9065
Ntot
2
1 3 -0.2547078827535091
3 2 2847.0776319380175
463 3 3
Id
3
1 1 1.0
2 2 1.0
3 3 -0.9670180424703692
Nupdn
1
1 2 749.9065
Ntot
2
1 3 0.2547078827535089
3 2 -2847.077631938017
464 3 3
Id
3
1 1 1.0
2 2 1.0
3 3 -0.9670180424703694
Nupdn
1
1 2 749.9065
Ntot
2
1 3 -0.25470788275350836
3 2 2847.07763193802
465 3 3
Id
3
1 1 1.0
2 2 1.0
3 3 -0.9670180424703696
Nupdn
1
1 2 749.9065
Ntot
2
1 3 0.2547078827535083
3 2 -2847.077631938022
466 3 3
Id
3
1 1 1.0
2 2 1.0
3 3 -0.9670180424703696
Nupdn
1
1 2 749.9065
Ntot
2
1 3 -0.254707882753508
3 2 2847.0776319380257
467 3 3
Id
3
1 1 1.0
2 2 1.0
3 3 -0.9670180424703694
Nupdn
1
1 2 749.9065
Ntot
2
1 3 0.2547078827535081
3 2 -2847.0776319380275
468 3 3
Id
3
1 1 1.0
2 2 1.0
3 3 -0.9670180424703696
Nupdn
1
1 2 749.9065
Ntot
2
1 3 -0.2547078827535075
3 2 2847.077631938034
469 3 3
Id
3
1 1 1.0
2 2 1.0
3 3 -0.9670180424703698
Nupdn
1
1 2 749.9065
Ntot
2
1 3 0.25470788275350753
3 2 -2847.0776319380343
470 3 3
Id
3
1 1 1.0
2 2 1.0
3 3 -0.9670180424703696
Nupdn
1
1 2 749.9065
Ntot
2
1 3 -0.25470788275350736
3 2 2847.077631938035
471 3 3
Id
3
1 1 1.0
2 2 1.0
3 3 -0.9670180424703696
Nupdn
1
1 2 749.9065
Ntot
2
1 3 0.25470788275350725
3 2 -2847.0776319380343
472 3 3
Id
3
1 1 1.0
2 2 1.0
3 3 -0.9670180424703696
Nupdn
1
1 2 749.9065
Ntot
2
1 3 -0.25470788275350686
3 2 2847.077631938041
473 3 3
Id
3
1 1 1.0
2 2 1.0
3 3 -0.9670180424703696
Nupdn
1
1 2 749.9065
Ntot
2
1 3 0.25470788275350703
3 2 -2847.077631938038
474 3 3
Id
3
1 1 1.0
2 2 1.0
3 3 -0.9670180424703698
Nupdn
1
1 2 749.9065
Ntot
2
1 3 -0.2547078827535069
3 2 2847.077631938042
475 3 3
Id
3
1 1 1.0
2 2 1.0
3 3 -0.9670180424703698
Nupdn
1
1 2 749.9065
Ntot
2
1 3 0.2547078827535066
3 2 -2847.077631938043
476 3 3
Id
3
1 1 1.0
2 2 1.0
3 3 -0.9670180424703698
Nupdn
1
1 2 749.9065
Ntot
2
1 3 -0.2547078827535065
3 2 2847.077631938044
477 3 3
Id
3
1 1 1.0
2 2 1.0
3 3 -0.9670180424703698
Nupdn
1
1 2 749.9065
Ntot
2
1 3 0.25470788275350653
3 2 -2847.077631938043
478 3 3
Id
3
1 1 1.0
2 2 1.0
3 3 -0.9670180424703698
Nupdn
1
1 2 749.9065
Ntot
2
1 3 -0.2547078827535062
3 2 2847.0776319380493
479 3 3
Id
3
1 1 1.0
2 2 1.0
3 3 -0.9670180424703698
Nupdn
1
1 2 749.9065
Ntot
2
1 3 0.25470788275350636
3 2 -2847.077631938049
480 3 3
Id
3
1 1 1.0
2 2 1.0
3 3 -0.96701804247037
Nupdn
1
1 2 749.9065
Ntot
2
1 3 -0.254707882753506
3 2 2847.07763193805
481 3 3
Id
3
1 1 1.0
2 2 1.0
3 3 -0.9670180424703698
Nupdn
1
1 2 749.9065
Ntot
2
1 3 0.2547078827535062
3 2 -2847.077631938047
482 3 3
Id
3
1 1 1.0
2 2 1.0
3 3 -0.96701804247037
Nupdn
1
1 2 749.9065
Ntot
2
1 3 -0.2547078827535059
3 2 2847.077631938051
483 3 3
Id
3
1 1 1.0
2 2 1.0
3 3 -0.96701804247037
Nupdn
1
1 2 749.9065
Ntot
2
1 3 0.25470788275350587
3 2 -2847.077631938052
484 3 3
Id
3
1 1 1.0
2 2 1.0
3 3 -0.9670180424703703
Nupdn
1
1 2 749.9065
Ntot
2
1 3 -0.2547078827535057
3 2 2847.0776319380516
485 3 3
Id
3
1 1 1.0
2 2 1.0
3 3 -0.9670180424703698
Nupdn
1
1 2 749.9065
Ntot
2
1 3 0.25470788275350603
3 2 -2847.0776319380507
486 3 3
Id
3
1 1 1.0
2 2 1.0
3 3 -0.9670180424703703
Nupdn
1
1 2 749.9065
Ntot
2
1 3 -0.2547078827535058
3 2 2847.077631938056
487 3 3
Id
3
1 1 1.0
2 2 1.0
3 3 -0.96701804247037
Nupdn
1
1 2 749.9065
Ntot
2
1 3 0.2547078827535058
3 2 -2847.077631938054
488 3 3
Id
3
1 1 1.0
2 2 1.0
3 3 -0.96701804247037
Nupdn
1
1 2 749.9065
Ntot
2
1 3 -0.25470788275350564
3 2 2847.0776319380543
489 3 3
Id
3
1 1 1.0
2 2 1.0
3 3 -0.96701804247037
Nupdn
1
1 2 749.9065
Ntot
2
1 3 0.2547078827535055
3 2 -2847.0776319380607
490 3 3
Id
3
1 1 1.0
2 2 1.0
3 3 -0.9670180424703703
Nupdn
1
1 2 749.9065
Ntot
2
1 3 -0.2547078827535055
3 2 2847.077631938056
491 3 3
Id
3
1 1 1.0
2 2 1.0
3 3 -0.96701804247037
Nupdn
1
1 2 749.9065
Ntot
2
1 3 0.2547078827535054
3 2 -2847.077631938057
492 3 3
Id
3
1 1 1.0
2 2 1.0
3 3 -0.9670180424703703
Nupdn
1
1 2 749.9065
Ntot
2
1 3 -0.2547078827535054
3 2 2847.0776319380566
493 3 3
Id
3
1 1 1.0
2 2 1.0
3 3 -0.9670180424703703
Nupdn
1
1 2 749.9065
Ntot
2
1 3 0.25470788275350525
3 2 -2847.077631938063
494 3 3
Id
3
1 1 1.0
2 2 1.0
3 3 -0.96701804247037
Nupdn
1
1 2 749.9065
Ntot
2
1 3 -0.2547078827535055
3 2 2847.077631938056
495 3 3
Id
3
1 1 1.0
2 2 1.0
3 3 -0.9670180424703703
Nupdn
1
1 2 749.9065
Ntot
2
1 3 0.25470788275350503
3 2 -2847.0776319380598
496 3 3
Id
3
1 1 1.0
2 2 1.0
3 3 -0.96701804247037
Nupdn
1
1 2 749.9065
Ntot
2
1 3 -0.25470788275350525
3 2 2847.0776319380607
497 3 3
Id
3
1 1 1.0
2 2 1.0
3 3 -0.96701804247037
Nupdn
1
1 2 749.9065
Ntot
2
1 3 0.2547078827535051
3 2 -2847.077631938063
498 3 3
Id
3
1 1 1.0
2 2 1.0
3 3 -0.9670180424703703
Nupdn
1
1 2 749.9065
Ntot
2
1 3 -0.2547078827535053
3 2 2847.0776319380598
499 3 3
Id
3
1 1 1.0
2 2 1.0
3 3 -0.9670180424703705
Nupdn
1
1 2 749.9065
Ntot
2
1 3 0.2547078827535051
3 2 -2847.077631938063
500 3 3
Id
3
1 1 1.0
2 2 1.0
3 3 -0.96701804247037
Nupdn
1
1 2 749.9065
Ntot
2
1 3 -0.2547078827535052
3 2 2847.0776319380593
501 3 3
Id
3
1 1 1.0
2 2 1.0
3 3 -0.96701804247037
Nupdn
1
1 2 749.9065
Ntot
2
1 3 0.25470788275350503
3 2 -2847.0776319380634
502 3 3
Id
3
1 1 1.0
2 2 1.0
3 3 -0.9670180424703705
Nupdn
1
1 2 749.9065
Ntot
2
1 3 -0.25470788275350525
3 2 2847.07763193806
503 3 3
Id
3
1 1 1.0
2 2 1.0
3 3 -0.9670180424703705
Nupdn
1
1 2 749.9065
Ntot
2
1 3 0.254707882753505
3 2 -2847.077631938062
504 3 3
Id
3
1 1 1.0
2 2 1.0
3 3 -0.9670180424703703
Nupdn
1
1 2 749.9065
Ntot
2
1 3 -0.2547078827535052
3 2 2847.07763193806
505 3 3
Id
3
1 1 1.0
2 2 1.0
3 3 -0.9670180424703703
Nupdn
1
1 2 749.9065
Ntot
2
1 3 0.2547078827535051
3 2 -2847.0776319380634
506 3 3
Id
3
1 1 1.0
2 2 1.0
3 3 -0.9670180424703698
Nupdn
1
1 2 749.9065
Ntot
2
1 3 -0.25470788275350525
3 2 2847.077631938061
507 3 3
Id
3
1 1 1.0
2 2 1.0
3 3 -0.9670180424703703
Nupdn
1
1 2 749.9065
Ntot
2
1 3 0.2547078827535052
3 2 -2847.077631938062
508 3 3
Id
3
1 1 1.0
2 2 1.0
3 3 -0.96701804247037
Nupdn
1
1 2 749.9065
Ntot
2
1 3 -0.25470788275350525
3 2 2847.077631938058
509 3 3
Id
3
1 1 1.0
2 2 1.0
3 3 -0.9670180424703703
Nupdn
1
1 2 749.9065
Ntot
2
1 3 0.254707882753505
3 2 -2847.0776319380657
510 3 3
Id
3
1 1 1.0
2 2 1.0
3 3 -0.9670180424703703
Nupdn
1
1 2 749.9065
Ntot
2
1 3 -0.25470788275350514
3 2 2847.0776319380584
511 3 3
Id
3
1 1 1.0
2 2 1.0
3 3 -0.9670180424703705
Nupdn
1
1 2 749.9065
Ntot
2
1 3 0.25470788275350503
3 2 -2847.0776319380648
512 3 3
Id
3
1 1 1.0
2 2 1.0
3 3 -0.9670180424703703
Nupdn
1
1 2 749.9065
Ntot
2
1 3 -0.2547078827535052
3 2 2847.0776319380607
513 3 1
Id
1
2 1 1.0
Nupdn
1
1 1 749.9065
Ntot
1
3 1 -2847.077631938064
