513
1 1 3
Id
1
1 1 1.0
Nupdn
1
1 2 5.3564750000000005
Ntot
1
1 3 1.0
2 3 3
Id
3
1 1 1.0
2 2 1.0
3 3 -0.6951526607370007
Nupdn
1
1 2 5.3564750000000005
Ntot
2
1 3 -0.7188621413527552
3 2 5.179807969041481
3 3 3
Id
3
1 1 1.0
2 2 1.0
3 3 -0.8025428276211648
Nupdn
1
1 2 5.3564750000000005
Ntot
2
1 3 0.5965945103953145
3 2 -7.2055651161349346
4 3 3
Id
3
1 1 1.0
2 2 1.0
3 3 -0.8510659796103743
Nupdn
1
1 2 5.3564750000000005
Ntot
2
1 3 -0.5250587570451845
3 2 8.682292375786767
5 3 3
Id
3
1 1 1.0
2 2 1.0
3 3 -0.8788129971899847
Nupdn
1
1 2 5.3564750000000005
Ntot
2
1 3 0.4771663399381352
3 2 -9.865196798528439
6 3 3
Id
3
1 1 1.0
2 2 1.0
3 3 -0.89676757627927
Nupdn
1
1 2 5.3564750000000005
Ntot
2
1 3 -0.4425018803736361
3 2 10.855350714203869
7 3 3
Id
3
1 1 1.0
2 2 1.0
3 3 -0.9093192133378396
Nupdn
1
1 2 5.3564750000000005
Ntot
2
1 3 0.41609922885611367
3 2 -11.705730978290516
8 3 3
Id
3
1 1 1.0
2 2 1.0
3 3 -0.91857213155638
Nupdn
1
1 2 5.3564750000000005
Ntot
2
1 3 -0.3952533859791321
3 2 12.448492113963157
9 3 3
Id
3
1 1 1.0
2 2 1.0
3 3 -0.925662612971538
Nupdn
1
1 2 5.3564750000000005
Ntot
2
1 3 0.3783500058764434
3 2 -13.10503123511495
10 3 3
Id
3
1 1 1.0
2 2 1.0
3 3 -0.9312585821981716
Nupdn
1
1 2 5.3564750000000005
Ntot
2
1 3 -0.3643589618525265
3 2 13.690519065917584
11 3 3
Id
3
1 1 1.0
2 2 1.0
3 3 -0.9357785299591383
Nupdn
1
1 2 5.3564750000000005
Ntot
2
1 3 0.3525883476059779
3 2 -14.216222218620738
12 3 3
Id
3
1 1 1.0
2 2 1.0
3 3 -0.9394980749734234
Nupdn
1
1 2 5.3564750000000005
Ntot
2
1 3 -0.34255418129287496
3 2 14.690808712799505
13 3 3
Id
3
1 1 1.0
2 2 1.0
3 3 -0.9426061727554789
Nupdn
1
1 2 5.3564750000000005
Ntot
2
1 3 0.33390657837674936
3 2 -15.121134850819033
14 3 3
Id
3
1 1 1.0
2 2 1.0
3 3 -0.9452367137139668
Nupdn
1
1 2 5.3564750000000005
Ntot
2
1 3 -0.32638559258524297
3 2 15.512746092702198
15 3 3
Id
3
1 1 1.0
2 2 1.0
3 3 -0.9474872311416329
Nupdn
1
1 2 5.3564750000000005
Ntot
2
1 3 0.31979360034803955
3 2 -15.870210225926707
16 3 3
Id
3
1 1 1.0
2 2 1.0
3 3 -0.9494304650159453
Nupdn
1
1 2 5.3564750000000005
Ntot
2
1 3 -0.31397737513968393
3 2 16.1973471745656
17 3 3
Id
3
1 1 1.0
2 2 1.0
3 3 -0.9511217748337806
Nupdn
1
1 2 5.3564750000000005
Ntot
2
1 3 0.30881607703783726
3 2 -16.49739242114833
18 3 3
Id
3
1 1 1.0
2 2 1.0
3 3 -0.9526040420945878
Nupdn
1
1 2 5.3564750000000005
Ntot
2
1 3 -0.3042129829330983
3 2 16.773116279198227
19 3 3
Id
3
1 1 1.0
2 2 1.0
3 3 -0.953911001444792
Nupdn
1
1 2 5.3564750000000005
Ntot
2
1 3 0.3000896554741493
3 2 -17.02691291837666
20 3 3
Id
3
1 1 1.0
2 2 1.0
3 3 -0.9550695583685052
Nupdn
1
1 2 5.3564750000000005
Ntot
2
1 3 -0.2963817448457111
3 2 17.26086812575146
21 3 3
Id
3
1 1 1.0
2 2 1.0
3 3 -0.9561014358359419
Nupdn
1
1 2 5.3564750000000005
Ntot
2
1 3 0.293035909731983
3 2 -17.476811777789983
22 3 3
Id
3
1 1 1.0
2 2 1.0
3 3 -0.9570243661748479
Nupdn
1
1 2 5.3564750000000005
Ntot
2
1 3 -0.29000752153630444
3 2 17.676359098033558
23 3 3
Id
3
1 1 1.0
2 2 1.0
3 3 -0.9578529682713324
Nupdn
1
1 2 5.3564750000000005
Ntot
2
1 3 0.28725892705675476
3 2 -17.860943542435123
24 3 3
Id
3
1 1 1.0
2 2 1.0
3 3 -0.9585994029512399
Nupdn
1
1 2 5.3564750000000005
Ntot
2
1 3 -0.284758116059097
3 2 18.031843334212866
25 3 3
Id
3
1 1 1.0
2 2 1.0
3 3 -0.9592738693451361
Nupdn
1
1 2 5.3564750000000005
Ntot
2
1 3 0.2824776868915675
3 2 -18.19020311247768
26 3 3
Id
3
1 1 1.0
2 2 1.0
3 3 -0.9598849855071474
Nupdn
1
1 2 5.3564750000000005
Ntot
2
1 3 -0.28039403452631273
3 2 18.337051772269056
27 3 3
Id
3
1 1 1.0
2 2 1.0
3 3 -0.9604400836043574
Nupdn
1
1 2 5.3564750000000005
Ntot
2
1 3 0.2784867066954092
3 2 -18.47331730074805
28 3 3
Id
3
1 1 1.0
2 2 1.0
3 3 -0.9609454412454361
Nupdn
1
1 2 5.3564750000000005
Ntot
2
1 3 -0.27673788853283815
3 2 18.599839218562078
29 3 3
Id
3
1 1 1.0
2 2 1.0
3 3 -0.961406464510294
Nupdn
1
1 2 5.3564750000000005
Ntot
2
1 3 0.2751319865043279
3 2 -18.717379092913166
30 3 3
Id
3
1 1 1.0
2 2 1.0
3 3 -0.9618278340544777
Nupdn
1
1 2 5.3564750000000005
Ntot
2
1 3 -0.2736552898046596
3 2 18.82662948373687
31 3 3
Id
3
1 1 1.0
2 2 1.0
3 3 -0.9622136227007754
Nupdn
1
1 2 5.3564750000000005
Ntot
2
1 3 0.27229569274788357
3 2 -18.928221605871123
32 3 3
Id
3
1 1 1.0
2 2 1.0
3 3 -0.9625673908092269
Nupdn
1
1 2 5.3564750000000005
Ntot
2
1 3 -0.2710424655855915
3 2 19.02273193075227
33 3 3
Id
3
1 1 1.0
2 2 1.0
3 3 -0.9628922641789115
Nupdn
1
1 2 5.3564750000000005
Ntot
2
1 3 0.2698860640796587
3 2 -19.110687905861628
34 3 3
Id
3
1 1 1.0
2 2 1.0
3 3 -0.9631909981073394
Nupdn
1
1 2 5.3564750000000005
Ntot
2
1 3 -0.26881797031632243
3 2 19.192572935194644
35 3 3
Id
3
1 1 1.0
2 2 1.0
3 3 -0.9634660303980074
Nupdn
1
1 2 5.3564750000000005
Ntot
2
1 3 0.26783055887838014
3 2 -19.26883073682283
36 3 3
Id
3
1 1 1.0
2 2 1.0
3 3 -0.9637195254817479
Nupdn
1
1 2 5.3564750000000005
Ntot
2
1 3 -0.26691698373320955
3 2 19.339869172261196
37 3 3
Id
3
1 1 1.0
2 2 1.0
3 3 -0.9639534113457626
Nupdn
1
1 2 5.3564750000000005
Ntot
2
1 3 0.26607108214698316
3 2 -19.40606362545605
38 3 3
Id
3
1 1 1.0
2 2 1.0
3 3 -0.964169410604979
Nupdn
1
1 2 5.3564750000000005
Ntot
2
1 3 -0.26528729267276946
3 2 19.46775999572941
39 3 3
Id
3
1 1 1.0
2 2 1.0
3 3 -0.9643690667746132
Nupdn
1
1 2 5.3564750000000005
Ntot
2
1 3 0.26456058483504585
3 2 -19.52527735819877
40 3 3
Id
3
1 1 1.0
2 2 1.0
3 3 -0.9645537665895467
Nupdn
1
1 2 5.3564750000000005
Ntot
2
1 3 -0.2638863985845393
3 2 19.578910336439943
41 3 3
Id
3
1 1 1.0
2 2 1.0
3 3 -0.9647247590499508
Nupdn
1
1 2 5.3564750000000005
Ntot
2
1 3 0.2632605919540836
3 2 -19.628931225047832
42 3 3
Id
3
1 1 1.0
2 2 1.0
3 3 -0.9648831717422917
Nupdn
1
1 2 5.3564750000000005
Ntot
2
1 3 -0.2626793956299866
3 2 19.675591893924274
43 3 3
Id
3
1 1 1.0
2 2 1.0
3 3 -0.9650300248819708
Nupdn
1
1 2 5.3564750000000005
Ntot
2
1 3 0.2621393733804653
3 2 -19.719125501331003
44 3 3
Id
3
1 1 1.0
2 2 1.0
3 3 -0.9651662434421606
Nupdn
1
1 2 5.3564750000000005
Ntot
2
1 3 -0.26163738746545456
3 2 19.75974803877929
45 3 3
Id
3
1 1 1.0
2 2 1.0
3 3 -0.9652926676681539
Nupdn
1
1 2 5.3564750000000005
Ntot
2
1 3 0.2611705682999117
3 2 -19.797659727531904
46 3 3
Id
3
1 1 1.0
2 2 1.0
3 3 -0.9654100622241262
Nupdn
1
1 2 5.3564750000000005
Ntot
2
1 3 -0.2607362877629595
3 2 19.83304628373484
47 3 3
Id
3
1 1 1.0
2 2 1.0
3 3 -0.9655191241769046
Nupdn
1
1 2 5.3564750000000005
Ntot
2
1 3 0.2603321356434188
3 2 -19.86608006688562
48 3 3
Id
3
1 1 1.0
2 2 1.0
3 3 -0.9656204899870138
Nupdn
1
1 2 5.3564750000000005
Ntot
2
1 3 -0.2599558987929291
3 2 19.896921124391433
49 3 3
Id
3
1 1 1.0
2 2 1.0
3 3 -0.9657147416492806
Nupdn
1
1 2 5.3564750000000005
Ntot
2
1 3 0.2596055426243113
3 2 -19.92571814332062
50 3 3
Id
3
1 1 1.0
2 2 1.0
3 3 -0.9658024121023607
Nupdn
1
1 2 5.3564750000000005
Ntot
2
1 3 -0.2592791946478957
3 2 19.952609319044633
51 3 3
Id
3
1 1 1.0
2 2 1.0
3 3 -0.965883990007713
Nupdn
1
1 2 5.3564750000000005
Ntot
2
1 3 0.25897512978427095
3 2 -19.977723149270506
52 3 3
Id
3
1 1 1.0
2 2 1.0
3 3 -0.9659599239829726
Nupdn
1
1 2 5.3564750000000005
Ntot
2
1 3 -0.2586917572301243
3 2 20.001179160934505
53 3 3
Id
3
1 1 1.0
2 2 1.0
3 3 -0.9660306263617813
Nupdn
1
1 2 5.3564750000000005
Ntot
2
1 3 0.25842760868580555
3 2 -20.02308857654742
54 3 3
Id
3
1 1 1.0
2 2 1.0
3 3 -0.966096476541382
Nupdn
1
1 2 5.3564750000000005
Ntot
2
1 3 -0.25818132778016034
3 2 20.043554925816967
55 3 3
Id
3
1 1 1.0
2 2 1.0
3 3 -0.9661578239703219
Nupdn
1
1 2 5.3564750000000005
Ntot
2
1 3 0.2579516605508336
3 2 -20.062674607716176
56 3 3
Id
3
1 1 1.0
2 2 1.0
3 3 -0.9662149908210902
Nupdn
1
1 2 5.3564750000000005
Ntot
2
1 3 -0.25773744685745625
3 2 20.08053740759197
57 3 3
Id
3
1 1 1.0
2 2 1.0
3 3 -0.9662682743861872
Nupdn
1
1 2 5.3564750000000005
Ntot
2
1 3 0.2575376126214181
3 2 -20.097226973409892
58 3 3
Id
3
1 1 1.0
2 2 1.0
3 3 -0.9663179492307896
Nupdn
1
1 2 5.3564750000000005
Ntot
2
1 3 -0.2573511627997857
3 2 20.112821254795985
59 3 3
Id
3
1 1 1.0
2 2 1.0
3 3 -0.9663642691306598
Nupdn
1
1 2 5.3564750000000005
Ntot
2
1 3 0.25717717501280296
3 2 -20.127392908153567
60 3 3
Id
3
1 1 1.0
2 2 1.0
3 3 -0.9664074688201225
Nupdn
1
1 2 5.3564750000000005
Ntot
2
1 3 -0.25701479375453085
3 2 20.14100967079841
61 3 3
Id
3
1 1 1.0
2 2 1.0
3 3 -0.9664477655716455
Nupdn
1
1 2 5.3564750000000005
Ntot
2
1 3 0.2568632251249173
3 2 -20.153734706760115
62 3 3
Id
3
1 1 1.0
2 2 1.0
3 3 -0.9664853606258037
Nupdn
1
1 2 5.3564750000000005
Ntot
2
1 3 -0.2567217320290789
3 2 20.165626926635518
63 3 3
Id
3
1 1 1.0
2 2 1.0
3 3 -0.9665204404880006
Nupdn
1
1 2 5.3564750000000005
Ntot
2
1 3 0.256589629796065
3 2 -20.17674128365091
64 3 3
Id
3
1 1 1.0
2 2 1.0
3 3 -0.9665531781062775
Nupdn
1
1 2 5.3564750000000005
Ntot
2
1 3 -0.25646628217497697
3 2 20.18712904788218
65 3 3
Id
3
1 1 1.0
2 2 1.0
3 3 -0.9665837339427878
Nupdn
1
1 2 5.3564750000000005
Ntot
2
1 3 0.2563510976711786
3 2 -20.196838060402417
66 3 3
Id
3
1 1 1.0
2 2 1.0
3 3 -0.9666122569499809
Nupdn
1
1 2 5.3564750000000005
Ntot
2
1 3 -0.2562435261895697
3 2 20.205912968961098
67 3 3
Id
3
1 1 1.0
2 2 1.0
3 3 -0.9666388854612342
Nupdn
1
1 2 5.3564750000000005
Ntot
2
1 3 0.2561430559555788
3 2 -20.21439544665587
68 3 3
Id
3
1 1 1.0
2 2 1.0
3 3 -0.9666637480045366
Nupdn
1
1 2 5.3564750000000005
Ntot
2
1 3 -0.2560492106877544
3 2 20.222324394926325
69 3 3
Id
3
1 1 1.0
2 2 1.0
3 3 -0.9666869640468181
Nupdn
1
1 2 5.3564750000000005
Ntot
2
1 3 0.2559615469986574
3 2 -20.22973613208334
70 3 3
Id
3
1 1 1.0
2 2 1.0
3 3 -0.9667086446756878
Nupdn
1
1 2 5.3564750000000005
Ntot
2
1 3 -0.25587965200323126
3 2 20.236664568481665
71 3 3
Id
3
1 1 1.0
2 2 1.0
3 3 -0.9667288932245617
Nupdn
1
1 2 5.3564750000000005
Ntot
2
1 3 0.25580314111600366
3 2 -20.243141369349935
72 3 3
Id
3
1 1 1.0
2 2 1.0
3 3 -0.9667478058465238
Nupdn
1
1 2 5.3564750000000005
Ntot
2
1 3 -0.25573165602039155
3 2 20.249196106206135
73 3 3
Id
3
1 1 1.0
2 2 1.0
3 3 -0.9667654720416803
Nupdn
1
1 2 5.3564750000000005
Ntot
2
1 3 0.2556648627950803
3 2 -20.2548563977095
74 3 3
Id
3
1 1 1.0
2 2 1.0
3 3 -0.9667819751422586
Nupdn
1
1 2 5.3564750000000005
Ntot
2
1 3 -0.2556024501839384
3 2 20.260148040730886
75 3 3
Id
3
1 1 1.0
2 2 1.0
3 3 -0.9667973927592677
Nupdn
1
1 2 5.3564750000000005
Ntot
2
1 3 0.25554412799726434
3 2 -20.265095132358667
76 3 3
Id
3
1 1 1.0
2 2 1.0
3 3 -0.9668117971941259
Nupdn
1
1 2 5.3564750000000005
Ntot
2
1 3 -0.25548962563334077
3 2 20.269720183501654
77 3 3
Id
3
1 1 1.0
2 2 1.0
3 3 -0.9668252558183401
Nupdn
1
1 2 5.3564750000000005
Ntot
2
1 3 0.2554386907103185
3 2 -20.274044224696418
78 3 3
Id
3
1 1 1.0
2 2 1.0
3 3 -0.9668378314239896
Nupdn
1
1 2 5.3564750000000005
Ntot
2
1 3 -0.2553910877993932
3 2 20.27808690467985
79 3 3
Id
3
1 1 1.0
2 2 1.0
3 3 -0.966849582547513
Nupdn
1
1 2 5.3564750000000005
Ntot
2
1 3 0.25534659725106856
3 2 -20.281866582244117
80 3 3
Id
3
1 1 1.0
2 2 1.0
3 3 -0.9668605637690453
Nupdn
1
1 2 5.3564750000000005
Ntot
2
1 3 -0.25530501410705597
3 2 20.285400411850603
81 3 3
Id
3
1 1 1.0
2 2 1.0
3 3 -0.966870825989339
Nupdn
1
1 2 5.3564750000000005
Ntot
2
1 3 0.2552661470910174
3 2 -20.288704423444848
82 3 3
Id
3
1 1 1.0
2 2 1.0
3 3 -0.9668804166861225
Nupdn
1
1 2 5.3564750000000005
Ntot
2
1 3 -0.2552298176719762
3 2 20.291793596878993
83 3 3
Id
3
1 1 1.0
2 2 1.0
3 3 -0.9668893801515526
Nupdn
1
1 2 5.3564750000000005
Ntot
2
1 3 0.25519585919474935
3 2 -20.29468193131973
84 3 3
Id
3
1 1 1.0
2 2 1.0
3 3 -0.9668977577122977
Nupdn
1
1 2 5.3564750000000005
Ntot
2
1 3 -0.25516411607224665
3 2 20.29738250999042
85 3 3
Id
3
1 1 1.0
2 2 1.0
3 3 -0.9669055879336208
Nupdn
1
1 2 5.3564750000000005
Ntot
2
1 3 0.2551344430349217
3 2 -20.299907560571256
86 3 3
Id
3
1 1 1.0
2 2 1.0
3 3 -0.9669129068087285
Nupdn
1
1 2 5.3564750000000005
Ntot
2
1 3 -0.25510670443305733
3 2 20.30226851155682
87 3 3
Id
3
1 1 1.0
2 2 1.0
3 3 -0.9669197479345355
Nupdn
1
1 2 5.3564750000000005
Ntot
2
1 3 0.2550807735879239
3 2 -20.304476044849363
88 3 3
Id
3
1 1 1.0
2 2 1.0
3 3 -0.9669261426748883
Nupdn
1
1 2 5.3564750000000005
Ntot
2
1 3 -0.25505653218818297
3 2 20.306540144845744
89 3 3
Id
3
1 1 1.0
2 2 1.0
3 3 -0.9669321203122092
Nupdn
1
1 2 5.3564750000000005
Ntot
2
1 3 0.255033869728191
3 2 -20.30847014425718
90 3 3
Id
3
1 1 1.0
2 2 1.0
3 3 -0.9669377081884443
Nupdn
1
1 2 5.3564750000000005
Ntot
2
1 3 -0.25501268298514
3 2 20.31027476688484
91 3 3
Id
3
1 1 1.0
2 2 1.0
3 3 -0.9669429318361125
Nupdn
1
1 2 5.3564750000000005
Ntot
2
1 3 0.25499287553220584
3 2 -20.311962167557446
92 3 3
Id
3
1 1 1.0
2 2 1.0
3 3 -0.9669478151001987
Nupdn
1
1 2 5.3564750000000005
Ntot
2
1 3 -0.25497435728510504
3 2 20.313539969422678
93 3 3
Id
3
1 1 1.0
2 2 1.0
3 3 -0.9669523802515625
Nupdn
1
1 2 5.3564750000000005
Ntot
2
1 3 0.2549570440796601
3 2 -20.315015298772035
94 3 3
Id
3
1 1 1.0
2 2 1.0
3 3 -0.9669566480924983
Nupdn
1
1 2 5.3564750000000005
Ntot
2
1 3 -0.2549408572781551
3 2 20.316394817564145
95 3 3
Id
3
1 1 1.0
2 2 1.0
3 3 -0.9669606380550038
Nupdn
1
1 2 5.3564750000000005
Ntot
2
1 3 0.2549257234024442
3 2 -20.31768475380161
96 3 3
Id
3
1 1 1.0
2 2 1.0
3 3 -0.9669643682923001
Nupdn
1
1 2 5.3564750000000005
Ntot
2
1 3 -0.25491157379191826
3 2 20.31889092990537
97 3 3
Id
3
1 1 1.0
2 2 1.0
3 3 -0.9669678557640775
Nupdn
1
1 2 5.3564750000000005
Ntot
2
1 3 0.25489834428458436
3 2 -20.320018789220267
98 3 3
Id
3
1 1 1.0
2 2 1.0
3 3 -0.9669711163159236
Nupdn
1
1 2 5.3564750000000005
Ntot
2
1 3 -0.25488597491964315
3 2 20.321073420776763
99 3 3
Id
3
1 1 1.0
2 2 1.0
3 3 -0.9669741647533476
Nupdn
1
1 2 5.3564750000000005
Ntot
2
1 3 0.2548744096600623
3 2 -20.32205958242503
100 3 3
Id
3
1 1 1.0
2 2 1.0
3 3 -0.9669770149107808
Nupdn
1
1 2 5.3564750000000005
Ntot
2
1 3 -0.25486359613376697
3 2 20.322981722449196
101 3 3
Id
3
1 1 1.0
2 2 1.0
3 3 -0.9669796797159032
Nupdn
1
1 2 5.3564750000000005
Ntot
2
1 3 0.2548534853921558
3 2 -20.323843999763763
102 3 3
Id
3
1 1 1.0
2 2 1.0
3 3 -0.9669821712496369
Nupdn
1
1 2 5.3564750000000005
Ntot
2
1 3 -0.2548440316847505
3 2 20.324650302784967
103 3 3
Id
3
1 1 1.0
2 2 1.0
3 3 -0.9669845008020952
Nupdn
1
1 2 5.3564750000000005
Ntot
2
1 3 0.25483519224887874
3 2 -20.325404267065803
104 3 3
Id
3
1 1 1.0
2 2 1.0
3 3 -0.9669866789247734
Nupdn
1
1 2 5.3564750000000005
Ntot
2
1 3 -0.2548269271133586
3 2 20.326109291776053
105 3 3
Id
3
1 1 1.0
2 2 1.0
3 3 -0.9669887154792465
Nupdn
1
1 2 5.3564750000000005
Ntot
2
1 3 0.2548191989152262
3 2 -20.326768555103524
106 3 3
Id
3
1 1 1.0
2 2 1.0
3 3 -0.966990619682601
Nupdn
1
1 2 5.3564750000000005
Ntot
2
1 3 -0.254811972728636
3 2 20.32738502864809
107 3 3
Id
3
1 1 1.0
2 2 1.0
3 3 -0.9669924001498458
Nupdn
1
1 2 5.3564750000000005
Ntot
2
1 3 0.25480521590509053
3 2 -20.327961490874504
108 3 3
Id
3
1 1 1.0
2 2 1.0
3 3 -0.966994064933486
Nupdn
1
1 2 5.3564750000000005
Ntot
2
1 3 -0.2547988979242519
3 2 20.328500539686154
109 3 3
Id
3
1 1 1.0
2 2 1.0
3 3 -0.9669956215604676
Nupdn
1
1 2 5.3564750000000005
Ntot
2
1 3 0.2547929902546093
3 2 -20.329004604177513
110 3 3
Id
3
1 1 1.0
2 2 1.0
3 3 -0.9669970770666723
Nupdn
1
1 2 5.3564750000000005
Ntot
2
1 3 -0.2547874662233445
3 2 20.329475955619507
111 3 3
Id
3
1 1 1.0
2 2 1.0
3 3 -0.9669984380291212
Nupdn
1
1 2 5.3564750000000005
Ntot
2
1 3 0.2547823008947845
3 2 -20.329916717727777
112 3 3
Id
3
1 1 1.0
2 2 1.0
3 3 -0.9669997105960417
Nupdn
1
1 2 5.3564750000000005
Ntot
2
1 3 -0.254777470956856
3 2 20.33032887626105
113 3 3
Id
3
1 1 1.0
2 2 1.0
3 3 -0.967000900514956
Nupdn
1
1 2 5.3564750000000005
Ntot
2
1 3 0.25477295461501337
3 2 -20.330714287993782
114 3 3
Id
3
1 1 1.0
2 2 1.0
3 3 -0.9670020131589043
Nupdn
1
1 2 5.3564750000000005
Ntot
2
1 3 -0.25476873149314444
3 2 20.331074689103744
115 3 3
Id
3
1 1 1.0
2 2 1.0
3 3 -0.9670030535509422
Nupdn
1
1 2 5.3564750000000005
Ntot
2
1 3 0.25476478254098317
3 2 -20.331411703012893
116 3 3
Id
3
1 1 1.0
2 2 1.0
3 3 -0.9670040263870214
Nupdn
1
1 2 5.3564750000000005
Ntot
2
1 3 -0.2547610899475984
3 2 20.33172684771772
117 3 3
Id
3
1 1 1.0
2 2 1.0
3 3 -0.96700493605737
Nupdn
1
1 2 5.3564750000000005
Ntot
2
1 3 0.2547576370605636
3 2 -20.33202154264181
118 3 3
Id
3
1 1 1.0
2 2 1.0
3 3 -0.9670057866664548
Nupdn
1
1 2 5.3564750000000005
Ntot
2
1 3 -0.25475440831041746
3 2 20.332297115042245
119 3 3
Id
3
1 1 1.0
2 2 1.0
3 3 -0.9670065820516427
Nupdn
1
1 2 5.3564750000000005
Ntot
2
1 3 0.25475138914007794
3 2 -20.332554805999266
120 3 3
Id
3
1 1 1.0
2 2 1.0
3 3 -0.9670073258006311
Nupdn
1
1 2 5.3564750000000005
Ntot
2
1 3 -0.2547485659388724
3 2 20.33279577601559
121 3 3
Id
3
1 1 1.0
2 2 1.0
3 3 -0.9670080212677341
Nupdn
1
1 2 5.3564750000000005
Ntot
2
1 3 0.25474592598089
3 2 -20.333021110251842
122 3 3
Id
3
1 1 1.0
2 2 1.0
3 3 -0.9670086715891051
Nupdn
1
1 2 5.3564750000000005
Ntot
2
1 3 -0.25474345736735804
3 2 20.333231823421
123 3 3
Id
3
1 1 1.0
2 2 1.0
3 3 -0.9670092796969545
Nupdn
1
1 2 5.3564750000000005
Ntot
2
1 3 0.2547411489727903
3 2 -20.333428864364613
124 3 3
Id
3
1 1 1.0
2 2 1.0
3 3 -0.9670098483328464
Nupdn
1
1 2 5.3564750000000005
Ntot
2
1 3 -0.2547389903946503
3 2 20.333613120331606
125 3 3
Id
3
1 1 1.0
2 2 1.0
3 3 -0.9670103800601155
Nupdn
1
1 2 5.3564750000000005
Ntot
2
1 3 0.2547369719063007
3 2 -20.33378542097833
126 3 3
Id
3
1 1 1.0
2 2 1.0
3 3 -0.9670108772754771
Nupdn
1
1 2 5.3564750000000005
Ntot
2
1 3 -0.25473508441302756
3 2 20.333946542109146
127 3 3
Id
3
1 1 1.0
2 2 1.0
3 3 -0.9670113422198778
Nupdn
1
1 2 5.3564750000000005
Ntot
2
1 3 0.2547333194109284
3 2 -20.334097209173322
128 3 3
Id
3
1 1 1.0
2 2 1.0
3 3 -0.9670117769886357
Nupdn
1
1 2 5.3564750000000005
Ntot
2
1 3 -0.2547316689484862
3 2 20.334238100535067
129 3 3
Id
3
1 1 1.0
2 2 1.0
3 3 -0.9670121835409178
Nupdn
1
1 2 5.3564750000000005
Ntot
2
1 3 0.25473012559064606
3 2 -20.334369850530724
130 3 3
Id
3
1 1 1.0
2 2 1.0
3 3 -0.9670125637086018
Nupdn
1
1 2 5.3564750000000005
Ntot
2
1 3 -0.2547286823852332
3 2 20.334493052327385
131 3 3
Id
3
1 1 1.0
2 2 1.0
3 3 -0.9670129192045571
Nupdn
1
1 2 5.3564750000000005
Ntot
2
1 3 0.25472733283156096
3 2 -20.33460826059594
132 3 3
Id
3
1 1 1.0
2 2 1.0
3 3 -0.9670132516303842
Nupdn
1
1 2 5.3564750000000005
Ntot
2
1 3 -0.25472607085108273
3 2 20.334715994010118
133 3 3
Id
3
1 1 1.0
2 2 1.0
3 3 -0.9670135624836549
Nupdn
1
1 2 5.3564750000000005
Ntot
2
1 3 0.25472489075995386
3 2 -20.33481673758348
134 3 3
Id
3
1 1 1.0
2 2 1.0
3 3 -0.9670138531646737
Nupdn
1
1 2 5.3564750000000005
Ntot
2
1 3 -0.25472378724338113
3 2 20.334910944854595
135 3 3
Id
3
1 1 1.0
2 2 1.0
3 3 -0.967014124982803
Nupdn
1
1 2 5.3564750000000005
Ntot
2
1 3 0.2547227553316422
3 2 -20.334999039929972
136 3 3
Id
3
1 1 1.0
2 2 1.0
3 3 -0.9670143791623769
Nupdn
1
1 2 5.3564750000000005
Ntot
2
1 3 -0.2547217903776656
3 2 20.335081419394605
137 3 3
Id
3
1 1 1.0
2 2 1.0
3 3 -0.9670146168482237
Nupdn
1
1 2 5.3564750000000005
Ntot
2
1 3 0.25472088803606685
3 2 -20.335158454098433
138 3 3
Id
3
1 1 1.0
2 2 1.0
3 3 -0.9670148391108389
Nupdn
1
1 2 5.3564750000000005
Ntot
2
1 3 -0.2547200442435536
3 2 20.335230490826664
139 3 3
Id
3
1 1 1.0
2 2 1.0
3 3 -0.9670150469512107
Nupdn
1
1 2 5.3564750000000005
Ntot
2
1 3 0.2547192552005992
3 2 -20.335297853861643
140 3 3
Id
3
1 1 1.0
2 2 1.0
3 3 -0.9670152413053374
Nupdn
1
1 2 5.3564750000000005
Ntot
2
1 3 -0.2547185173543139
3 2 20.33536084644333
141 3 3
Id
3
1 1 1.0
2 2 1.0
3 3 -0.9670154230484529
Nupdn
1
1 2 5.3564750000000005
Ntot
2
1 3 0.25471782738242305
3 2 -20.335419752135092
142 3 3
Id
3
1 1 1.0
2 2 1.0
3 3 -0.9670155929989699
Nupdn
1
1 2 5.3564750000000005
Ntot
2
1 3 -0.2547171821782942
3 2 20.335474836100598
143 3 3
Id
3
1 1 1.0
2 2 1.0
3 3 -0.9670157519221745
Nupdn
1
1 2 5.3564750000000005
Ntot
2
1 3 0.25471657883693305
3 2 -20.33552634629792
144 3 3
Id
3
1 1 1.0
2 2 1.0
3 3 -0.9670159005336745
Nupdn
1
1 2 5.3564750000000005
Ntot
2
1 3 -0.2547160146418887
3 2 20.335574514596214
145 3 3
Id
3
1 1 1.0
2 2 1.0
3 3 -0.9670160395026266
Nupdn
1
1 2 5.3564750000000005
Ntot
2
1 3 0.25471548705301406
3 2 -20.33561955781968
146 3 3
Id
3
1 1 1.0
2 2 1.0
3 3 -0.9670161694547548
Nupdn
1
1 2 5.3564750000000005
Ntot
2
1 3 -0.2547149936950171
3 2 20.335661678723913
147 3 3
Id
3
1 1 1.0
2 2 1.0
3 3 -0.9670162909751687
Nupdn
1
1 2 5.3564750000000005
Ntot
2
1 3 0.2547145323467591
3 2 -20.335701066909017
148 3 3
Id
3
1 1 1.0
2 2 1.0
3 3 -0.9670164046110006
Nupdn
1
1 2 5.3564750000000005
Ntot
2
1 3 -0.25471410093124747
3 2 20.335737899673045
149 3 3
Id
3
1 1 1.0
2 2 1.0
3 3 -0.9670165108738735
Nupdn
1
1 2 5.3564750000000005
Ntot
2
1 3 0.25471369750627776
3 2 -20.335772342810387
150 3 3
Id
3
1 1 1.0
2 2 1.0
3 3 -0.9670166102422055
Nupdn
1
1 2 5.3564750000000005
Ntot
2
1 3 -0.25471332025568316
3 2 20.335804551358375
151 3 3
Id
3
1 1 1.0
2 2 1.0
3 3 -0.9670167031633652
Nupdn
1
1 2 5.3564750000000005
Ntot
2
1 3 0.2547129674811544
3 2 -20.33583467029502
152 3 3
Id
3
1 1 1.0
2 2 1.0
3 3 -0.9670167900556885
Nupdn
1
1 2 5.3564750000000005
Ntot
2
1 3 -0.2547126375945896
3 2 20.335862835192007
153 3 3
Id
3
1 1 1.0
2 2 1.0
3 3 -0.9670168713103615
Nupdn
1
1 2 5.3564750000000005
Ntot
2
1 3 0.2547123291109401
3 2 -20.33588917282487
154 3 3
Id
3
1 1 1.0
2 2 1.0
3 3 -0.9670169472931855
Nupdn
1
1 2 5.3564750000000005
Ntot
2
1 3 -0.2547120406415223
3 2 20.335913801743793
155 3 3
Id
3
1 1 1.0
2 2 1.0
3 3 -0.9670170183462226
Nupdn
1
1 2 5.3564750000000005
Ntot
2
1 3 0.2547117708877643
3 2 -20.33593683280743
156 3 3
Id
3
1 1 1.0
2 2 1.0
3 3 -0.9670170847893387
Nupdn
1
1 2 5.3564750000000005
Ntot
2
1 3 -0.2547115186353546
3 2 20.335958369681737
157 3 3
Id
3
1 1 1.0
2 2 1.0
3 3 -0.9670171469216424
Nupdn
1
1 2 5.3564750000000005
Ntot
2
1 3 0.25471128274877625
3 2 -20.335978509306873
158 3 3
Id
3
1 1 1.0
2 2 1.0
3 3 -0.9670172050228314
Nupdn
1
1 2 5.3564750000000005
Ntot
2
1 3 -0.2547110621661947
3 2 20.33599734233351
159 3 3
Id
3
1 1 1.0
2 2 1.0
3 3 -0.9670172593544568
Nupdn
1
1 2 5.3564750000000005
Ntot
2
1 3 0.25471085589466974
3 2 -20.33601495353094
160 3 3
Id
3
1 1 1.0
2 2 1.0
3 3 -0.9670173101610962
Nupdn
1
1 2 5.3564750000000005
Ntot
2
1 3 -0.2547106630056912
3 2 20.33603142216866
161 3 3
Id
3
1 1 1.0
2 2 1.0
3 3 -0.9670173576714562
Nupdn
1
1 2 5.3564750000000005
Ntot
2
1 3 0.2547104826309957
3 2 -20.336046822373273
162 3 3
Id
3
1 1 1.0
2 2 1.0
3 3 -0.9670174020994056
Nupdn
1
1 2 5.3564750000000005
Ntot
2
1 3 -0.25471031395865384
3 2 20.33606122346201
163 3 3
Id
3
1 1 1.0
2 2 1.0
3 3 -0.9670174436449344
Nupdn
1
1 2 5.3564750000000005
Ntot
2
1 3 0.25471015622942045
3 2 -20.33607469025494
164 3 3
Id
3
1 1 1.0
2 2 1.0
3 3 -0.9670174824950568
Nupdn
1
1 2 5.3564750000000005
Ntot
2
1 3 -0.2547100087333105
3 2 20.336087283366762
165 3 3
Id
3
1 1 1.0
2 2 1.0
3 3 -0.967017518824651
Nupdn
1
1 2 5.3564750000000005
Ntot
2
1 3 0.25470987080640567
3 2 -20.336099059479448
166 3 3
Id
3
1 1 1.0
2 2 1.0
3 3 -0.9670175527972504
Nupdn
1
1 2 5.3564750000000005
Ntot
2
1 3 -0.2547097418278634
3 2 20.33611007159765
167 3 3
Id
3
1 1 1.0
2 2 1.0
3 3 -0.9670175845657769
Nupdn
1
1 2 5.3564750000000005
Ntot
2
1 3 0.2547096212171241
3 2 -20.336120369287126
168 3 3
Id
3
1 1 1.0
2 2 1.0
3 3 -0.9670176142732294
Nupdn
1
1 2 5.3564750000000005
Ntot
2
1 3 -0.25470950843129525
3 2 20.336129998897892
169 3 3
Id
3
1 1 1.0
2 2 1.0
3 3 -0.9670176420533292
Nupdn
1
1 2 5.3564750000000005
Ntot
2
1 3 0.254709402962707
3 2 -20.33613900377288
170 3 3
Id
3
1 1 1.0
2 2 1.0
3 3 -0.9670176680311224
Nupdn
1
1 2 5.3564750000000005
Ntot
2
1 3 -0.2547093043366289
3 2 20.336147424443038
171 3 3
Id
3
1 1 1.0
2 2 1.0
3 3 -0.9670176923235407
Nupdn
1
1 2 5.3564750000000005
Ntot
2
1 3 0.25470921210912995
3 2 -20.336155298809754
172 3 3
Id
3
1 1 1.0
2 2 1.0
3 3 -0.9670177150399293
Nupdn
1
1 2 5.3564750000000005
Ntot
2
1 3 -0.25470912586508293
3 2 20.336162662315463
173 3 3
Id
3
1 1 1.0
2 2 1.0
3 3 -0.9670177362825378
Nupdn
1
1 2 5.3564750000000005
Ntot
2
1 3 0.2547090452162931
3 2 -20.336169548103186
174 3 3
Id
3
1 1 1.0
2 2 1.0
3 3 -0.9670177561469848
Nupdn
1
1 2 5.3564750000000005
Ntot
2
1 3 -0.25470896979975155
3 2 20.33617598716573
175 3 3
Id
3
1 1 1.0
2 2 1.0
3 3 -0.9670177747226816
Nupdn
1
1 2 5.3564750000000005
Ntot
2
1 3 0.25470889927600204
3 2 -20.336182008485114
176 3 3
Id
3
1 1 1.0
2 2 1.0
3 3 -0.967017792093241
Nupdn
1
1 2 5.3564750000000005
Ntot
2
1 3 -0.2547088333276125
3 2 20.33618763916313
177 3 3
Id
3
1 1 1.0
2 2 1.0
3 3 -0.9670178083368495
Nupdn
1
1 2 5.3564750000000005
Ntot
2
1 3 0.2547087716577433
3 2 -20.33619290454326
178 3 3
Id
3
1 1 1.0
2 2 1.0
3 3 -0.9670178235266209
Nupdn
1
1 2 5.3564750000000005
Ntot
2
1 3 -0.25470871398881584
3 2 20.33619782832482
179 3 3
Id
3
1 1 1.0
2 2 1.0
3 3 -0.9670178377309273
Nupdn
1
1 2 5.3564750000000005
Ntot
2
1 3 0.25470866006125925
3 2 -20.3362024326695
180 3 3
Id
3
1 1 1.0
2 2 1.0
3 3 -0.967017851013702
Nupdn
1
1 2 5.3564750000000005
Ntot
2
1 3 -0.25470860963234354
3 2 20.336206738301325
181 3 3
Id
3
1 1 1.0
2 2 1.0
3 3 -0.9670178634347326
Nupdn
1
1 2 5.3564750000000005
Ntot
2
1 3 0.2547085624750863
3 2 -20.336210764599674
182 3 3
Id
3
1 1 1.0
2 2 1.0
3 3 -0.9670178750499265
Nupdn
1
1 2 5.3564750000000005
Ntot
2
1 3 -0.2547085183772324
3 2 20.33621452968675
183 3 3
Id
3
1 1 1.0
2 2 1.0
3 3 -0.9670178859115643
Nupdn
1
1 2 5.3564750000000005
Ntot
2
1 3 0.2547084771402957
3 2 -20.336218050509004
184 3 3
Id
3
1 1 1.0
2 2 1.0
3 3 -0.9670178960685349
Nupdn
1
1 2 5.3564750000000005
Ntot
2
1 3 -0.25470843857866976
3 2 20.336221342913497
185 3 3
Id
3
1 1 1.0
2 2 1.0
3 3 -0.9670179055665553
Nupdn
1
1 2 5.3564750000000005
Ntot
2
1 3 0.2547084025187872
3 2 -20.336224421719105
186 3 3
Id
3
1 1 1.0
2 2 1.0
3 3 -0.9670179144483764
Nupdn
1
1 2 5.3564750000000005
Ntot
2
1 3 -0.25470836879834335
3 2 20.33622730078339
187 3 3
Id
3
1 1 1.0
2 2 1.0
3 3 -0.9670179227539748
Nupdn
1
1 2 5.3564750000000005
Ntot
2
1 3 0.25470833726556263
3 2 -20.33622999306479
188 3 3
Id
3
1 1 1.0
2 2 1.0
3 3 -0.9670179305207345
Nupdn
1
1 2 5.3564750000000005
Ntot
2
1 3 -0.25470830777851683
3 2 20.336232510681167
189 3 3
Id
3
1 1 1.0
2 2 1.0
3 3 -0.9670179377836141
Nupdn
1
1 2 5.3564750000000005
Ntot
2
1 3 0.2547082802044846
3 2 -20.33623486496412
190 3 3
Id
3
1 1 1.0
2 2 1.0
3 3 -0.9670179445753033
Nupdn
1
1 2 5.3564750000000005
Ntot
2
1 3 -0.254708254419356
3 2 20.336237066510115
191 3 3
Id
3
1 1 1.0
2 2 1.0
3 3 -0.9670179509263714
Nupdn
1
1 2 5.3564750000000005
Ntot
2
1 3 0.25470823030707385
3 2 -20.33623912522816
192 3 3
Id
3
1 1 1.0
2 2 1.0
3 3 -0.9670179568654054
Nupdn
1
1 2 5.3564750000000005
Ntot
2
1 3 -0.2547082077591089
3 2 20.336241050384405
193 3 3
Id
3
1 1 1.0
2 2 1.0
3 3 -0.9670179624191355
Nupdn
1
1 2 5.3564750000000005
Ntot
2
1 3 0.254708186673973
3 2 -20.336242850643828
194 3 3
Id
3
1 1 1.0
2 2 1.0
3 3 -0.9670179676125599
Nupdn
1
1 2 5.3564750000000005
Ntot
2
1 3 -0.2547081669567634
3 2 20.33624453410932
195 3 3
Id
3
1 1 1.0
2 2 1.0
3 3 -0.9670179724690531
Nupdn
1
1 2 5.3564750000000005
Ntot
2
1 3 0.25470814851873413
3 2 -20.33624610835798
196 3 3
Id
3
1 1 1.0
2 2 1.0
3 3 -0.9670179770104748
Nupdn
1
1 2 5.3564750000000005
Ntot
2
1 3 -0.2547081312768959
3 2 20.33624758047541
197 3 3
Id
3
1 1 1.0
2 2 1.0
3 3 -0.9670179812572661
Nupdn
1
1 2 5.3564750000000005
Ntot
2
1 3 0.25470811515364405
3 2 -20.336248957087477
198 3 3
Id
3
1 1 1.0
2 2 1.0
3 3 -0.967017985228541
Nupdn
1
1 2 5.3564750000000005
Ntot
2
1 3 -0.25470810007640915
3 2 20.336250244390254
199 3 3
Id
3
1 1 1.0
2 2 1.0
3 3 -0.967017988942174
Nupdn
1
1 2 5.3564750000000005
Ntot
2
1 3 0.2547080859773284
3 2 -20.336251448177755
200 3 3
Id
3
1 1 1.0
2 2 1.0
3 3 -0.9670179924148801
Nupdn
1
1 2 5.3564750000000005
Ntot
2
1 3 -0.2547080727929431
3 2 20.336252573868173
201 3 3
Id
3
1 1 1.0
2 2 1.0
3 3 -0.96701799566229
Nupdn
1
1 2 5.3564750000000005
Ntot
2
1 3 0.25470806046391187
3 2 -20.3362536265281
202 3 3
Id
3
1 1 1.0
2 2 1.0
3 3 -0.9670179986990197
Nupdn
1
1 2 5.3564750000000005
Ntot
2
1 3 -0.2547080489347414
3 2 20.3362546108955
203 3 3
Id
3
1 1 1.0
2 2 1.0
3 3 -0.967018001538738
Nupdn
1
1 2 5.3564750000000005
Ntot
2
1 3 0.2547080381535404
3 2 -20.33625553140096
204 3 3
Id
3
1 1 1.0
2 2 1.0
3 3 -0.967018004194226
Nupdn
1
1 2 5.3564750000000005
Ntot
2
1 3 -0.2547080280717824
3 2 20.33625639218755
205 3 3
Id
3
1 1 1.0
2 2 1.0
3 3 -0.9670180066774359
Nupdn
1
1 2 5.3564750000000005
Ntot
2
1 3 0.25470801864409076
3 2 -20.33625719712963
206 3 3
Id
3
1 1 1.0
2 2 1.0
3 3 -0.9670180089995444
Nupdn
1
1 2 5.3564750000000005
Ntot
2
1 3 -0.25470800982803216
3 2 20.336257949850157
207 3 3
Id
3
1 1 1.0
2 2 1.0
3 3 -0.9670180111710032
Nupdn
1
1 2 5.3564750000000005
Ntot
2
1 3 0.2547080015839266
3 2 -20.33625865373709
208 3 3
Id
3
1 1 1.0
2 2 1.0
3 3 -0.9670180132015864
Nupdn
1
1 2 5.3564750000000005
Ntot
2
1 3 -0.25470799387466636
3 2 20.336259311958575
209 3 3
Id
3
1 1 1.0
2 2 1.0
3 3 -0.9670180151004326
Nupdn
1
1 2 5.3564750000000005
Ntot
2
1 3 0.2547079866655534
3 2 -20.336259927477183
210 3 3
Id
3
1 1 1.0
2 2 1.0
3 3 -0.9670180168760889
Nupdn
1
1 2 5.3564750000000005
Ntot
2
1 3 -0.2547079799241408
3 2 20.336260503063315
211 3 3
Id
3
1 1 1.0
2 2 1.0
3 3 -0.9670180185365471
Nupdn
1
1 2 5.3564750000000005
Ntot
2
1 3 0.25470797362008496
3 2 -20.33626104130767
212 3 3
Id
3
1 1 1.0
2 2 1.0
3 3 -0.9670180200892813
Nupdn
1
1 2 5.3564750000000005
Ntot
2
1 3 -0.25470796772501214
3 2 20.336261544632805
213 3 3
Id
3
1 1 1.0
2 2 1.0
3 3 -0.9670180215412802
Nupdn
1
1 2 5.3564750000000005
Ntot
2
1 3 0.2547079622123894
3 2 -20.336262015304154
214 3 3
Id
3
1 1 1.0
2 2 1.0
3 3 -0.967018022899079
Nupdn
1
1 2 5.3564750000000005
Ntot
2
1 3 -0.25470795705740357
3 2 20.336262455440156
215 3 3
Id
3
1 1 1.0
2 2 1.0
3 3 -0.9670180241687887
Nupdn
1
1 2 5.3564750000000005
Ntot
2
1 3 0.2547079522368542
3 2 -20.336262867021865
216 3 3
Id
3
1 1 1.0
2 2 1.0
3 3 -0.9670180253561249
Nupdn
1
1 2 5.3564750000000005
Ntot
2
1 3 -0.2547079477290435
3 2 20.336263251901727
217 3 3
Id
3
1 1 1.0
2 2 1.0
3 3 -0.967018026466431
Nupdn
1
1 2 5.3564750000000005
Ntot
2
1 3 0.2547079435136817
3 2 -20.33626361181209
218 3 3
Id
3
1 1 1.0
2 2 1.0
3 3 -0.9670180275047047
Nupdn
1
1 2 5.3564750000000005
Ntot
2
1 3 -0.2547079395717974
3 2 20.336263948372867
219 3 3
Id
3
1 1 1.0
2 2 1.0
3 3 -0.9670180284756191
Nupdn
1
1 2 5.3564750000000005
Ntot
2
1 3 0.25470793588564633
3 2 -20.33626426309887
220 3 3
Id
3
1 1 1.0
2 2 1.0
3 3 -0.9670180293835444
Nupdn
1
1 2 5.3564750000000005
Ntot
2
1 3 -0.2547079324386393
3 2 20.336264557406675
221 3 3
Id
3
1 1 1.0
2 2 1.0
3 3 -0.967018030232567
Nupdn
1
1 2 5.3564750000000005
Ntot
2
1 3 0.25470792921525987
3 2 -20.336264832620937
222 3 3
Id
3
1 1 1.0
2 2 1.0
3 3 -0.9670180310265086
Nupdn
1
1 2 5.3564750000000005
Ntot
2
1 3 -0.2547079262010015
3 2 20.33626508998037
223 3 3
Id
3
1 1 1.0
2 2 1.0
3 3 -0.9670180317689416
Nupdn
1
1 2 5.3564750000000005
Ntot
2
1 3 0.25470792338229636
3 2 -20.33626533064331
224 3 3
Id
3
1 1 1.0
2 2 1.0
3 3 -0.9670180324632094
Nupdn
1
1 2 5.3564750000000005
Ntot
2
1 3 -0.2547079207464579
3 2 20.336265555692982
225 3 3
Id
3
1 1 1.0
2 2 1.0
3 3 -0.9670180331124347
Nupdn
1
1 2 5.3564750000000005
Ntot
2
1 3 0.2547079182816229
3 2 -20.336265766142297
226 3 3
Id
3
1 1 1.0
2 2 1.0
3 3 -0.9670180337195413
Nupdn
1
1 2 5.3564750000000005
Ntot
2
1 3 -0.2547079159766963
3 2 20.336265962938484
227 3 3
Id
3
1 1 1.0
2 2 1.0
3 3 -0.9670180342872614
Nupdn
1
1 2 5.3564750000000005
Ntot
2
1 3 0.25470791382130503
3 2 -20.336266146967283
228 3 3
Id
3
1 1 1.0
2 2 1.0
3 3 -0.9670180348181499
Nupdn
1
1 2 5.3564750000000005
Ntot
2
1 3 -0.25470791180574637
3 2 20.336266319057042
229 3 3
Id
3
1 1 1.0
2 2 1.0
3 3 -0.9670180353145963
Nupdn
1
1 2 5.3564750000000005
Ntot
2
1 3 0.2547079099209498
3 2 -20.336266479982246
230 3 3
Id
3
1 1 1.0
2 2 1.0
3 3 -0.9670180357788352
Nupdn
1
1 2 5.3564750000000005
Ntot
2
1 3 -0.25470790815843114
3 2 20.3362666304673
231 3 3
Id
3
1 1 1.0
2 2 1.0
3 3 -0.9670180362129555
Nupdn
1
1 2 5.3564750000000005
Ntot
2
1 3 0.25470790651025826
3 2 -20.33626677118943
232 3 3
Id
3
1 1 1.0
2 2 1.0
3 3 -0.9670180366189127
Nupdn
1
1 2 5.3564750000000005
Ntot
2
1 3 -0.25470790496901274
3 2 20.336266902782068
233 3 3
Id
3
1 1 1.0
2 2 1.0
3 3 -0.9670180369985326
Nupdn
1
1 2 5.3564750000000005
Ntot
2
1 3 0.2547079035277568
3 2 -20.336267025837483
234 3 3
Id
3
1 1 1.0
2 2 1.0
3 3 -0.967018037353524
Nupdn
1
1 2 5.3564750000000005
Ntot
2
1 3 -0.2547079021800039
3 2 20.336267140909527
235 3 3
Id
3
1 1 1.0
2 2 1.0
3 3 -0.9670180376854849
Nupdn
1
1 2 5.3564750000000005
Ntot
2
1 3 0.2547079009196885
3 2 -20.336267248516144
236 3 3
Id
3
1 1 1.0
2 2 1.0
3 3 -0.9670180379959099
Nupdn
1
1 2 5.3564750000000005
Ntot
2
1 3 -0.2547078997411371
3 2 20.336267349141675
237 3 3
Id
3
1 1 1.0
2 2 1.0
3 3 -0.9670180382861953
Nupdn
1
1 2 5.3564750000000005
Ntot
2
1 3 0.254707898639045
3 2 -20.336267443239045
238 3 3
Id
3
1 1 1.0
2 2 1.0
3 3 -0.9670180385576486
Nupdn
1
1 2 5.3564750000000005
Ntot
2
1 3 -0.25470789760845336
3 2 20.336267531231698
239 3 3
Id
3
1 1 1.0
2 2 1.0
3 3 -0.9670180388114904
Nupdn
1
1 2 5.3564750000000005
Ntot
2
1 3 0.25470789664472215
3 2 -20.336267613515748
240 3 3
Id
3
1 1 1.0
2 2 1.0
3 3 -0.9670180390488643
Nupdn
1
1 2 5.3564750000000005
Ntot
2
1 3 -0.25470789574351377
3 2 20.336267690461526
241 3 3
Id
3
1 1 1.0
2 2 1.0
3 3 -0.9670180392708387
Nupdn
1
1 2 5.3564750000000005
Ntot
2
1 3 0.2547078949007729
3 2 -20.336267762415364
242 3 3
Id
3
1 1 1.0
2 2 1.0
3 3 -0.9670180394784116
Nupdn
1
1 2 5.3564750000000005
Ntot
2
1 3 -0.2547078941127051
3 2 20.336267829701125
243 3 3
Id
3
1 1 1.0
2 2 1.0
3 3 -0.9670180396725181
Nupdn
1
1 2 5.3564750000000005
Ntot
2
1 3 0.2547078933757647
3 2 -20.33626789262164
244 3 3
Id
3
1 1 1.0
2 2 1.0
3 3 -0.9670180398540322
Nupdn
1
1 2 5.3564750000000005
Ntot
2
1 3 -0.25470789268663385
3 2 20.336267951460105
245 3 3
Id
3
1 1 1.0
2 2 1.0
3 3 -0.9670180400237698
Nupdn
1
1 2 5.3564750000000005
Ntot
2
1 3 0.2547078920422111
3 2 -20.336268006481376
246 3 3
Id
3
1 1 1.0
2 2 1.0
3 3 -0.9670180401824957
Nupdn
1
1 2 5.3564750000000005
Ntot
2
1 3 -0.2547078914395959
3 2 20.336268057933083
247 3 3
Id
3
1 1 1.0
2 2 1.0
3 3 -0.9670180403309245
Nupdn
1
1 2 5.3564750000000005
Ntot
2
1 3 0.2547078908760759
3 2 -20.336268106046784
248 3 3
Id
3
1 1 1.0
2 2 1.0
3 3 -0.9670180404697228
Nupdn
1
1 2 5.3564750000000005
Ntot
2
1 3 -0.25470789034911534
3 2 20.336268151039064
249 3 3
Id
3
1 1 1.0
2 2 1.0
3 3 -0.9670180405995172
Nupdn
1
1 2 5.3564750000000005
Ntot
2
1 3 0.2547078898563413
3 2 -20.336268193112428
250 3 3
Id
3
1 1 1.0
2 2 1.0
3 3 -0.967018040720891
Nupdn
1
1 2 5.3564750000000005
Ntot
2
1 3 -0.2547078893955371
3 2 20.336268232456234
251 3 3
Id
3
1 1 1.0
2 2 1.0
3 3 -0.9670180408343907
Nupdn
1
1 2 5.3564750000000005
Ntot
2
1 3 0.25470788896462787
3 2 -20.33626826924757
252 3 3
Id
3
1 1 1.0
2 2 1.0
3 3 -0.9670180409405265
Nupdn
1
1 2 5.3564750000000005
Ntot
2
1 3 -0.2547078885616743
3 2 20.336268303652005
253 3 3
Id
3
1 1 1.0
2 2 1.0
3 3 -0.9670180410397766
Nupdn
1
1 2 5.3564750000000005
Ntot
2
1 3 0.2547078881848628
3 2 -20.33626833582444
254 3 3
Id
3
1 1 1.0
2 2 1.0
3 3 -0.9670180411325882
Nupdn
1
1 2 5.3564750000000005
Ntot
2
1 3 -0.2547078878324975
3 2 20.336268365909653
255 3 3
Id
3
1 1 1.0
2 2 1.0
3 3 -0.9670180412193778
Nupdn
1
1 2 5.3564750000000005
Ntot
2
1 3 0.25470788750299267
3 2 -20.336268394043017
256 3 3
Id
3
1 1 1.0
2 2 1.0
3 3 -0.9670180413005376
Nupdn
1
1 2 5.3564750000000005
Ntot
2
1 3 -0.25470788719486426
3 2 20.33626842035122
257 3 3
Id
3
1 1 1.0
2 2 1.0
3 3 -0.967018041376432
Nupdn
1
1 2 5.3564750000000005
Ntot
2
1 3 0.2547078869067263
3 2 -20.336268444952672
258 3 3
Id
3
1 1 1.0
2 2 1.0
3 3 -0.9670180414474028
Nupdn
1
1 2 5.3564750000000005
Ntot
2
1 3 -0.25470788663728067
3 2 20.336268467958053
259 3 3
Id
3
1 1 1.0
2 2 1.0
3 3 -0.9670180415137686
Nupdn
1
1 2 5.3564750000000005
Ntot
2
1 3 0.25470788638531705
3 2 -20.336268489470932
260 3 3
Id
3
1 1 1.0
2 2 1.0
3 3 -0.9670180415758292
Nupdn
1
1 2 5.3564750000000005
Ntot
2
1 3 -0.254707886149699
3 2 20.336268509588145
261 3 3
Id
3
1 1 1.0
2 2 1.0
3 3 -0.9670180416338636
Nupdn
1
1 2 5.3564750000000005
Ntot
2
1 3 0.25470788592936716
3 2 -20.33626852840025
262 3 3
Id
3
1 1 1.0
2 2 1.0
3 3 -0.9670180416881327
Nupdn
1
1 2 5.3564750000000005
Ntot
2
1 3 -0.25470788572332953
3 2 20.33626854599189
263 3 3
Id
3
1 1 1.0
2 2 1.0
3 3 -0.9670180417388814
Nupdn
1
1 2 5.3564750000000005
Ntot
2
1 3 0.25470788553065854
3 2 -20.336268562442232
264 3 3
Id
3
1 1 1.0
2 2 1.0
3 3 -0.9670180417863374
Nupdn
1
1 2 5.3564750000000005
Ntot
2
1 3 -0.2547078853504882
3 2 20.336268577825383
265 3 3
Id
3
1 1 1.0
2 2 1.0
3 3 -0.967018041830715
Nupdn
1
1 2 5.3564750000000005
Ntot
2
1 3 0.2547078851820053
3 2 -20.336268592210512
266 3 3
Id
3
1 1 1.0
2 2 1.0
3 3 -0.9670180418722132
Nupdn
1
1 2 5.3564750000000005
Ntot
2
1 3 -0.25470788502445396
3 2 20.336268605662372
267 3 3
Id
3
1 1 1.0
2 2 1.0
3 3 -0.9670180419110193
Nupdn
1
1 2 5.3564750000000005
Ntot
2
1 3 0.2547078848771237
3 2 -20.336268618241522
268 3 3
Id
3
1 1 1.0
2 2 1.0
3 3 -0.9670180419473082
Nupdn
1
1 2 5.3564750000000005
Ntot
2
1 3 -0.25470788473935163
3 2 20.336268630004597
269 3 3
Id
3
1 1 1.0
2 2 1.0
3 3 -0.967018041981242
Nupdn
1
1 2 5.3564750000000005
Ntot
2
1 3 0.2547078846105176
3 2 -20.33626864100456
270 3 3
Id
3
1 1 1.0
2 2 1.0
3 3 -0.9670180420129746
Nupdn
1
1 2 5.3564750000000005
Ntot
2
1 3 -0.25470788449004206
3 2 20.336268651290858
271 3 3
Id
3
1 1 1.0
2 2 1.0
3 3 -0.9670180420426486
Nupdn
1
1 2 5.3564750000000005
Ntot
2
1 3 0.2547078843773825
3 2 -20.336268660909823
272 3 3
Id
3
1 1 1.0
2 2 1.0
3 3 -0.9670180420703978
Nupdn
1
1 2 5.3564750000000005
Ntot
2
1 3 -0.25470788427203106
3 2 20.336268669904747
273 3 3
Id
3
1 1 1.0
2 2 1.0
3 3 -0.9670180420963463
Nupdn
1
1 2 5.3564750000000005
Ntot
2
1 3 0.25470788417351486
3 2 -20.336268678316117
274 3 3
Id
3
1 1 1.0
2 2 1.0
3 3 -0.9670180421206114
Nupdn
1
1 2 5.3564750000000005
Ntot
2
1 3 -0.2547078840813904
3 2 20.336268686181803
275 3 3
Id
3
1 1 1.0
2 2 1.0
3 3 -0.9670180421433028
Nupdn
1
1 2 5.3564750000000005
Ntot
2
1 3 0.2547078839952427
3 2 -20.33626869353719
276 3 3
Id
3
1 1 1.0
2 2 1.0
3 3 -0.9670180421645214
Nupdn
1
1 2 5.3564750000000005
Ntot
2
1 3 -0.2547078839146834
3 2 20.33626870041539
277 3 3
Id
3
1 1 1.0
2 2 1.0
3 3 -0.9670180421843639
Nupdn
1
1 2 5.3564750000000005
Ntot
2
1 3 0.2547078838393508
3 2 -20.336268706847342
278 3 3
Id
3
1 1 1.0
2 2 1.0
3 3 -0.9670180422029184
Nupdn
1
1 2 5.3564750000000005
Ntot
2
1 3 -0.25470788376890496
3 2 20.336268712862033
279 3 3
Id
3
1 1 1.0
2 2 1.0
3 3 -0.9670180422202703
Nupdn
1
1 2 5.3564750000000005
Ntot
2
1 3 0.25470788370302966
3 2 -20.3362687184865
280 3 3
Id
3
1 1 1.0
2 2 1.0
3 3 -0.9670180422364953
Nupdn
1
1 2 5.3564750000000005
Ntot
2
1 3 -0.2547078836414278
3 2 20.336268723746084
281 3 3
Id
3
1 1 1.0
2 2 1.0
3 3 -0.9670180422516683
Nupdn
1
1 2 5.3564750000000005
Ntot
2
1 3 0.2547078835838233
3 2 -20.336268728664436
282 3 3
Id
3
1 1 1.0
2 2 1.0
3 3 -0.9670180422658567
Nupdn
1
1 2 5.3564750000000005
Ntot
2
1 3 -0.2547078835299555
3 2 20.336268733263715
283 3 3
Id
3
1 1 1.0
2 2 1.0
3 3 -0.9670180422791248
Nupdn
1
1 2 5.3564750000000005
Ntot
2
1 3 0.2547078834795824
3 2 -20.33626873756461
284 3 3
Id
3
1 1 1.0
2 2 1.0
3 3 -0.9670180422915322
Nupdn
1
1 2 5.3564750000000005
Ntot
2
1 3 -0.25470788343247724
3 2 20.336268741586462
285 3 3
Id
3
1 1 1.0
2 2 1.0
3 3 -0.9670180423031347
Nupdn
1
1 2 5.3564750000000005
Ntot
2
1 3 0.25470788338842804
3 2 -20.33626874534741
286 3 3
Id
3
1 1 1.0
2 2 1.0
3 3 -0.9670180423139845
Nupdn
1
1 2 5.3564750000000005
Ntot
2
1 3 -0.2547078833472366
3 2 20.336268748864367
287 3 3
Id
3
1 1 1.0
2 2 1.0
3 3 -0.9670180423241299
Nupdn
1
1 2 5.3564750000000005
Ntot
2
1 3 0.2547078833087178
3 2 -20.33626875215312
288 3 3
Id
3
1 1 1.0
2 2 1.0
3 3 -0.9670180423336172
Nupdn
1
1 2 5.3564750000000005
Ntot
2
1 3 -0.25470788327269756
3 2 20.336268755228534
289 3 3
Id
3
1 1 1.0
2 2 1.0
3 3 -0.9670180423424894
Nupdn
1
1 2 5.3564750000000005
Ntot
2
1 3 0.25470788323901494
3 2 -20.336268758104445
290 3 3
Id
3
1 1 1.0
2 2 1.0
3 3 -0.9670180423507859
Nupdn
1
1 2 5.3564750000000005
Ntot
2
1 3 -0.25470788320751664
3 2 20.336268760793754
291 3 3
Id
3
1 1 1.0
2 2 1.0
3 3 -0.9670180423585442
Nupdn
1
1 2 5.3564750000000005
Ntot
2
1 3 0.25470788317806264
3 2 -20.336268763308603
292 3 3
Id
3
1 1 1.0
2 2 1.0
3 3 -0.9670180423657988
Nupdn
1
1 2 5.3564750000000005
Ntot
2
1 3 -0.25470788315051857
3 2 20.336268765660286
293 3 3
Id
3
1 1 1.0
2 2 1.0
3 3 -0.9670180423725829
Nupdn
1
1 2 5.3564750000000005
Ntot
2
1 3 0.2547078831247618
3 2 -20.33626876785944
294 3 3
Id
3
1 1 1.0
2 2 1.0
3 3 -0.9670180423789272
Nupdn
1
1 2 5.3564750000000005
Ntot
2
1 3 -0.2547078831006757
3 2 20.33626876991588
295 3 3
Id
3
1 1 1.0
2 2 1.0
3 3 -0.9670180423848596
Nupdn
1
1 2 5.3564750000000005
Ntot
2
1 3 0.25470788307815306
3 2 -20.33626877183891
296 3 3
Id
3
1 1 1.0
2 2 1.0
3 3 -0.9670180423904069
Nupdn
1
1 2 5.3564750000000005
Ntot
2
1 3 -0.2547078830570913
3 2 20.336268773637187
297 3 3
Id
3
1 1 1.0
2 2 1.0
3 3 -0.967018042395595
Nupdn
1
1 2 5.3564750000000005
Ntot
2
1 3 0.25470788303739544
3 2 -20.336268775318832
298 3 3
Id
3
1 1 1.0
2 2 1.0
3 3 -0.9670180424004458
Nupdn
1
1 2 5.3564750000000005
Ntot
2
1 3 -0.2547078830189778
3 2 20.336268776891334
299 3 3
Id
3
1 1 1.0
2 2 1.0
3 3 -0.9670180424049826
Nupdn
1
1 2 5.3564750000000005
Ntot
2
1 3 0.25470788300175445
3 2 -20.336268778361838
300 3 3
Id
3
1 1 1.0
2 2 1.0
3 3 -0.9670180424092247
Nupdn
1
1 2 5.3564750000000005
Ntot
2
1 3 -0.2547078829856494
3 2 20.336268779736944
301 3 3
Id
3
1 1 1.0
2 2 1.0
3 3 -0.9670180424131916
Nupdn
1
1 2 5.3564750000000005
Ntot
2
1 3 0.2547078829705885
3 2 -20.33626878102284
302 3 3
Id
3
1 1 1.0
2 2 1.0
3 3 -0.967018042416901
Nupdn
1
1 2 5.3564750000000005
Ntot
2
1 3 -0.25470788295650465
3 2 20.336268782225297
303 3 3
Id
3
1 1 1.0
2 2 1.0
3 3 -0.9670180424203696
Nupdn
1
1 2 5.3564750000000005
Ntot
2
1 3 0.2547078829433355
3 2 -20.336268783349755
304 3 3
Id
3
1 1 1.0
2 2 1.0
3 3 -0.9670180424236137
Nupdn
1
1 2 5.3564750000000005
Ntot
2
1 3 -0.2547078829310199
3 2 20.336268784401245
305 3 3
Id
3
1 1 1.0
2 2 1.0
3 3 -0.967018042426647
Nupdn
1
1 2 5.3564750000000005
Ntot
2
1 3 0.2547078829195032
3 2 -20.33626878538455
306 3 3
Id
3
1 1 1.0
2 2 1.0
3 3 -0.9670180424294836
Nupdn
1
1 2 5.3564750000000005
Ntot
2
1 3 -0.25470788290873414
3 2 20.33626878630405
307 3 3
Id
3
1 1 1.0
2 2 1.0
3 3 -0.9670180424321362
Nupdn
1
1 2 5.3564750000000005
Ntot
2
1 3 0.2547078828986636
3 2 -20.33626878716387
308 3 3
Id
3
1 1 1.0
2 2 1.0
3 3 -0.9670180424346166
Nupdn
1
1 2 5.3564750000000005
Ntot
2
1 3 -0.25470788288924595
3 2 20.336268787967917
309 3 3
Id
3
1 1 1.0
2 2 1.0
3 3 -0.9670180424369366
Nupdn
1
1 2 5.3564750000000005
Ntot
2
1 3 0.2547078828804393
3 2 -20.33626878871983
310 3 3
Id
3
1 1 1.0
2 2 1.0
3 3 -0.9670180424391055
Nupdn
1
1 2 5.3564750000000005
Ntot
2
1 3 -0.2547078828722045
3 2 20.336268789422924
311 3 3
Id
3
1 1 1.0
2 2 1.0
3 3 -0.9670180424411337
Nupdn
1
1 2 5.3564750000000005
Ntot
2
1 3 0.2547078828645041
3 2 -20.33626879008042
312 3 3
Id
3
1 1 1.0
2 2 1.0
3 3 -0.9670180424430301
Nupdn
1
1 2 5.3564750000000005
Ntot
2
1 3 -0.25470788285730245
3 2 20.33626879069526
313 3 3
Id
3
1 1 1.0
2 2 1.0
3 3 -0.9670180424448043
Nupdn
1
1 2 5.3564750000000005
Ntot
2
1 3 0.25470788285056867
3 2 -20.33626879127022
314 3 3
Id
3
1 1 1.0
2 2 1.0
3 3 -0.9670180424464627
Nupdn
1
1 2 5.3564750000000005
Ntot
2
1 3 -0.25470788284427137
3 2 20.336268791807885
315 3 3
Id
3
1 1 1.0
2 2 1.0
3 3 -0.9670180424480139
Nupdn
1
1 2 5.3564750000000005
Ntot
2
1 3 0.25470788283838264
3 2 -20.336268792310662
316 3 3
Id
3
1 1 1.0
2 2 1.0
3 3 -0.9670180424494639
Nupdn
1
1 2 5.3564750000000005
Ntot
2
1 3 -0.25470788283287626
3 2 20.336268792780803
317 3 3
Id
3
1 1 1.0
2 2 1.0
3 3 -0.9670180424508206
Nupdn
1
1 2 5.3564750000000005
Ntot
2
1 3 0.2547078828277273
3 2 -20.336268793220448
318 3 3
Id
3
1 1 1.0
2 2 1.0
3 3 -0.9670180424520887
Nupdn
1
1 2 5.3564750000000005
Ntot
2
1 3 -0.2547078828229118
3 2 20.3362687936316
319 3 3
Id
3
1 1 1.0
2 2 1.0
3 3 -0.9670180424532748
Nupdn
1
1 2 5.3564750000000005
Ntot
2
1 3 0.2547078828184086
3 2 -20.33626879401606
320 3 3
Id
3
1 1 1.0
2 2 1.0
3 3 -0.9670180424543837
Nupdn
1
1 2 5.3564750000000005
Ntot
2
1 3 -0.2547078828141982
3 2 20.336268794375567
321 3 3
Id
3
1 1 1.0
2 2 1.0
3 3 -0.9670180424554209
Nupdn
1
1 2 5.3564750000000005
Ntot
2
1 3 0.2547078828102607
3 2 -20.336268794711756
322 3 3
Id
3
1 1 1.0
2 2 1.0
3 3 -0.967018042456391
Nupdn
1
1 2 5.3564750000000005
Ntot
2
1 3 -0.25470788280657836
3 2 20.336268795026136
323 3 3
Id
3
1 1 1.0
2 2 1.0
3 3 -0.9670180424572978
Nupdn
1
1 2 5.3564750000000005
Ntot
2
1 3 0.2547078828031351
3 2 -20.336268795320105
324 3 3
Id
3
1 1 1.0
2 2 1.0
3 3 -0.967018042458146
Nupdn
1
1 2 5.3564750000000005
Ntot
2
1 3 -0.2547078827999156
3 2 20.336268795595018
325 3 3
Id
3
1 1 1.0
2 2 1.0
3 3 -0.967018042458939
Nupdn
1
1 2 5.3564750000000005
Ntot
2
1 3 0.25470788279690465
3 2 -20.336268795852096
326 3 3
Id
3
1 1 1.0
2 2 1.0
3 3 -0.9670180424596806
Nupdn
1
1 2 5.3564750000000005
Ntot
2
1 3 -0.254707882794089
3 2 20.336268796092504
327 3 3
Id
3
1 1 1.0
2 2 1.0
3 3 -0.967018042460374
Nupdn
1
1 2 5.3564750000000005
Ntot
2
1 3 0.25470788279145606
3 2 -20.336268796317295
328 3 3
Id
3
1 1 1.0
2 2 1.0
3 3 -0.9670180424610224
Nupdn
1
1 2 5.3564750000000005
Ntot
2
1 3 -0.25470788278899387
3 2 20.33626879652753
329 3 3
Id
3
1 1 1.0
2 2 1.0
3 3 -0.967018042461629
Nupdn
1
1 2 5.3564750000000005
Ntot
2
1 3 0.2547078827866916
3 2 -20.33626879672412
330 3 3
Id
3
1 1 1.0
2 2 1.0
3 3 -0.9670180424621959
Nupdn
1
1 2 5.3564750000000005
Ntot
2
1 3 -0.2547078827845385
3 2 20.336268796907934
331 3 3
Id
3
1 1 1.0
2 2 1.0
3 3 -0.9670180424627264
Nupdn
1
1 2 5.3564750000000005
Ntot
2
1 3 0.2547078827825249
3 2 -20.33626879707984
332 3 3
Id
3
1 1 1.0
2 2 1.0
3 3 -0.9670180424632224
Nupdn
1
1 2 5.3564750000000005
Ntot
2
1 3 -0.2547078827806423
3 2 20.336268797240578
333 3 3
Id
3
1 1 1.0
2 2 1.0
3 3 -0.9670180424636863
Nupdn
1
1 2 5.3564750000000005
Ntot
2
1 3 0.2547078827788814
3 2 -20.336268797390915
334 3 3
Id
3
1 1 1.0
2 2 1.0
3 3 -0.9670180424641197
Nupdn
1
1 2 5.3564750000000005
Ntot
2
1 3 -0.2547078827772356
3 2 20.336268797531485
335 3 3
Id
3
1 1 1.0
2 2 1.0
3 3 -0.9670180424645254
Nupdn
1
1 2 5.3564750000000005
Ntot
2
1 3 0.2547078827756957
3 2 -20.336268797662925
336 3 3
Id
3
1 1 1.0
2 2 1.0
3 3 -0.9670180424649044
Nupdn
1
1 2 5.3564750000000005
Ntot
2
1 3 -0.2547078827742557
3 2 20.336268797785856
337 3 3
Id
3
1 1 1.0
2 2 1.0
3 3 -0.967018042465259
Nupdn
1
1 2 5.3564750000000005
Ntot
2
1 3 0.2547078827729096
3 2 -20.33626879790078
338 3 3
Id
3
1 1 1.0
2 2 1.0
3 3 -0.9670180424655905
Nupdn
1
1 2 5.3564750000000005
Ntot
2
1 3 -0.254707882771651
3 2 20.336268798008263
339 3 3
Id
3
1 1 1.0
2 2 1.0
3 3 -0.9670180424659007
Nupdn
1
1 2 5.3564750000000005
Ntot
2
1 3 0.25470788277047374
3 2 -20.336268798108776
340 3 3
Id
3
1 1 1.0
2 2 1.0
3 3 -0.9670180424661909
Nupdn
1
1 2 5.3564750000000005
Ntot
2
1 3 -0.25470788276937284
3 2 20.336268798202777
341 3 3
Id
3
1 1 1.0
2 2 1.0
3 3 -0.9670180424664621
Nupdn
1
1 2 5.3564750000000005
Ntot
2
1 3 0.2547078827683432
3 2 -20.336268798290682
342 3 3
Id
3
1 1 1.0
2 2 1.0
3 3 -0.9670180424667154
Nupdn
1
1 2 5.3564750000000005
Ntot
2
1 3 -0.25470788276738077
3 2 20.336268798372892
343 3 3
Id
3
1 1 1.0
2 2 1.0
3 3 -0.9670180424669528
Nupdn
1
1 2 5.3564750000000005
Ntot
2
1 3 0.2547078827664802
3 2 -20.33626879844973
344 3 3
Id
3
1 1 1.0
2 2 1.0
3 3 -0.9670180424671746
Nupdn
1
1 2 5.3564750000000005
Ntot
2
1 3 -0.2547078827656389
3 2 20.336268798521605
345 3 3
Id
3
1 1 1.0
2 2 1.0
3 3 -0.9670180424673818
Nupdn
1
1 2 5.3564750000000005
Ntot
2
1 3 0.25470788276485146
3 2 -20.336268798588804
346 3 3
Id
3
1 1 1.0
2 2 1.0
3 3 -0.9670180424675756
Nupdn
1
1 2 5.3564750000000005
Ntot
2
1 3 -0.25470788276411527
3 2 20.336268798651684
347 3 3
Id
3
1 1 1.0
2 2 1.0
3 3 -0.9670180424677568
Nupdn
1
1 2 5.3564750000000005
Ntot
2
1 3 0.25470788276342743
3 2 -20.336268798710442
348 3 3
Id
3
1 1 1.0
2 2 1.0
3 3 -0.9670180424679264
Nupdn
1
1 2 5.3564750000000005
Ntot
2
1 3 -0.2547078827627832
3 2 20.336268798765413
349 3 3
Id
3
1 1 1.0
2 2 1.0
3 3 -0.967018042468085
Nupdn
1
1 2 5.3564750000000005
Ntot
2
1 3 0.25470788276218104
3 2 -20.336268798816807
350 3 3
Id
3
1 1 1.0
2 2 1.0
3 3 -0.9670180424682335
Nupdn
1
1 2 5.3564750000000005
Ntot
2
1 3 -0.2547078827616183
3 2 20.33626879886485
351 3 3
Id
3
1 1 1.0
2 2 1.0
3 3 -0.9670180424683714
Nupdn
1
1 2 5.3564750000000005
Ntot
2
1 3 0.25470788276109246
3 2 -20.336268798909803
352 3 3
Id
3
1 1 1.0
2 2 1.0
3 3 -0.9670180424685015
Nupdn
1
1 2 5.3564750000000005
Ntot
2
1 3 -0.25470788276059975
3 2 20.336268798951828
353 3 3
Id
3
1 1 1.0
2 2 1.0
3 3 -0.9670180424686228
Nupdn
1
1 2 5.3564750000000005
Ntot
2
1 3 0.2547078827601393
3 2 -20.336268798991135
354 3 3
Id
3
1 1 1.0
2 2 1.0
3 3 -0.967018042468736
Nupdn
1
1 2 5.3564750000000005
Ntot
2
1 3 -0.2547078827597093
3 2 20.33626879902789
355 3 3
Id
3
1 1 1.0
2 2 1.0
3 3 -0.9670180424688419
Nupdn
1
1 2 5.3564750000000005
Ntot
2
1 3 0.2547078827593064
3 2 -20.33626879906224
356 3 3
Id
3
1 1 1.0
2 2 1.0
3 3 -0.9670180424689416
Nupdn
1
1 2 5.3564750000000005
Ntot
2
1 3 -0.25470788275893
3 2 20.336268799094388
357 3 3
Id
3
1 1 1.0
2 2 1.0
3 3 -0.9670180424690342
Nupdn
1
1 2 5.3564750000000005
Ntot
2
1 3 0.25470788275857836
3 2 -20.336268799124444
358 3 3
Id
3
1 1 1.0
2 2 1.0
3 3 -0.9670180424691204
Nupdn
1
1 2 5.3564750000000005
Ntot
2
1 3 -0.2547078827582492
3 2 20.336268799152545
359 3 3
Id
3
1 1 1.0
2 2 1.0
3 3 -0.9670180424692014
Nupdn
1
1 2 5.3564750000000005
Ntot
2
1 3 0.2547078827579413
3 2 -20.336268799178832
360 3 3
Id
3
1 1 1.0
2 2 1.0
3 3 -0.9670180424692776
Nupdn
1
1 2 5.3564750000000005
Ntot
2
1 3 -0.2547078827576535
3 2 20.33626879920338
361 3 3
Id
3
1 1 1.0
2 2 1.0
3 3 -0.9670180424693484
Nupdn
1
1 2 5.3564750000000005
Ntot
2
1 3 0.2547078827573844
3 2 -20.336268799226374
362 3 3
Id
3
1 1 1.0
2 2 1.0
3 3 -0.9670180424694146
Nupdn
1
1 2 5.3564750000000005
Ntot
2
1 3 -0.2547078827571327
3 2 20.33626879924786
363 3 3
Id
3
1 1 1.0
2 2 1.0
3 3 -0.9670180424694765
Nupdn
1
1 2 5.3564750000000005
Ntot
2
1 3 0.2547078827568974
3 2 -20.336268799267955
364 3 3
Id
3
1 1 1.0
2 2 1.0
3 3 -0.9670180424695349
Nupdn
1
1 2 5.3564750000000005
Ntot
2
1 3 -0.2547078827566771
3 2 20.33626879928673
365 3 3
Id
3
1 1 1.0
2 2 1.0
3 3 -0.9670180424695891
Nupdn
1
1 2 5.3564750000000005
Ntot
2
1 3 0.2547078827564713
3 2 -20.336268799304335
366 3 3
Id
3
1 1 1.0
2 2 1.0
3 3 -0.9670180424696395
Nupdn
1
1 2 5.3564750000000005
Ntot
2
1 3 -0.25470788275627887
3 2 20.336268799320752
367 3 3
Id
3
1 1 1.0
2 2 1.0
3 3 -0.9670180424696866
Nupdn
1
1 2 5.3564750000000005
Ntot
2
1 3 0.25470788275609907
3 2 -20.33626879933611
368 3 3
Id
3
1 1 1.0
2 2 1.0
3 3 -0.9670180424697312
Nupdn
1
1 2 5.3564750000000005
Ntot
2
1 3 -0.2547078827559307
3 2 20.336268799350478
369 3 3
Id
3
1 1 1.0
2 2 1.0
3 3 -0.9670180424697727
Nupdn
1
1 2 5.3564750000000005
Ntot
2
1 3 0.25470788275577344
3 2 -20.336268799363932
370 3 3
Id
3
1 1 1.0
2 2 1.0
3 3 -0.9670180424698114
Nupdn
1
1 2 5.3564750000000005
Ntot
2
1 3 -0.2547078827556263
3 2 20.336268799376477
371 3 3
Id
3
1 1 1.0
2 2 1.0
3 3 -0.967018042469848
Nupdn
1
1 2 5.3564750000000005
Ntot
2
1 3 0.25470788275548834
3 2 -20.336268799388236
372 3 3
Id
3
1 1 1.0
2 2 1.0
3 3 -0.9670180424698818
Nupdn
1
1 2 5.3564750000000005
Ntot
2
1 3 -0.25470788275536
3 2 20.33626879939924
373 3 3
Id
3
1 1 1.0
2 2 1.0
3 3 -0.9670180424699137
Nupdn
1
1 2 5.3564750000000005
Ntot
2
1 3 0.25470788275523926
3 2 -20.33626879940953
374 3 3
Id
3
1 1 1.0
2 2 1.0
3 3 -0.967018042469943
Nupdn
1
1 2 5.3564750000000005
Ntot
2
1 3 -0.2547078827551268
3 2 20.336268799419116
375 3 3
Id
3
1 1 1.0
2 2 1.0
3 3 -0.9670180424699708
Nupdn
1
1 2 5.3564750000000005
Ntot
2
1 3 0.25470788275502165
3 2 -20.336268799428115
376 3 3
Id
3
1 1 1.0
2 2 1.0
3 3 -0.967018042469997
Nupdn
1
1 2 5.3564750000000005
Ntot
2
1 3 -0.25470788275492345
3 2 20.336268799436496
377 3 3
Id
3
1 1 1.0
2 2 1.0
3 3 -0.967018042470021
Nupdn
1
1 2 5.3564750000000005
Ntot
2
1 3 0.2547078827548313
3 2 -20.33626879944435
378 3 3
Id
3
1 1 1.0
2 2 1.0
3 3 -0.9670180424700434
Nupdn
1
1 2 5.3564750000000005
Ntot
2
1 3 -0.25470788275474526
3 2 20.33626879945172
379 3 3
Id
3
1 1 1.0
2 2 1.0
3 3 -0.967018042470065
Nupdn
1
1 2 5.3564750000000005
Ntot
2
1 3 0.25470788275466466
3 2 -20.336268799458594
380 3 3
Id
3
1 1 1.0
2 2 1.0
3 3 -0.9670180424700845
Nupdn
1
1 2 5.3564750000000005
Ntot
2
1 3 -0.25470788275458917
3 2 20.33626879946501
381 3 3
Id
3
1 1 1.0
2 2 1.0
3 3 -0.9670180424701029
Nupdn
1
1 2 5.3564750000000005
Ntot
2
1 3 0.2547078827545193
3 2 -20.336268799471014
382 3 3
Id
3
1 1 1.0
2 2 1.0
3 3 -0.9670180424701205
Nupdn
1
1 2 5.3564750000000005
Ntot
2
1 3 -0.25470788275445316
3 2 20.336268799476624
383 3 3
Id
3
1 1 1.0
2 2 1.0
3 3 -0.9670180424701367
Nupdn
1
1 2 5.3564750000000005
Ntot
2
1 3 0.2547078827543917
3 2 -20.336268799481886
384 3 3
Id
3
1 1 1.0
2 2 1.0
3 3 -0.9670180424701518
Nupdn
1
1 2 5.3564750000000005
Ntot
2
1 3 -0.2547078827543341
3 2 20.33626879948679
385 3 3
Id
3
1 1 1.0
2 2 1.0
3 3 -0.967018042470166
Nupdn
1
1 2 5.3564750000000005
Ntot
2
1 3 0.2547078827542803
3 2 -20.336268799491382
386 3 3
Id
3
1 1 1.0
2 2 1.0
3 3 -0.9670180424701791
Nupdn
1
1 2 5.3564750000000005
Ntot
2
1 3 -0.25470788275422995
3 2 20.33626879949568
387 3 3
Id
3
1 1 1.0
2 2 1.0
3 3 -0.9670180424701915
Nupdn
1
1 2 5.3564750000000005
Ntot
2
1 3 0.25470788275418293
3 2 -20.33626879949971
388 3 3
Id
3
1 1 1.0
2 2 1.0
3 3 -0.9670180424702031
Nupdn
1
1 2 5.3564750000000005
Ntot
2
1 3 -0.25470788275413925
3 2 20.33626879950348
389 3 3
Id
3
1 1 1.0
2 2 1.0
3 3 -0.967018042470214
Nupdn
1
1 2 5.3564750000000005
Ntot
2
1 3 0.2547078827540975
3 2 -20.336268799506964
390 3 3
Id
3
1 1 1.0
2 2 1.0
3 3 -0.9670180424702242
Nupdn
1
1 2 5.3564750000000005
Ntot
2
1 3 -0.2547078827540597
3 2 20.33626879951024
391 3 3
Id
3
1 1 1.0
2 2 1.0
3 3 -0.9670180424702339
Nupdn
1
1 2 5.3564750000000005
Ntot
2
1 3 0.25470788275402373
3 2 -20.336268799513316
392 3 3
Id
3
1 1 1.0
2 2 1.0
3 3 -0.9670180424702426
Nupdn
1
1 2 5.3564750000000005
Ntot
2
1 3 -0.2547078827539899
3 2 20.336268799516187
393 3 3
Id
3
1 1 1.0
2 2 1.0
3 3 -0.967018042470251
Nupdn
1
1 2 5.3564750000000005
Ntot
2
1 3 0.2547078827539583
3 2 -20.336268799518894
394 3 3
Id
3
1 1 1.0
2 2 1.0
3 3 -0.9670180424702586
Nupdn
1
1 2 5.3564750000000005
Ntot
2
1 3 -0.25470788275392897
3 2 20.33626879952141
395 3 3
Id
3
1 1 1.0
2 2 1.0
3 3 -0.9670180424702659
Nupdn
1
1 2 5.3564750000000005
Ntot
2
1 3 0.2547078827539014
3 2 -20.336268799523737
396 3 3
Id
3
1 1 1.0
2 2 1.0
3 3 -0.9670180424702726
Nupdn
1
1 2 5.3564750000000005
Ntot
2
1 3 -0.25470788275387574
3 2 20.336268799525953
397 3 3
Id
3
1 1 1.0
2 2 1.0
3 3 -0.967018042470279
Nupdn
1
1 2 5.3564750000000005
Ntot
2
1 3 0.25470788275385176
3 2 -20.336268799527993
398 3 3
Id
3
1 1 1.0
2 2 1.0
3 3 -0.967018042470285
Nupdn
1
1 2 5.3564750000000005
Ntot
2
1 3 -0.2547078827538291
3 2 20.336268799529915
399 3 3
Id
3
1 1 1.0
2 2 1.0
3 3 -0.9670180424702903
Nupdn
1
1 2 5.3564750000000005
Ntot
2
1 3 0.2547078827538079
3 2 -20.336268799531712
400 3 3
Id
3
1 1 1.0
2 2 1.0
3 3 -0.9670180424702957
Nupdn
1
1 2 5.3564750000000005
Ntot
2
1 3 -0.2547078827537885
3 2 20.33626879953341
401 3 3
Id
3
1 1 1.0
2 2 1.0
3 3 -0.9670180424703005
Nupdn
1
1 2 5.3564750000000005
Ntot
2
1 3 0.2547078827537698
3 2 -20.33626879953499
402 3 3
Id
3
1 1 1.0
2 2 1.0
3 3 -0.9670180424703052
Nupdn
1
1 2 5.3564750000000005
Ntot
2
1 3 -0.2547078827537525
3 2 20.336268799536448
403 3 3
Id
3
1 1 1.0
2 2 1.0
3 3 -0.9670180424703092
Nupdn
1
1 2 5.3564750000000005
Ntot
2
1 3 0.25470788275373657
3 2 -20.336268799537823
404 3 3
Id
3
1 1 1.0
2 2 1.0
3 3 -0.9670180424703136
Nupdn
1
1 2 5.3564750000000005
Ntot
2
1 3 -0.2547078827537214
3 2 20.336268799539084
405 3 3
Id
3
1 1 1.0
2 2 1.0
3 3 -0.967018042470317
Nupdn
1
1 2 5.3564750000000005
Ntot
2
1 3 0.25470788275370776
3 2 -20.33626879954029
406 3 3
Id
3
1 1 1.0
2 2 1.0
3 3 -0.9670180424703203
Nupdn
1
1 2 5.3564750000000005
Ntot
2
1 3 -0.2547078827536944
3 2 20.336268799541408
407 3 3
Id
3
1 1 1.0
2 2 1.0
3 3 -0.9670180424703236
Nupdn
1
1 2 5.3564750000000005
Ntot
2
1 3 0.2547078827536822
3 2 -20.336268799542477
408 3 3
Id
3
1 1 1.0
2 2 1.0
3 3 -0.9670180424703263
Nupdn
1
1 2 5.3564750000000005
Ntot
2
1 3 -0.25470788275367073
3 2 20.33626879954344
409 3 3
Id
3
1 1 1.0
2 2 1.0
3 3 -0.9670180424703292
Nupdn
1
1 2 5.3564750000000005
Ntot
2
1 3 0.2547078827536598
3 2 -20.336268799544378
410 3 3
Id
3
1 1 1.0
2 2 1.0
3 3 -0.9670180424703321
Nupdn
1
1 2 5.3564750000000005
Ntot
2
1 3 -0.25470788275364986
3 2 20.33626879954522
411 3 3
Id
3
1 1 1.0
2 2 1.0
3 3 -0.9670180424703347
Nupdn
1
1 2 5.3564750000000005
Ntot
2
1 3 0.25470788275364065
3 2 -20.336268799546016
412 3 3
Id
3
1 1 1.0
2 2 1.0
3 3 -0.967018042470337
Nupdn
1
1 2 5.3564750000000005
Ntot
2
1 3 -0.2547078827536316
3 2 20.33626879954679
413 3 3
Id
3
1 1 1.0
2 2 1.0
3 3 -0.9670180424703392
Nupdn
1
1 2 5.3564750000000005
Ntot
2
1 3 0.25470788275362344
3 2 -20.33626879954748
414 3 3
Id
3
1 1 1.0
2 2 1.0
3 3 -0.967018042470341
Nupdn
1
1 2 5.3564750000000005
Ntot
2
1 3 -0.2547078827536158
3 2 20.33626879954813
415 3 3
Id
3
1 1 1.0
2 2 1.0
3 3 -0.967018042470343
Nupdn
1
1 2 5.3564750000000005
Ntot
2
1 3 0.25470788275360856
3 2 -20.336268799548765
416 3 3
Id
3
1 1 1.0
2 2 1.0
3 3 -0.9670180424703447
Nupdn
1
1 2 5.3564750000000005
Ntot
2
1 3 -0.2547078827536021
3 2 20.33626879954932
417 3 3
Id
3
1 1 1.0
2 2 1.0
3 3 -0.9670180424703463
Nupdn
1
1 2 5.3564750000000005
Ntot
2
1 3 0.2547078827535957
3 2 -20.336268799549853
418 3 3
Id
3
1 1 1.0
2 2 1.0
3 3 -0.9670180424703481
Nupdn
1
1 2 5.3564750000000005
Ntot
2
1 3 -0.2547078827535895
3 2 20.336268799550375
419 3 3
Id
3
1 1 1.0
2 2 1.0
3 3 -0.9670180424703494
Nupdn
1
1 2 5.3564750000000005
Ntot
2
1 3 0.25470788275358425
3 2 -20.33626879955083
420 3 3
Id
3
1 1 1.0
2 2 1.0
3 3 -0.9670180424703507
Nupdn
1
1 2 5.3564750000000005
Ntot
2
1 3 -0.25470788275357903
3 2 20.336268799551288
421 3 3
Id
3
1 1 1.0
2 2 1.0
3 3 -0.9670180424703521
Nupdn
1
1 2 5.3564750000000005
Ntot
2
1 3 0.2547078827535742
3 2 -20.336268799551693
422 3 3
Id
3
1 1 1.0
2 2 1.0
3 3 -0.9670180424703534
Nupdn
1
1 2 5.3564750000000005
Ntot
2
1 3 -0.25470788275356965
3 2 20.33626879955206
423 3 3
Id
3
1 1 1.0
2 2 1.0
3 3 -0.9670180424703543
Nupdn
1
1 2 5.3564750000000005
Ntot
2
1 3 0.2547078827535657
3 2 -20.33626879955242
424 3 3
Id
3
1 1 1.0
2 2 1.0
3 3 -0.9670180424703554
Nupdn
1
1 2 5.3564750000000005
Ntot
2
1 3 -0.25470788275356127
3 2 20.33626879955276
425 3 3
Id
3
1 1 1.0
2 2 1.0
3 3 -0.9670180424703565
Nupdn
1
1 2 5.3564750000000005
Ntot
2
1 3 0.25470788275355777
3 2 -20.336268799553093
426 3 3
Id
3
1 1 1.0
2 2 1.0
3 3 -0.9670180424703569
Nupdn
1
1 2 5.3564750000000005
Ntot
2
1 3 -0.25470788275355444
3 2 20.33626879955339
427 3 3
Id
3
1 1 1.0
2 2 1.0
3 3 -0.9670180424703583
Nupdn
1
1 2 5.3564750000000005
Ntot
2
1 3 0.25470788275355105
3 2 -20.336268799553654
428 3 3
Id
3
1 1 1.0
2 2 1.0
3 3 -0.9670180424703587
Nupdn
1
1 2 5.3564750000000005
Ntot
2
1 3 -0.2547078827535484
3 2 20.336268799553885
429 3 3
Id
3
1 1 1.0
2 2 1.0
3 3 -0.9670180424703594
Nupdn
1
1 2 5.3564750000000005
Ntot
2
1 3 0.2547078827535454
3 2 -20.336268799554144
430 3 3
Id
3
1 1 1.0
2 2 1.0
3 3 -0.9670180424703605
Nupdn
1
1 2 5.3564750000000005
Ntot
2
1 3 -0.2547078827535427
3 2 20.336268799554375
431 3 3
Id
3
1 1 1.0
2 2 1.0
3 3 -0.9670180424703612
Nupdn
1
1 2 5.3564750000000005
Ntot
2
1 3 0.2547078827535404
3 2 -20.33626879955459
432 3 3
Id
3
1 1 1.0
2 2 1.0
3 3 -0.9670180424703616
Nupdn
1
1 2 5.3564750000000005
Ntot
2
1 3 -0.25470788275353806
3 2 20.336268799554766
433 3 3
Id
3
1 1 1.0
2 2 1.0
3 3 -0.9670180424703618
Nupdn
1
1 2 5.3564750000000005
Ntot
2
1 3 0.25470788275353573
3 2 -20.336268799554944
434 3 3
Id
3
1 1 1.0
2 2 1.0
3 3 -0.9670180424703627
Nupdn
1
1 2 5.3564750000000005
Ntot
2
1 3 -0.2547078827535338
3 2 20.336268799555143
435 3 3
Id
3
1 1 1.0
2 2 1.0
3 3 -0.9670180424703632
Nupdn
1
1 2 5.3564750000000005
Ntot
2
1 3 0.2547078827535319
3 2 -20.336268799555295
436 3 3
Id
3
1 1 1.0
2 2 1.0
3 3 -0.9670180424703638
Nupdn
1
1 2 5.3564750000000005
Ntot
2
1 3 -0.2547078827535301
3 2 20.336268799555434
437 3 3
Id
3
1 1 1.0
2 2 1.0
3 3 -0.9670180424703643
Nupdn
1
1 2 5.3564750000000005
Ntot
2
1 3 0.25470788275352846
3 2 -20.336268799555597
438 3 3
Id
3
1 1 1.0
2 2 1.0
3 3 -0.9670180424703643
Nupdn
1
1 2 5.3564750000000005
Ntot
2
1 3 -0.25470788275352696
3 2 20.33626879955572
439 3 3
Id
3
1 1 1.0
2 2 1.0
3 3 -0.9670180424703649
Nupdn
1
1 2 5.3564750000000005
Ntot
2
1 3 0.2547078827535254
3 2 -20.336268799555835
440 3 3
Id
3
1 1 1.0
2 2 1.0
3 3 -0.9670180424703649
Nupdn
1
1 2 5.3564750000000005
Ntot
2
1 3 -0.2547078827535241
3 2 20.336268799555945
441 3 3
Id
3
1 1 1.0
2 2 1.0
3 3 -0.9670180424703656
Nupdn
1
1 2 5.3564750000000005
Ntot
2
1 3 0.2547078827535228
3 2 -20.336268799556066
442 3 3
Id
3
1 1 1.0
2 2 1.0
3 3 -0.9670180424703658
Nupdn
1
1 2 5.3564750000000005
Ntot
2
1 3 -0.25470788275352185
3 2 20.33626879955618
443 3 3
Id
3
1 1 1.0
2 2 1.0
3 3 -0.9670180424703663
Nupdn
1
1 2 5.3564750000000005
Ntot
2
1 3 0.2547078827535205
3 2 -20.33626879955625
444 3 3
Id
3
1 1 1.0
2 2 1.0
3 3 -0.9670180424703663
Nupdn
1
1 2 5.3564750000000005
Ntot
2
1 3 -0.25470788275351963
3 2 20.33626879955635
445 3 3
Id
3
1 1 1.0
2 2 1.0
3 3 -0.9670180424703665
Nupdn
1
1 2 5.3564750000000005
Ntot
2
1 3 0.2547078827535187
3 2 -20.336268799556446
446 3 3
Id
3
1 1 1.0
2 2 1.0
3 3 -0.9670180424703669
Nupdn
1
1 2 5.3564750000000005
Ntot
2
1 3 -0.25470788275351786
3 2 20.336268799556525
447 3 3
Id
3
1 1 1.0
2 2 1.0
3 3 -0.9670180424703672
Nupdn
1
1 2 5.3564750000000005
Ntot
2
1 3 0.2547078827535168
3 2 -20.336268799556567
448 3 3
Id
3
1 1 1.0
2 2 1.0
3 3 -0.9670180424703674
Nupdn
1
1 2 5.3564750000000005
Ntot
2
1 3 -0.2547078827535162
3 2 20.336268799556635
449 3 3
Id
3
1 1 1.0
2 2 1.0
3 3 -0.9670180424703678
Nupdn
1
1 2 5.3564750000000005
Ntot
2
1 3 0.2547078827535154
3 2 -20.336268799556734
450 3 3
Id
3
1 1 1.0
2 2 1.0
3 3 -0.9670180424703678
Nupdn
1
1 2 5.3564750000000005
Ntot
2
1 3 -0.2547078827535148
3 2 20.33626879955678
451 3 3
Id
3
1 1 1.0
2 2 1.0
3 3 -0.9670180424703678
Nupdn
1
1 2 5.3564750000000005
Ntot
2
1 3 0.2547078827535141
3 2 -20.336268799556837
452 3 3
Id
3
1 1 1.0
2 2 1.0
3 3 -0.9670180424703683
Nupdn
1
1 2 5.3564750000000005
Ntot
2
1 3 -0.2547078827535136
3 2 20.33626879955687
453 3 3
Id
3
1 1 1.0
2 2 1.0
3 3 -0.9670180424703683
Nupdn
1
1 2 5.3564750000000005
Ntot
2
1 3 0.2547078827535129
3 2 -20.33626879955691
454 3 3
Id
3
1 1 1.0
2 2 1.0
3 3 -0.9670180424703683
Nupdn
1
1 2 5.3564750000000005
Ntot
2
1 3 -0.2547078827535123
3 2 20.33626879955696
455 3 3
Id
3
1 1 1.0
2 2 1.0
3 3 -0.9670180424703685
Nupdn
1
1 2 5.3564750000000005
Ntot
2
1 3 0.25470788275351197
3 2 -20.336268799557
456 3 3
Id
3
1 1 1.0
2 2 1.0
3 3 -0.9670180424703683
Nupdn
1
1 2 5.3564750000000005
Ntot
2
1 3 -0.25470788275351164
3 2 20.33626879955706
457 3 3
Id
3
1 1 1.0
2 2 1.0
3 3 -0.9670180424703687
Nupdn
1
1 2 5.3564750000000005
Ntot
2
1 3 0.25470788275351086
3 2 -20.336268799557082
458 3 3
Id
3
1 1 1.0
2 2 1.0
3 3 -0.9670180424703687
Nupdn
1
1 2 5.3564750000000005
Ntot
2
1 3 -0.2547078827535108
3 2 20.33626879955711
459 3 3
Id
3
1 1 1.0
2 2 1.0
3 3 -0.9670180424703692
Nupdn
1
1 2 5.3564750000000005
Ntot
2
1 3 0.25470788275351036
3 2 -20.33626879955716
460 3 3
Id
3
1 1 1.0
2 2 1.0
3 3 -0.9670180424703687
Nupdn
1
1 2 5.3564750000000005
Ntot
2
1 3 -0.2547078827535099
3 2 20.336268799557146
461 3 3
Id
3
1 1 1.0
2 2 1.0
3 3 -0.9670180424703689
Nupdn
1
1 2 5.3564750000000005
Ntot
2
1 3 0.2547078827535095
3 2 -20.33626879955721
462 3 3
Id
3
1 1 1.0
2 2 1.0
3 3 -0.9670180424703692
Nupdn
1
1 2 5.3564750000000005
Ntot
2
1 3 -0.254707882753509
3 2 20.33626879955726
463 3 3
Id
3
1 1 1.0
2 2 1.0
3 3 -0.9670180424703692
Nupdn
1
1 2 5.3564750000000005
Ntot
2
1 3 0.254707882753509
3 2 -20.336268799557246
464 3 3
Id
3
1 1 1.0
2 2 1.0
3 3 -0.9670180424703689
Nupdn
1
1 2 5.3564750000000005
Ntot
2
1 3 -0.2547078827535083
3 2 20.336268799557285
465 3 3
Id
3
1 1 1.0
2 2 1.0
3 3 -0.9670180424703692
Nupdn
1
1 2 5.3564750000000005
Ntot
2
1 3 0.25470788275350836
3 2 -20.3362687995573
466 3 3
Id
3
1 1 1.0
2 2 1.0
3 3 -0.9670180424703694
Nupdn
1
1 2 5.3564750000000005
Ntot
2
1 3 -0.2547078827535081
3 2 20.33626879955734
467 3 3
Id
3
1 1 1.0
2 2 1.0
3 3 -0.9670180424703694
Nupdn
1
1 2 5.3564750000000005
Ntot
2
1 3 0.2547078827535081
3 2 -20.33626879955734
468 3 3
Id
3
1 1 1.0
2 2 1.0
3 3 -0.9670180424703696
Nupdn
1
1 2 5.3564750000000005
Ntot
2
1 3 -0.25470788275350753
3 2 20.33626879955737
469 3 3
Id
3
1 1 1.0
2 2 1.0
3 3 -0.9670180424703696
Nupdn
1
1 2 5.3564750000000005
Ntot
2
1 3 0.25470788275350753
3 2 -20.336268799557367
470 3 3
Id
3
1 1 1.0
2 2 1.0
3 3 -0.9670180424703698
Nupdn
1
1 2 5.3564750000000005
Ntot
2
1 3 -0.2547078827535073
3 2 20.33626879955739
471 3 3
Id
3
1 1 1.0
2 2 1.0
3 3 -0.9670180424703694
Nupdn
1
1 2 5.3564750000000005
Ntot
2
1 3 0.2547078827535073
3 2 -20.33626879955739
472 3 3
Id
3
1 1 1.0
2 2 1.0
3 3 -0.9670180424703696
Nupdn
1
1 2 5.3564750000000005
Ntot
2
1 3 -0.25470788275350686
3 2 20.33626879955743
473 3 3
Id
3
1 1 1.0
2 2 1.0
3 3 -0.9670180424703698
Nupdn
1
1 2 5.3564750000000005
Ntot
2
1 3 0.25470788275350686
3 2 -20.33626879955742
474 3 3
Id
3
1 1 1.0
2 2 1.0
3 3 -0.9670180424703698
Nupdn
1
1 2 5.3564750000000005
Ntot
2
1 3 -0.2547078827535065
3 2 20.336268799557462
475 3 3
Id
3
1 1 1.0
2 2 1.0
3 3 -0.9670180424703698
Nupdn
1
1 2 5.3564750000000005
Ntot
2
1 3 0.2547078827535067
3 2 -20.33626879955746
476 3 3
Id
3
1 1 1.0
2 2 1.0
3 3 -0.96701804247037
Nupdn
1
1 2 5.3564750000000005
Ntot
2
1 3 -0.2547078827535065
3 2 20.33626879955746
477 3 3
Id
3
1 1 1.0
2 2 1.0
3 3 -0.9670180424703698
Nupdn
1
1 2 5.3564750000000005
Ntot
2
1 3 0.2547078827535065
3 2 -20.336268799557477
478 3 3
Id
3
1 1 1.0
2 2 1.0
3 3 -0.96701804247037
Nupdn
1
1 2 5.3564750000000005
Ntot
2
1 3 -0.25470788275350614
3 2 20.336268799557477
479 3 3
Id
3
1 1 1.0
2 2 1.0
3 3 -0.96701804247037
Nupdn
1
1 2 5.3564750000000005
Ntot
2
1 3 0.2547078827535063
3 2 -20.33626879955748
480 3 3
Id
3
1 1 1.0
2 2 1.0
3 3 -0.96701804247037
Nupdn
1
1 2 5.3564750000000005
Ntot
2
1 3 -0.25470788275350603
3 2 20.336268799557505
481 3 3
Id
3
1 1 1.0
2 2 1.0
3 3 -0.96701804247037
Nupdn
1
1 2 5.3564750000000005
Ntot
2
1 3 0.25470788275350603
3 2 -20.336268799557487
482 3 3
Id
3
1 1 1.0
2 2 1.0
3 3 -0.9670180424703698
Nupdn
1
1 2 5.3564750000000005
Ntot
2
1 3 -0.2547078827535058
3 2 20.33626879955752
483 3 3
Id
3
1 1 1.0
2 2 1.0
3 3 -0.96701804247037
Nupdn
1
1 2 5.3564750000000005
Ntot
2
1 3 0.25470788275350587
3 2 -20.33626879955752
484 3 3
Id
3
1 1 1.0
2 2 1.0
3 3 -0.9670180424703698
Nupdn
1
1 2 5.3564750000000005
Ntot
2
1 3 -0.25470788275350575
3 2 20.33626879955755
485 3 3
Id
3
1 1 1.0
2 2 1.0
3 3 -0.96701804247037
Nupdn
1
1 2 5.3564750000000005
Ntot
2
1 3 0.25470788275350575
3 2 -20.33626879955753
486 3 3
Id
3
1 1 1.0
2 2 1.0
3 3 -0.96701804247037
Nupdn
1
1 2 5.3564750000000005
Ntot
2
1 3 -0.25470788275350553
3 2 20.336268799557534
487 3 3
Id
3
1 1 1.0
2 2 1.0
3 3 -0.96701804247037
Nupdn
1
1 2 5.3564750000000005
Ntot
2
1 3 0.2547078827535058
3 2 -20.336268799557516
488 3 3
Id
3
1 1 1.0
2 2 1.0
3 3 -0.9670180424703703
Nupdn
1
1 2 5.3564750000000005
Ntot
2
1 3 -0.2547078827535055
3 2 20.336268799557562
489 3 3
Id
3
1 1 1.0
2 2 1.0
3 3 -0.96701804247037
Nupdn
1
1 2 5.3564750000000005
Ntot
2
1 3 0.25470788275350525
3 2 -20.33626879955757
490 3 3
Id
3
1 1 1.0
2 2 1.0
3 3 -0.9670180424703703
Nupdn
1
1 2 5.3564750000000005
Ntot
2
1 3 -0.25470788275350553
3 2 20.336268799557537
491 3 3
Id
3
1 1 1.0
2 2 1.0
3 3 -0.96701804247037
Nupdn
1
1 2 5.3564750000000005
Ntot
2
1 3 0.25470788275350537
3 2 -20.336268799557555
492 3 3
Id
3
1 1 1.0
2 2 1.0
3 3 -0.9670180424703703
Nupdn
1
1 2 5.3564750000000005
Ntot
2
1 3 -0.2547078827535055
3 2 20.33626879955755
493 3 3
Id
3
1 1 1.0
2 2 1.0
3 3 -0.96701804247037
Nupdn
1
1 2 5.3564750000000005
Ntot
2
1 3 0.2547078827535053
3 2 -20.33626879955756
494 3 3
Id
3
1 1 1.0
2 2 1.0
3 3 -0.96701804247037
Nupdn
1
1 2 5.3564750000000005
Ntot
2
1 3 -0.25470788275350537
3 2 20.336268799557566
495 3 3
Id
3
1 1 1.0
2 2 1.0
3 3 -0.96701804247037
Nupdn
1
1 2 5.3564750000000005
Ntot
2
1 3 0.25470788275350514
3 2 -20.33626879955759
496 3 3
Id
3
1 1 1.0
2 2 1.0
3 3 -0.9670180424703703
Nupdn
1
1 2 5.3564750000000005
Ntot
2
1 3 -0.2547078827535055
3 2 20.336268799557573
497 3 3
Id
3
1 1 1.0
2 2 1.0
3 3 -0.96701804247037
Nupdn
1
1 2 5.3564750000000005
Ntot
2
1 3 0.25470788275350525
3 2 -20.33626879955759
498 3 3
Id
3
1 1 1.0
2 2 1.0
3 3 -0.9670180424703698
Nupdn
1
1 2 5.3564750000000005
Ntot
2
1 3 -0.2547078827535053
3 2 20.336268799557566
499 3 3
Id
3
1 1 1.0
2 2 1.0
3 3 -0.9670180424703703
Nupdn
1
1 2 5.3564750000000005
Ntot
2
1 3 0.25470788275350503
3 2 -20.336268799557576
500 3 3
Id
3
1 1 1.0
2 2 1.0
3 3 -0.9670180424703698
Nupdn
1
1 2 5.3564750000000005
Ntot
2
1 3 -0.25470788275350525
3 2 20.336268799557566
501 3 3
Id
3
1 1 1.0
2 2 1.0
3 3 -0.9670180424703703
Nupdn
1
1 2 5.3564750000000005
Ntot
2
1 3 0.25470788275350503
3 2 -20.33626879955758
502 3 3
Id
3
1 1 1.0
2 2 1.0
3 3 -0.9670180424703703
Nupdn
1
1 2 5.3564750000000005
Ntot
2
1 3 -0.25470788275350514
3 2 20.336268799557594
503 3 3
Id
3
1 1 1.0
2 2 1.0
3 3 -0.9670180424703705
Nupdn
1
1 2 5.3564750000000005
Ntot
2
1 3 0.25470788275350503
3 2 -20.33626879955761
504 3 3
Id
3
1 1 1.0
2 2 1.0
3 3 -0.9670180424703705
Nupdn
1
1 2 5.3564750000000005
Ntot
2
1 3 -0.2547078827535052
3 2 20.336268799557583
505 3 3
Id
3
1 1 1.0
2 2 1.0
3 3 -0.96701804247037
Nupdn
1
1 2 5.3564750000000005
Ntot
2
1 3 0.254707882753505
3 2 -20.3362687995576
506 3 3
Id
3
1 1 1.0
2 2 1.0
3 3 -0.96701804247037
Nupdn
1
1 2 5.3564750000000005
Ntot
2
1 3 -0.25470788275350537
3 2 20.33626879955755
507 3 3
Id
3
1 1 1.0
2 2 1.0
3 3 -0.9670180424703703
Nupdn
1
1 2 5.3564750000000005
Ntot
2
1 3 0.254707882753505
3 2 -20.336268799557583
508 3 3
Id
3
1 1 1.0
2 2 1.0
3 3 -0.9670180424703703
Nupdn
1
1 2 5.3564750000000005
Ntot
2
1 3 -0.2547078827535052
3 2 20.336268799557583
509 3 3
Id
3
1 1 1.0
2 2 1.0
3 3 -0.96701804247037
Nupdn
1
1 2 5.3564750000000005
Ntot
2
1 3 0.25470788275350503
3 2 -20.336268799557576
510 3 3
Id
3
1 1 1.0
2 2 1.0
3 3 -0.9670180424703703
Nupdn
1
1 2 5.3564750000000005
Ntot
2
1 3 -0.25470788275350525
3 2 20.33626879955759
511 3 3
Id
3
1 1 1.0
2 2 1.0
3 3 -0.9670180424703703
Nupdn
1
1 2 5.3564750000000005
Ntot
2
1 3 0.25470788275350503
3 2 -20.336268799557605
512 3 3
Id
3
1 1 1.0
2 2 1.0
3 3 -0.96701804247037
Nupdn
1
1 2 5.3564750000000005
Ntot
2
1 3 -0.25470788275350514
3 2 20.336268799557566
513 3 1
Id
1
2 1 1.0
Nupdn
1
1 1 5.3564750000000005
Ntot
1
3 1 -20.336268799557597
