513
1 1 3
Id
1
1 1 1.0
Nupdn
1
1 2 1392.6835
Ntot
1
1 3 1.0
2 3 3
Id
3
1 1 1.0
2 2 1.0
3 3 -0.6951526607369996
Nupdn
1
1 2 1392.6835
Ntot
2
1 3 -0.7188621413527562
3 2 1346.750071950785
3 3 3
Id
3
1 1 1.0
2 2 1.0
3 3 -0.8025428276211648
Nupdn
1
1 2 1392.6835
Ntot
2
1 3 0.5965945103953151
3 2 -1873.446930195085
4 3 3
Id
3
1 1 1.0
2 2 1.0
3 3 -0.8510659796103741
Nupdn
1
1 2 1392.6835
Ntot
2
1 3 -0.5250587570451846
3 2 2257.396017704563
5 3 3
Id
3
1 1 1.0
2 2 1.0
3 3 -0.8788129971899845
Nupdn
1
1 2 1392.6835
Ntot
2
1 3 0.47716633993813545
3 2 -2564.9511676173984
6 3 3
Id
3
1 1 1.0
2 2 1.0
3 3 -0.89676757627927
Nupdn
1
1 2 1392.6835
Ntot
2
1 3 -0.4425018803736365
3 2 2822.3911856930104
7 3 3
Id
3
1 1 1.0
2 2 1.0
3 3 -0.9093192133378396
Nupdn
1
1 2 1392.6835
Ntot
2
1 3 0.41609922885611395
3 2 -3043.4900543555386
8 3 3
Id
3
1 1 1.0
2 2 1.0
3 3 -0.9185721315563797
Nupdn
1
1 2 1392.6835
Ntot
2
1 3 -0.3952533859791325
3 2 3236.6079496304246
9 3 3
Id
3
1 1 1.0
2 2 1.0
3 3 -0.925662612971538
Nupdn
1
1 2 1392.6835
Ntot
2
1 3 0.37835000587644374
3 2 -3407.3081211298945
10 3 3
Id
3
1 1 1.0
2 2 1.0
3 3 -0.9312585821981718
Nupdn
1
1 2 1392.6835
Ntot
2
1 3 -0.36435896185252675
3 2 3559.5349571385786
11 3 3
Id
3
1 1 1.0
2 2 1.0
3 3 -0.9357785299591383
Nupdn
1
1 2 1392.6835
Ntot
2
1 3 0.3525883476059781
3 2 -3696.217776841398
12 3 3
Id
3
1 1 1.0
2 2 1.0
3 3 -0.9394980749734234
Nupdn
1
1 2 1392.6835
Ntot
2
1 3 -0.3425541812928751
3 2 3819.6102653278767
13 3 3
Id
3
1 1 1.0
2 2 1.0
3 3 -0.9426061727554789
Nupdn
1
1 2 1392.6835
Ntot
2
1 3 0.33390657837674964
3 2 -3931.4950612129555
14 3 3
Id
3
1 1 1.0
2 2 1.0
3 3 -0.945236713713967
Nupdn
1
1 2 1392.6835
Ntot
2
1 3 -0.32638559258524324
3 2 4033.313984102578
15 3 3
Id
3
1 1 1.0
2 2 1.0
3 3 -0.9474872311416327
Nupdn
1
1 2 1392.6835
Ntot
2
1 3 0.31979360034803983
3 2 -4126.254658740951
16 3 3
Id
3
1 1 1.0
2 2 1.0
3 3 -0.9494304650159455
Nupdn
1
1 2 1392.6835
Ntot
2
1 3 -0.3139773751396844
3 2 4211.310265387062
17 3 3
Id
3
1 1 1.0
2 2 1.0
3 3 -0.9511217748337801
Nupdn
1
1 2 1392.6835
Ntot
2
1 3 0.3088160770378372
3 2 -4289.322029498573
18 3 3
Id
3
1 1 1.0
2 2 1.0
3 3 -0.9526040420945872
Nupdn
1
1 2 1392.6835
Ntot
2
1 3 -0.3042129829330983
3 2 4361.010232591548
19 3 3
Id
3
1 1 1.0
2 2 1.0
3 3 -0.9539110014447922
Nupdn
1
1 2 1392.6835
Ntot
2
1 3 0.3000896554741492
3 2 -4426.997358777942
20 3 3
Id
3
1 1 1.0
2 2 1.0
3 3 -0.9550695583685054
Nupdn
1
1 2 1392.6835
Ntot
2
1 3 -0.29638174484571106
3 2 4487.82571269539
21 3 3
Id
3
1 1 1.0
2 2 1.0
3 3 -0.9561014358359412
Nupdn
1
1 2 1392.6835
Ntot
2
1 3 0.29303590973198296
3 2 -4543.971062225405
22 3 3
Id
3
1 1 1.0
2 2 1.0
3 3 -0.9570243661748483
Nupdn
1
1 2 1392.6835
Ntot
2
1 3 -0.2900075215363043
3 2 4595.853365488738
23 3 3
Id
3
1 1 1.0
2 2 1.0
3 3 -0.9578529682713326
Nupdn
1
1 2 1392.6835
Ntot
2
1 3 0.28725892705675465
3 2 -4643.845321033141
24 3 3
Id
3
1 1 1.0
2 2 1.0
3 3 -0.9585994029512397
Nupdn
1
1 2 1392.6835
Ntot
2
1 3 -0.28475811605909707
3 2 4688.279266895352
25 3 3
Id
3
1 1 1.0
2 2 1.0
3 3 -0.9592738693451361
Nupdn
1
1 2 1392.6835
Ntot
2
1 3 0.2824776868915672
3 2 -4729.452809244211
26 3 3
Id
3
1 1 1.0
2 2 1.0
3 3 -0.9598849855071474
Nupdn
1
1 2 1392.6835
Ntot
2
1 3 -0.28039403452631284
3 2 4767.633460789962
27 3 3
Id
3
1 1 1.0
2 2 1.0
3 3 -0.9604400836043572
Nupdn
1
1 2 1392.6835
Ntot
2
1 3 0.27848670669540937
3 2 -4803.062498194497
28 3 3
Id
3
1 1 1.0
2 2 1.0
3 3 -0.9609454412454366
Nupdn
1
1 2 1392.6835
Ntot
2
1 3 -0.2767378885328382
3 2 4835.958196826154
29 3 3
Id
3
1 1 1.0
2 2 1.0
3 3 -0.9614064645102938
Nupdn
1
1 2 1392.6835
Ntot
2
1 3 0.27513198650432796
3 2 -4866.518564157434
30 3 3
Id
3
1 1 1.0
2 2 1.0
3 3 -0.9618278340544775
Nupdn
1
1 2 1392.6835
Ntot
2
1 3 -0.27365528980465953
3 2 4894.923665771594
31 3 3
Id
3
1 1 1.0
2 2 1.0
3 3 -0.9622136227007756
Nupdn
1
1 2 1392.6835
Ntot
2
1 3 0.2722956927478835
3 2 -4921.337617526501
32 3 3
Id
3
1 1 1.0
2 2 1.0
3 3 -0.9625673908092272
Nupdn
1
1 2 1392.6835
Ntot
2
1 3 -0.27104246558559164
3 2 4945.9103019955965
33 3 3
Id
3
1 1 1.0
2 2 1.0
3 3 -0.962892264178911
Nupdn
1
1 2 1392.6835
Ntot
2
1 3 0.269886064079659
3 2 -4968.77885552403
34 3 3
Id
3
1 1 1.0
2 2 1.0
3 3 -0.9631909981073394
Nupdn
1
1 2 1392.6835
Ntot
2
1 3 -0.26881797031632254
3 2 4990.068963150619
35 3 3
Id
3
1 1 1.0
2 2 1.0
3 3 -0.9634660303980076
Nupdn
1
1 2 1392.6835
Ntot
2
1 3 0.2678305588783801
3 2 -5009.895991573945
36 3 3
Id
3
1 1 1.0
2 2 1.0
3 3 -0.9637195254817479
Nupdn
1
1 2 1392.6835
Ntot
2
1 3 -0.2669169837332096
3 2 5028.365984787923
37 3 3
Id
3
1 1 1.0
2 2 1.0
3 3 -0.9639534113457626
Nupdn
1
1 2 1392.6835
Ntot
2
1 3 0.2660710821469831
3 2 -5045.576542618578
38 3 3
Id
3
1 1 1.0
2 2 1.0
3 3 -0.964169410604979
Nupdn
1
1 2 1392.6835
Ntot
2
1 3 -0.26528729267276974
3 2 5061.6175988896575
39 3 3
Id
3
1 1 1.0
2 2 1.0
3 3 -0.9643690667746132
Nupdn
1
1 2 1392.6835
Ntot
2
1 3 0.26456058483504585
3 2 -5076.5721131316905
40 3 3
Id
3
1 1 1.0
2 2 1.0
3 3 -0.9645537665895467
Nupdn
1
1 2 1392.6835
Ntot
2
1 3 -0.2638863985845394
3 2 5090.516687474392
41 3 3
Id
3
1 1 1.0
2 2 1.0
3 3 -0.9647247590499508
Nupdn
1
1 2 1392.6835
Ntot
2
1 3 0.26326059195408347
3 2 -5103.522118512447
42 3 3
Id
3
1 1 1.0
2 2 1.0
3 3 -0.9648831717422919
Nupdn
1
1 2 1392.6835
Ntot
2
1 3 -0.26267939562998655
3 2 5115.653892420319
43 3 3
Id
3
1 1 1.0
2 2 1.0
3 3 -0.9650300248819708
Nupdn
1
1 2 1392.6835
Ntot
2
1 3 0.2621393733804651
3 2 -5126.972630346068
44 3 3
Id
3
1 1 1.0
2 2 1.0
3 3 -0.9651662434421604
Nupdn
1
1 2 1392.6835
Ntot
2
1 3 -0.2616373874654543
3 2 5137.53449008262
45 3 3
Id
3
1 1 1.0
2 2 1.0
3 3 -0.9652926676681539
Nupdn
1
1 2 1392.6835
Ntot
2
1 3 0.26117056829991153
3 2 -5147.3915291583
46 3 3
Id
3
1 1 1.0
2 2 1.0
3 3 -0.9654100622241262
Nupdn
1
1 2 1392.6835
Ntot
2
1 3 -0.2607362877629595
3 2 5156.59203377106
47 3 3
Id
3
1 1 1.0
2 2 1.0
3 3 -0.9655191241769046
Nupdn
1
1 2 1392.6835
Ntot
2
1 3 0.2603321356434187
3 2 -5165.1808173902655
48 3 3
Id
3
1 1 1.0
2 2 1.0
3 3 -0.9656204899870136
Nupdn
1
1 2 1392.6835
Ntot
2
1 3 -0.25995589879292924
3 2 5173.199492341776
49 3 3
Id
3
1 1 1.0
2 2 1.0
3 3 -0.9657147416492804
Nupdn
1
1 2 1392.6835
Ntot
2
1 3 0.25960554262431135
3 2 -5180.686717263364
50 3 3
Id
3
1 1 1.0
2 2 1.0
3 3 -0.9658024121023612
Nupdn
1
1 2 1392.6835
Ntot
2
1 3 -0.25927919464789584
3 2 5187.678422951614
51 3 3
Id
3
1 1 1.0
2 2 1.0
3 3 -0.9658839900077132
Nupdn
1
1 2 1392.6835
Ntot
2
1 3 0.2589751297842712
3 2 -5194.208018810336
52 3 3
Id
3
1 1 1.0
2 2 1.0
3 3 -0.9659599239829726
Nupdn
1
1 2 1392.6835
Ntot
2
1 3 -0.25869175723012455
3 2 5200.3065818429795
53 3 3
Id
3
1 1 1.0
2 2 1.0
3 3 -0.9660306263617815
Nupdn
1
1 2 1392.6835
Ntot
2
1 3 0.2584276086858059
3 2 -5206.003029902334
54 3 3
Id
3
1 1 1.0
2 2 1.0
3 3 -0.966096476541382
Nupdn
1
1 2 1392.6835
Ntot
2
1 3 -0.2581813277801606
3 2 5211.324280712416
55 3 3
Id
3
1 1 1.0
2 2 1.0
3 3 -0.9661578239703223
Nupdn
1
1 2 1392.6835
Ntot
2
1 3 0.25795166055083374
3 2 -5216.295398006212
56 3 3
Id
3
1 1 1.0
2 2 1.0
3 3 -0.9662149908210902
Nupdn
1
1 2 1392.6835
Ntot
2
1 3 -0.2577374468574564
3 2 5220.939725973922
57 3 3
Id
3
1 1 1.0
2 2 1.0
3 3 -0.966268274386187
Nupdn
1
1 2 1392.6835
Ntot
2
1 3 0.25753761262141817
3 2 -5225.279013086576
58 3 3
Id
3
1 1 1.0
2 2 1.0
3 3 -0.9663179492307892
Nupdn
1
1 2 1392.6835
Ntot
2
1 3 -0.2573511627997856
3 2 5229.333526246969
59 3 3
Id
3
1 1 1.0
2 2 1.0
3 3 -0.9663642691306598
Nupdn
1
1 2 1392.6835
Ntot
2
1 3 0.25717717501280263
3 2 -5233.122156119932
60 3 3
Id
3
1 1 1.0
2 2 1.0
3 3 -0.9664074688201227
Nupdn
1
1 2 1392.6835
Ntot
2
1 3 -0.2570147937545306
3 2 5236.662514407598
61 3 3
Id
3
1 1 1.0
2 2 1.0
3 3 -0.9664477655716455
Nupdn
1
1 2 1392.6835
Ntot
2
1 3 0.2568632251249172
3 2 -5239.971023757633
62 3 3
Id
3
1 1 1.0
2 2 1.0
3 3 -0.9664853606258037
Nupdn
1
1 2 1392.6835
Ntot
2
1 3 -0.2567217320290787
3 2 5243.063000925249
63 3 3
Id
3
1 1 1.0
2 2 1.0
3 3 -0.9665204404880003
Nupdn
1
1 2 1392.6835
Ntot
2
1 3 0.2565896297960646
3 2 -5245.952733749239
64 3 3
Id
3
1 1 1.0
2 2 1.0
3 3 -0.9665531781062773
Nupdn
1
1 2 1392.6835
Ntot
2
1 3 -0.2564662821749766
3 2 5248.65355244938
65 3 3
Id
3
1 1 1.0
2 2 1.0
3 3 -0.9665837339427878
Nupdn
1
1 2 1392.6835
Ntot
2
1 3 0.2563510976711783
3 2 -5251.177895704641
66 3 3
Id
3
1 1 1.0
2 2 1.0
3 3 -0.9666122569499809
Nupdn
1
1 2 1392.6835
Ntot
2
1 3 -0.2562435261895694
3 2 5253.537371929902
67 3 3
Id
3
1 1 1.0
2 2 1.0
3 3 -0.9666388854612344
Nupdn
1
1 2 1392.6835
Ntot
2
1 3 0.2561430559555784
3 2 -5255.74281613053
68 3 3
Id
3
1 1 1.0
2 2 1.0
3 3 -0.9666637480045368
Nupdn
1
1 2 1392.6835
Ntot
2
1 3 -0.25604921068775394
3 2 5257.804342680859
69 3 3
Id
3
1 1 1.0
2 2 1.0
3 3 -0.9666869640468183
Nupdn
1
1 2 1392.6835
Ntot
2
1 3 0.25596154699865703
3 2 -5259.731394341679
70 3 3
Id
3
1 1 1.0
2 2 1.0
3 3 -0.9667086446756881
Nupdn
1
1 2 1392.6835
Ntot
2
1 3 -0.2558796520032311
3 2 5261.532787805238
71 3 3
Id
3
1 1 1.0
2 2 1.0
3 3 -0.9667288932245619
Nupdn
1
1 2 1392.6835
Ntot
2
1 3 0.2558031411160035
3 2 -5263.216756030996
72 3 3
Id
3
1 1 1.0
2 2 1.0
3 3 -0.9667478058465238
Nupdn
1
1 2 1392.6835
Ntot
2
1 3 -0.2557316560203915
3 2 5264.790987613605
73 3 3
Id
3
1 1 1.0
2 2 1.0
3 3 -0.9667654720416801
Nupdn
1
1 2 1392.6835
Ntot
2
1 3 0.25566486279508066
3 2 -5266.262663404478
74 3 3
Id
3
1 1 1.0
2 2 1.0
3 3 -0.9667819751422588
Nupdn
1
1 2 1392.6835
Ntot
2
1 3 -0.2556024501839385
3 2 5267.638490590033
75 3 3
Id
3
1 1 1.0
2 2 1.0
3 3 -0.9667973927592677
Nupdn
1
1 2 1392.6835
Ntot
2
1 3 0.25554412799726456
3 2 -5268.924734413257
76 3 3
Id
3
1 1 1.0
2 2 1.0
3 3 -0.9668117971941255
Nupdn
1
1 2 1392.6835
Ntot
2
1 3 -0.25548962563334104
3 2 5270.127247710436
77 3 3
Id
3
1 1 1.0
2 2 1.0
3 3 -0.9668252558183397
Nupdn
1
1 2 1392.6835
Ntot
2
1 3 0.2554386907103186
3 2 -5271.251498421076
78 3 3
Id
3
1 1 1.0
2 2 1.0
3 3 -0.9668378314239896
Nupdn
1
1 2 1392.6835
Ntot
2
1 3 -0.25539108779939296
3 2 5272.302595216772
79 3 3
Id
3
1 1 1.0
2 2 1.0
3 3 -0.9668495825475132
Nupdn
1
1 2 1392.6835
Ntot
2
1 3 0.25534659725106884
3 2 -5273.285311383475
80 3 3
Id
3
1 1 1.0
2 2 1.0
3 3 -0.9668605637690453
Nupdn
1
1 2 1392.6835
Ntot
2
1 3 -0.25530501410705597
3 2 5274.204107081166
81 3 3
Id
3
1 1 1.0
2 2 1.0
3 3 -0.9668708259893395
Nupdn
1
1 2 1392.6835
Ntot
2
1 3 0.2552661470910173
3 2 -5275.0631500956715
82 3 3
Id
3
1 1 1.0
2 2 1.0
3 3 -0.9668804166861225
Nupdn
1
1 2 1392.6835
Ntot
2
1 3 -0.25522981767197617
3 2 5275.8663351885525
83 3 3
Id
3
1 1 1.0
2 2 1.0
3 3 -0.9668893801515526
Nupdn
1
1 2 1392.6835
Ntot
2
1 3 0.2551958591947495
3 2 -5276.617302143135
84 3 3
Id
3
1 1 1.0
2 2 1.0
3 3 -0.9668977577122977
Nupdn
1
1 2 1392.6835
Ntot
2
1 3 -0.2551641160722467
3 2 5277.319452597512
85 3 3
Id
3
1 1 1.0
2 2 1.0
3 3 -0.9669055879336204
Nupdn
1
1 2 1392.6835
Ntot
2
1 3 0.25513444303492183
3 2 -5277.975965748531
86 3 3
Id
3
1 1 1.0
2 2 1.0
3 3 -0.9669129068087285
Nupdn
1
1 2 1392.6835
Ntot
2
1 3 -0.25510670443305683
3 2 5278.58981300478
87 3 3
Id
3
1 1 1.0
2 2 1.0
3 3 -0.9669197479345357
Nupdn
1
1 2 1392.6835
Ntot
2
1 3 0.2550807735879235
3 2 -5279.16377166085
88 3 3
Id
3
1 1 1.0
2 2 1.0
3 3 -0.9669261426748883
Nupdn
1
1 2 1392.6835
Ntot
2
1 3 -0.25505653218818275
3 2 5279.7004376599025
89 3 3
Id
3
1 1 1.0
2 2 1.0
3 3 -0.966932120312209
Nupdn
1
1 2 1392.6835
Ntot
2
1 3 0.2550338697281909
3 2 -5280.202237506872
90 3 3
Id
3
1 1 1.0
2 2 1.0
3 3 -0.966937708188444
Nupdn
1
1 2 1392.6835
Ntot
2
1 3 -0.25501268298513996
3 2 5280.671439390067
91 3 3
Id
3
1 1 1.0
2 2 1.0
3 3 -0.9669429318361125
Nupdn
1
1 2 1392.6835
Ntot
2
1 3 0.2549928755322055
3 2 -5281.110163564943
92 3 3
Id
3
1 1 1.0
2 2 1.0
3 3 -0.9669478151001982
Nupdn
1
1 2 1392.6835
Ntot
2
1 3 -0.25497435728510487
3 2 5281.520392049901
93 3 3
Id
3
1 1 1.0
2 2 1.0
3 3 -0.9669523802515625
Nupdn
1
1 2 1392.6835
Ntot
2
1 3 0.25495704407966013
3 2 -5281.9039776807385
94 3 3
Id
3
1 1 1.0
2 2 1.0
3 3 -0.9669566480924983
Nupdn
1
1 2 1392.6835
Ntot
2
1 3 -0.25494085727815496
3 2 5282.262652566688
95 3 3
Id
3
1 1 1.0
2 2 1.0
3 3 -0.9669606380550042
Nupdn
1
1 2 1392.6835
Ntot
2
1 3 0.25492572340244396
3 2 -5282.598035988423
96 3 3
Id
3
1 1 1.0
2 2 1.0
3 3 -0.9669643682923004
Nupdn
1
1 2 1392.6835
Ntot
2
1 3 -0.25491157379191764
3 2 5282.911641775399
97 3 3
Id
3
1 1 1.0
2 2 1.0
3 3 -0.9669678557640775
Nupdn
1
1 2 1392.6835
Ntot
2
1 3 0.2548983442845844
3 2 -5283.204885197274
98 3 3
Id
3
1 1 1.0
2 2 1.0
3 3 -0.9669711163159236
Nupdn
1
1 2 1392.6835
Ntot
2
1 3 -0.25488597491964315
3 2 5283.479089401965
99 3 3
Id
3
1 1 1.0
2 2 1.0
3 3 -0.9669741647533481
Nupdn
1
1 2 1392.6835
Ntot
2
1 3 0.25487440966006214
3 2 -5283.7354914305115
100 3 3
Id
3
1 1 1.0
2 2 1.0
3 3 -0.9669770149107808
Nupdn
1
1 2 1392.6835
Ntot
2
1 3 -0.2548635961337671
3 2 5283.975247836799
101 3 3
Id
3
1 1 1.0
2 2 1.0
3 3 -0.9669796797159029
Nupdn
1
1 2 1392.6835
Ntot
2
1 3 0.2548534853921556
3 2 -5284.199439938585
102 3 3
Id
3
1 1 1.0
2 2 1.0
3 3 -0.9669821712496367
Nupdn
1
1 2 1392.6835
Ntot
2
1 3 -0.2548440316847504
3 2 5284.409078724093
103 3 3
Id
3
1 1 1.0
2 2 1.0
3 3 -0.966984500802095
Nupdn
1
1 2 1392.6835
Ntot
2
1 3 0.254835192248879
3 2 -5284.605109437119
104 3 3
Id
3
1 1 1.0
2 2 1.0
3 3 -0.9669866789247734
Nupdn
1
1 2 1392.6835
Ntot
2
1 3 -0.2548269271133586
3 2 5284.7884158617835
105 3 3
Id
3
1 1 1.0
2 2 1.0
3 3 -0.9669887154792465
Nupdn
1
1 2 1392.6835
Ntot
2
1 3 0.25481919891522636
3 2 -5284.9598243269265
106 3 3
Id
3
1 1 1.0
2 2 1.0
3 3 -0.966990619682601
Nupdn
1
1 2 1392.6835
Ntot
2
1 3 -0.2548119727286357
3 2 5285.120107448515
107 3 3
Id
3
1 1 1.0
2 2 1.0
3 3 -0.9669924001498464
Nupdn
1
1 2 1392.6835
Ntot
2
1 3 0.2548052159050903
3 2 -5285.269987627381
108 3 3
Id
3
1 1 1.0
2 2 1.0
3 3 -0.9669940649334856
Nupdn
1
1 2 1392.6835
Ntot
2
1 3 -0.254798897924252
3 2 5285.4101403183995
109 3 3
Id
3
1 1 1.0
2 2 1.0
3 3 -0.9669956215604674
Nupdn
1
1 2 1392.6835
Ntot
2
1 3 0.2547929902546092
3 2 -5285.5411970861605
110 3 3
Id
3
1 1 1.0
2 2 1.0
3 3 -0.9669970770666725
Nupdn
1
1 2 1392.6835
Ntot
2
1 3 -0.2547874662233445
3 2 5285.663748461083
111 3 3
Id
3
1 1 1.0
2 2 1.0
3 3 -0.9669984380291208
Nupdn
1
1 2 1392.6835
Ntot
2
1 3 0.2547823008947846
3 2 -5285.778346609227
112 3 3
Id
3
1 1 1.0
2 2 1.0
3 3 -0.9669997105960417
Nupdn
1
1 2 1392.6835
Ntot
2
1 3 -0.254777470956856
3 2 5285.885507827887
113 3 3
Id
3
1 1 1.0
2 2 1.0
3 3 -0.9670009005149562
Nupdn
1
1 2 1392.6835
Ntot
2
1 3 0.2547729546150136
3 2 -5285.985714878398
114 3 3
Id
3
1 1 1.0
2 2 1.0
3 3 -0.9670020131589045
Nupdn
1
1 2 1392.6835
Ntot
2
1 3 -0.25476873149314455
3 2 5286.079419166977
115 3 3
Id
3
1 1 1.0
2 2 1.0
3 3 -0.9670030535509417
Nupdn
1
1 2 1392.6835
Ntot
2
1 3 0.254764782540983
3 2 -5286.167042783365
116 3 3
Id
3
1 1 1.0
2 2 1.0
3 3 -0.9670040263870214
Nupdn
1
1 2 1392.6835
Ntot
2
1 3 -0.25476108994759844
3 2 5286.248980406619
117 3 3
Id
3
1 1 1.0
2 2 1.0
3 3 -0.9670049360573703
Nupdn
1
1 2 1392.6835
Ntot
2
1 3 0.2547576370605635
3 2 -5286.3256010868745
118 3 3
Id
3
1 1 1.0
2 2 1.0
3 3 -0.9670057866664548
Nupdn
1
1 2 1392.6835
Ntot
2
1 3 -0.25475440831041757
3 2 5286.397249910991
119 3 3
Id
3
1 1 1.0
2 2 1.0
3 3 -0.9670065820516425
Nupdn
1
1 2 1392.6835
Ntot
2
1 3 0.2547513891400777
3 2 -5286.464249559815
120 3 3
Id
3
1 1 1.0
2 2 1.0
3 3 -0.9670073258006311
Nupdn
1
1 2 1392.6835
Ntot
2
1 3 -0.25474856593887246
3 2 5286.526901764058
121 3 3
Id
3
1 1 1.0
2 2 1.0
3 3 -0.9670080212677341
Nupdn
1
1 2 1392.6835
Ntot
2
1 3 0.2547459259808902
3 2 -5286.585488665483
122 3 3
Id
3
1 1 1.0
2 2 1.0
3 3 -0.9670086715891046
Nupdn
1
1 2 1392.6835
Ntot
2
1 3 -0.2547434573673582
3 2 5286.640274089461
123 3 3
Id
3
1 1 1.0
2 2 1.0
3 3 -0.9670092796969543
Nupdn
1
1 2 1392.6835
Ntot
2
1 3 0.2547411489727903
3 2 -5286.691504734813
124 3 3
Id
3
1 1 1.0
2 2 1.0
3 3 -0.9670098483328466
Nupdn
1
1 2 1392.6835
Ntot
2
1 3 -0.25473899039465
3 2 5286.739411286225
125 3 3
Id
3
1 1 1.0
2 2 1.0
3 3 -0.9670103800601153
Nupdn
1
1 2 1392.6835
Ntot
2
1 3 0.25473697190630074
3 2 -5286.784209454376
126 3 3
Id
3
1 1 1.0
2 2 1.0
3 3 -0.9670108772754773
Nupdn
1
1 2 1392.6835
Ntot
2
1 3 -0.2547350844130274
3 2 5286.826100948386
127 3 3
Id
3
1 1 1.0
2 2 1.0
3 3 -0.9670113422198778
Nupdn
1
1 2 1392.6835
Ntot
2
1 3 0.2547333194109284
3 2 -5286.865274385078
128 3 3
Id
3
1 1 1.0
2 2 1.0
3 3 -0.9670117769886355
Nupdn
1
1 2 1392.6835
Ntot
2
1 3 -0.2547316689484863
3 2 5286.901906139135
129 3 3
Id
3
1 1 1.0
2 2 1.0
3 3 -0.9670121835409178
Nupdn
1
1 2 1392.6835
Ntot
2
1 3 0.2547301255906458
3 2 -5286.936161138001
130 3 3
Id
3
1 1 1.0
2 2 1.0
3 3 -0.9670125637086018
Nupdn
1
1 2 1392.6835
Ntot
2
1 3 -0.25472868238523305
3 2 5286.968193605129
131 3 3
Id
3
1 1 1.0
2 2 1.0
3 3 -0.9670129192045571
Nupdn
1
1 2 1392.6835
Ntot
2
1 3 0.254727332831561
3 2 -5286.998147754953
132 3 3
Id
3
1 1 1.0
2 2 1.0
3 3 -0.9670132516303844
Nupdn
1
1 2 1392.6835
Ntot
2
1 3 -0.2547260708510828
3 2 5287.026158442636
133 3 3
Id
3
1 1 1.0
2 2 1.0
3 3 -0.9670135624836549
Nupdn
1
1 2 1392.6835
Ntot
2
1 3 0.254724890759954
3 2 -5287.052351771717
134 3 3
Id
3
1 1 1.0
2 2 1.0
3 3 -0.9670138531646733
Nupdn
1
1 2 1392.6835
Ntot
2
1 3 -0.2547237872433812
3 2 5287.076845662204
135 3 3
Id
3
1 1 1.0
2 2 1.0
3 3 -0.9670141249828028
Nupdn
1
1 2 1392.6835
Ntot
2
1 3 0.25472275533164257
3 2 -5287.099750381789
136 3 3
Id
3
1 1 1.0
2 2 1.0
3 3 -0.9670143791623766
Nupdn
1
1 2 1392.6835
Ntot
2
1 3 -0.25472179037766546
3 2 5287.121169042601
137 3 3
Id
3
1 1 1.0
2 2 1.0
3 3 -0.9670146168482237
Nupdn
1
1 2 1392.6835
Ntot
2
1 3 0.2547208880360672
3 2 -5287.141198065603
138 3 3
Id
3
1 1 1.0
2 2 1.0
3 3 -0.9670148391108391
Nupdn
1
1 2 1392.6835
Ntot
2
1 3 -0.25472004424355377
3 2 5287.159927614944
139 3 3
Id
3
1 1 1.0
2 2 1.0
3 3 -0.9670150469512104
Nupdn
1
1 2 1392.6835
Ntot
2
1 3 0.2547192552005994
3 2 -5287.177442004033
140 3 3
Id
3
1 1 1.0
2 2 1.0
3 3 -0.9670152413053374
Nupdn
1
1 2 1392.6835
Ntot
2
1 3 -0.2547185173543138
3 2 5287.193820075276
141 3 3
Id
3
1 1 1.0
2 2 1.0
3 3 -0.9670154230484529
Nupdn
1
1 2 1392.6835
Ntot
2
1 3 0.25471782738242343
3 2 -5287.209135555128
142 3 3
Id
3
1 1 1.0
2 2 1.0
3 3 -0.9670155929989699
Nupdn
1
1 2 1392.6835
Ntot
2
1 3 -0.2547171821782944
3 2 5287.223457386165
143 3 3
Id
3
1 1 1.0
2 2 1.0
3 3 -0.9670157519221745
Nupdn
1
1 2 1392.6835
Ntot
2
1 3 0.2547165788369331
3 2 -5287.2368500374705
144 3 3
Id
3
1 1 1.0
2 2 1.0
3 3 -0.9670159005336743
Nupdn
1
1 2 1392.6835
Ntot
2
1 3 -0.2547160146418888
3 2 5287.249373795027
145 3 3
Id
3
1 1 1.0
2 2 1.0
3 3 -0.967016039502627
Nupdn
1
1 2 1392.6835
Ntot
2
1 3 0.25471548705301367
3 2 -5287.261085033121
146 3 3
Id
3
1 1 1.0
2 2 1.0
3 3 -0.967016169454755
Nupdn
1
1 2 1392.6835
Ntot
2
1 3 -0.25471499369501704
3 2 5287.272036468229
147 3 3
Id
3
1 1 1.0
2 2 1.0
3 3 -0.9670162909751685
Nupdn
1
1 2 1392.6835
Ntot
2
1 3 0.25471453234675917
3 2 -5287.282277396353
148 3 3
Id
3
1 1 1.0
2 2 1.0
3 3 -0.9670164046110006
Nupdn
1
1 2 1392.6835
Ntot
2
1 3 -0.25471410093124747
3 2 5287.291853914996
149 3 3
Id
3
1 1 1.0
2 2 1.0
3 3 -0.9670165108738735
Nupdn
1
1 2 1392.6835
Ntot
2
1 3 0.2547136975062777
3 2 -5287.300809130712
150 3 3
Id
3
1 1 1.0
2 2 1.0
3 3 -0.9670166102422058
Nupdn
1
1 2 1392.6835
Ntot
2
1 3 -0.25471332025568283
3 2 5287.309183353179
151 3 3
Id
3
1 1 1.0
2 2 1.0
3 3 -0.9670167031633654
Nupdn
1
1 2 1392.6835
Ntot
2
1 3 0.254712967481154
3 2 -5287.317014276714
152 3 3
Id
3
1 1 1.0
2 2 1.0
3 3 -0.9670167900556885
Nupdn
1
1 2 1392.6835
Ntot
2
1 3 -0.2547126375945899
3 2 5287.324337149925
153 3 3
Id
3
1 1 1.0
2 2 1.0
3 3 -0.9670168713103615
Nupdn
1
1 2 1392.6835
Ntot
2
1 3 0.2547123291109405
3 2 -5287.331184934467
154 3 3
Id
3
1 1 1.0
2 2 1.0
3 3 -0.9670169472931853
Nupdn
1
1 2 1392.6835
Ntot
2
1 3 -0.2547120406415225
3 2 5287.337588453397
155 3 3
Id
3
1 1 1.0
2 2 1.0
3 3 -0.9670170183462228
Nupdn
1
1 2 1392.6835
Ntot
2
1 3 0.25471177088776387
3 2 -5287.343576529936
156 3 3
Id
3
1 1 1.0
2 2 1.0
3 3 -0.9670170847893387
Nupdn
1
1 2 1392.6835
Ntot
2
1 3 -0.2547115186353544
3 2 5287.3491761172545
157 3 3
Id
3
1 1 1.0
2 2 1.0
3 3 -0.9670171469216424
Nupdn
1
1 2 1392.6835
Ntot
2
1 3 0.254711282748777
3 2 -5287.354412419784
158 3 3
Id
3
1 1 1.0
2 2 1.0
3 3 -0.9670172050228318
Nupdn
1
1 2 1392.6835
Ntot
2
1 3 -0.25471106216619455
3 2 5287.359309006715
159 3 3
Id
3
1 1 1.0
2 2 1.0
3 3 -0.967017259354457
Nupdn
1
1 2 1392.6835
Ntot
2
1 3 0.25471085589466963
3 2 -5287.36388791805
160 3 3
Id
3
1 1 1.0
2 2 1.0
3 3 -0.9670173101610957
Nupdn
1
1 2 1392.6835
Ntot
2
1 3 -0.2547106630056916
3 2 5287.368169763859
161 3 3
Id
3
1 1 1.0
2 2 1.0
3 3 -0.967017357671456
Nupdn
1
1 2 1392.6835
Ntot
2
1 3 0.25471048263099594
3 2 -5287.372173817054
162 3 3
Id
3
1 1 1.0
2 2 1.0
3 3 -0.9670174020994058
Nupdn
1
1 2 1392.6835
Ntot
2
1 3 -0.25471031395865434
3 2 5287.375918100125
163 3 3
Id
3
1 1 1.0
2 2 1.0
3 3 -0.9670174436449344
Nupdn
1
1 2 1392.6835
Ntot
2
1 3 0.2547101562294209
3 2 -5287.379419466297
164 3 3
Id
3
1 1 1.0
2 2 1.0
3 3 -0.9670174824950566
Nupdn
1
1 2 1392.6835
Ntot
2
1 3 -0.2547100087333106
3 2 5287.382693675367
165 3 3
Id
3
1 1 1.0
2 2 1.0
3 3 -0.9670175188246506
Nupdn
1
1 2 1392.6835
Ntot
2
1 3 0.2547098708064055
3 2 -5287.385755464664
166 3 3
Id
3
1 1 1.0
2 2 1.0
3 3 -0.9670175527972507
Nupdn
1
1 2 1392.6835
Ntot
2
1 3 -0.2547097418278636
3 2 5287.388618615396
167 3 3
Id
3
1 1 1.0
2 2 1.0
3 3 -0.9670175845657767
Nupdn
1
1 2 1392.6835
Ntot
2
1 3 0.2547096212171242
3 2 -5287.391296014661
168 3 3
Id
3
1 1 1.0
2 2 1.0
3 3 -0.9670176142732294
Nupdn
1
1 2 1392.6835
Ntot
2
1 3 -0.25470950843129514
3 2 5287.393799713457
169 3 3
Id
3
1 1 1.0
2 2 1.0
3 3 -0.9670176420533296
Nupdn
1
1 2 1392.6835
Ntot
2
1 3 0.2547094029627073
3 2 -5287.396140980953
170 3 3
Id
3
1 1 1.0
2 2 1.0
3 3 -0.9670176680311224
Nupdn
1
1 2 1392.6835
Ntot
2
1 3 -0.2547093043366289
3 2 5287.398330355194
171 3 3
Id
3
1 1 1.0
2 2 1.0
3 3 -0.9670176923235405
Nupdn
1
1 2 1392.6835
Ntot
2
1 3 0.25470921210913017
3 2 -5287.400377690541
172 3 3
Id
3
1 1 1.0
2 2 1.0
3 3 -0.9670177150399288
Nupdn
1
1 2 1392.6835
Ntot
2
1 3 -0.25470912586508304
3 2 5287.402292202024
173 3 3
Id
3
1 1 1.0
2 2 1.0
3 3 -0.9670177362825383
Nupdn
1
1 2 1392.6835
Ntot
2
1 3 0.25470904521629273
3 2 -5287.404082506833
174 3 3
Id
3
1 1 1.0
2 2 1.0
3 3 -0.967017756146985
Nupdn
1
1 2 1392.6835
Ntot
2
1 3 -0.2547089697997515
3 2 5287.405756663092
175 3 3
Id
3
1 1 1.0
2 2 1.0
3 3 -0.9670177747226816
Nupdn
1
1 2 1392.6835
Ntot
2
1 3 0.25470889927600243
3 2 -5287.407322206127
176 3 3
Id
3
1 1 1.0
2 2 1.0
3 3 -0.9670177920932408
Nupdn
1
1 2 1392.6835
Ntot
2
1 3 -0.25470883332761224
3 2 5287.408786182407
177 3 3
Id
3
1 1 1.0
2 2 1.0
3 3 -0.9670178083368492
Nupdn
1
1 2 1392.6835
Ntot
2
1 3 0.2547087716577432
3 2 -5287.410155181254
178 3 3
Id
3
1 1 1.0
2 2 1.0
3 3 -0.9670178235266211
Nupdn
1
1 2 1392.6835
Ntot
2
1 3 -0.2547087139888158
3 2 5287.4114353644545
179 3 3
Id
3
1 1 1.0
2 2 1.0
3 3 -0.9670178377309273
Nupdn
1
1 2 1392.6835
Ntot
2
1 3 0.2547086600612591
3 2 -5287.412632494075
180 3 3
Id
3
1 1 1.0
2 2 1.0
3 3 -0.967017851013702
Nupdn
1
1 2 1392.6835
Ntot
2
1 3 -0.25470860963234343
3 2 5287.413751958346
181 3 3
Id
3
1 1 1.0
2 2 1.0
3 3 -0.9670178634347322
Nupdn
1
1 2 1392.6835
Ntot
2
1 3 0.25470856247508655
3 2 -5287.414798795919
182 3 3
Id
3
1 1 1.0
2 2 1.0
3 3 -0.9670178750499265
Nupdn
1
1 2 1392.6835
Ntot
2
1 3 -0.25470851837723213
3 2 5287.415777718566
183 3 3
Id
3
1 1 1.0
2 2 1.0
3 3 -0.9670178859115643
Nupdn
1
1 2 1392.6835
Ntot
2
1 3 0.2547084771402956
3 2 -5287.416693132352
184 3 3
Id
3
1 1 1.0
2 2 1.0
3 3 -0.9670178960685352
Nupdn
1
1 2 1392.6835
Ntot
2
1 3 -0.2547084385786694
3 2 5287.4175491575115
185 3 3
Id
3
1 1 1.0
2 2 1.0
3 3 -0.9670179055665555
Nupdn
1
1 2 1392.6835
Ntot
2
1 3 0.2547084025187868
3 2 -5287.418349646972
186 3 3
Id
3
1 1 1.0
2 2 1.0
3 3 -0.9670179144483761
Nupdn
1
1 2 1392.6835
Ntot
2
1 3 -0.25470836879834347
3 2 5287.4190982036835
187 3 3
Id
3
1 1 1.0
2 2 1.0
3 3 -0.9670179227539746
Nupdn
1
1 2 1392.6835
Ntot
2
1 3 0.25470833726556275
3 2 -5287.419798196853
188 3 3
Id
3
1 1 1.0
2 2 1.0
3 3 -0.9670179305207347
Nupdn
1
1 2 1392.6835
Ntot
2
1 3 -0.2547083077785163
3 2 5287.42045277711
189 3 3
Id
3
1 1 1.0
2 2 1.0
3 3 -0.9670179377836143
Nupdn
1
1 2 1392.6835
Ntot
2
1 3 0.2547082802044841
3 2 -5287.421064890672
190 3 3
Id
3
1 1 1.0
2 2 1.0
3 3 -0.9670179445753031
Nupdn
1
1 2 1392.6835
Ntot
2
1 3 -0.2547082544193563
3 2 5287.421637292632
191 3 3
Id
3
1 1 1.0
2 2 1.0
3 3 -0.9670179509263714
Nupdn
1
1 2 1392.6835
Ntot
2
1 3 0.25470823030707407
3 2 -5287.422172559318
192 3 3
Id
3
1 1 1.0
2 2 1.0
3 3 -0.9670179568654054
Nupdn
1
1 2 1392.6835
Ntot
2
1 3 -0.2547082077591084
3 2 5287.422673099947
193 3 3
Id
3
1 1 1.0
2 2 1.0
3 3 -0.9670179624191351
Nupdn
1
1 2 1392.6835
Ntot
2
1 3 0.2547081866739729
3 2 -5287.423141167403
194 3 3
Id
3
1 1 1.0
2 2 1.0
3 3 -0.9670179676125594
Nupdn
1
1 2 1392.6835
Ntot
2
1 3 -0.2547081669567637
3 2 5287.423578868419
195 3 3
Id
3
1 1 1.0
2 2 1.0
3 3 -0.9670179724690533
Nupdn
1
1 2 1392.6835
Ntot
2
1 3 0.25470814851873413
3 2 -5287.423988173072
196 3 3
Id
3
1 1 1.0
2 2 1.0
3 3 -0.9670179770104752
Nupdn
1
1 2 1392.6835
Ntot
2
1 3 -0.2547081312768957
3 2 5287.424370923606
197 3 3
Id
3
1 1 1.0
2 2 1.0
3 3 -0.9670179812572661
Nupdn
1
1 2 1392.6835
Ntot
2
1 3 0.2547081151536439
3 2 -5287.424728842749
198 3 3
Id
3
1 1 1.0
2 2 1.0
3 3 -0.9670179852285403
Nupdn
1
1 2 1392.6835
Ntot
2
1 3 -0.25470810007640887
3 2 5287.425063541473
199 3 3
Id
3
1 1 1.0
2 2 1.0
3 3 -0.9670179889421737
Nupdn
1
1 2 1392.6835
Ntot
2
1 3 0.2547080859773284
3 2 -5287.425376526221
200 3 3
Id
3
1 1 1.0
2 2 1.0
3 3 -0.9670179924148798
Nupdn
1
1 2 1392.6835
Ntot
2
1 3 -0.2547080727929431
3 2 5287.425669205727
201 3 3
Id
3
1 1 1.0
2 2 1.0
3 3 -0.9670179956622897
Nupdn
1
1 2 1392.6835
Ntot
2
1 3 0.25470806046391165
3 2 -5287.425942897312
202 3 3
Id
3
1 1 1.0
2 2 1.0
3 3 -0.9670179986990197
Nupdn
1
1 2 1392.6835
Ntot
2
1 3 -0.2547080489347417
3 2 5287.426198832836
203 3 3
Id
3
1 1 1.0
2 2 1.0
3 3 -0.967018001538738
Nupdn
1
1 2 1392.6835
Ntot
2
1 3 0.2547080381535402
3 2 -5287.426438164249
204 3 3
Id
3
1 1 1.0
2 2 1.0
3 3 -0.9670180041942262
Nupdn
1
1 2 1392.6835
Ntot
2
1 3 -0.25470802807178217
3 2 5287.426661968764
205 3 3
Id
3
1 1 1.0
2 2 1.0
3 3 -0.9670180066774356
Nupdn
1
1 2 1392.6835
Ntot
2
1 3 0.25470801864409126
3 2 -5287.426871253703
206 3 3
Id
3
1 1 1.0
2 2 1.0
3 3 -0.9670180089995444
Nupdn
1
1 2 1392.6835
Ntot
2
1 3 -0.25470800982803243
3 2 5287.427066961049
207 3 3
Id
3
1 1 1.0
2 2 1.0
3 3 -0.9670180111710034
Nupdn
1
1 2 1392.6835
Ntot
2
1 3 0.25470800158392604
3 2 -5287.427249971646
208 3 3
Id
3
1 1 1.0
2 2 1.0
3 3 -0.9670180132015862
Nupdn
1
1 2 1392.6835
Ntot
2
1 3 -0.25470799387466586
3 2 5287.427421109235
209 3 3
Id
3
1 1 1.0
2 2 1.0
3 3 -0.9670180151004326
Nupdn
1
1 2 1392.6835
Ntot
2
1 3 0.25470798666555344
3 2 -5287.4275811440675
210 3 3
Id
3
1 1 1.0
2 2 1.0
3 3 -0.9670180168760887
Nupdn
1
1 2 1392.6835
Ntot
2
1 3 -0.2547079799241406
3 2 5287.4277307964685
211 3 3
Id
3
1 1 1.0
2 2 1.0
3 3 -0.9670180185365473
Nupdn
1
1 2 1392.6835
Ntot
2
1 3 0.25470797362008496
3 2 -5287.427870739999
212 3 3
Id
3
1 1 1.0
2 2 1.0
3 3 -0.9670180200892815
Nupdn
1
1 2 1392.6835
Ntot
2
1 3 -0.2547079677250116
3 2 5287.428001604531
213 3 3
Id
3
1 1 1.0
2 2 1.0
3 3 -0.9670180215412807
Nupdn
1
1 2 1392.6835
Ntot
2
1 3 0.254707962212389
3 2 -5287.428123979081
214 3 3
Id
3
1 1 1.0
2 2 1.0
3 3 -0.967018022899079
Nupdn
1
1 2 1392.6835
Ntot
2
1 3 -0.2547079570574036
3 2 5287.4282384144435
215 3 3
Id
3
1 1 1.0
2 2 1.0
3 3 -0.9670180241687889
Nupdn
1
1 2 1392.6835
Ntot
2
1 3 0.25470795223685405
3 2 -5287.428345425686
216 3 3
Id
3
1 1 1.0
2 2 1.0
3 3 -0.9670180253561249
Nupdn
1
1 2 1392.6835
Ntot
2
1 3 -0.25470794772904315
3 2 5287.428445494453
217 3 3
Id
3
1 1 1.0
2 2 1.0
3 3 -0.967018026466431
Nupdn
1
1 2 1392.6835
Ntot
2
1 3 0.2547079435136819
3 2 -5287.4285390711475
218 3 3
Id
3
1 1 1.0
2 2 1.0
3 3 -0.9670180275047049
Nupdn
1
1 2 1392.6835
Ntot
2
1 3 -0.25470793957179716
3 2 5287.428626576946
219 3 3
Id
3
1 1 1.0
2 2 1.0
3 3 -0.9670180284756194
Nupdn
1
1 2 1392.6835
Ntot
2
1 3 0.25470793588564655
3 2 -5287.428708405706
220 3 3
Id
3
1 1 1.0
2 2 1.0
3 3 -0.9670180293835446
Nupdn
1
1 2 1392.6835
Ntot
2
1 3 -0.2547079324386386
3 2 5287.42878492574
221 3 3
Id
3
1 1 1.0
2 2 1.0
3 3 -0.9670180302325673
Nupdn
1
1 2 1392.6835
Ntot
2
1 3 0.25470792921526003
3 2 -5287.428856481447
222 3 3
Id
3
1 1 1.0
2 2 1.0
3 3 -0.9670180310265086
Nupdn
1
1 2 1392.6835
Ntot
2
1 3 -0.2547079262010018
3 2 5287.428923394895
223 3 3
Id
3
1 1 1.0
2 2 1.0
3 3 -0.9670180317689419
Nupdn
1
1 2 1392.6835
Ntot
2
1 3 0.2547079233822963
3 2 -5287.428985967257
224 3 3
Id
3
1 1 1.0
2 2 1.0
3 3 -0.9670180324632089
Nupdn
1
1 2 1392.6835
Ntot
2
1 3 -0.2547079207464581
3 2 5287.429044480174
225 3 3
Id
3
1 1 1.0
2 2 1.0
3 3 -0.967018033112435
Nupdn
1
1 2 1392.6835
Ntot
2
1 3 0.2547079182816223
3 2 -5287.429099197001
226 3 3
Id
3
1 1 1.0
2 2 1.0
3 3 -0.9670180337195411
Nupdn
1
1 2 1392.6835
Ntot
2
1 3 -0.25470791597669634
3 2 5287.429150364008
227 3 3
Id
3
1 1 1.0
2 2 1.0
3 3 -0.9670180342872616
Nupdn
1
1 2 1392.6835
Ntot
2
1 3 0.2547079138213046
3 2 -5287.429198211498
228 3 3
Id
3
1 1 1.0
2 2 1.0
3 3 -0.9670180348181496
Nupdn
1
1 2 1392.6835
Ntot
2
1 3 -0.2547079118057464
3 2 5287.429242954834
229 3 3
Id
3
1 1 1.0
2 2 1.0
3 3 -0.9670180353145963
Nupdn
1
1 2 1392.6835
Ntot
2
1 3 0.25470790992094966
3 2 -5287.429284795387
230 3 3
Id
3
1 1 1.0
2 2 1.0
3 3 -0.9670180357788349
Nupdn
1
1 2 1392.6835
Ntot
2
1 3 -0.25470790815843153
3 2 5287.4293239214985
231 3 3
Id
3
1 1 1.0
2 2 1.0
3 3 -0.9670180362129557
Nupdn
1
1 2 1392.6835
Ntot
2
1 3 0.2547079065102584
3 2 -5287.429360509252
232 3 3
Id
3
1 1 1.0
2 2 1.0
3 3 -0.9670180366189125
Nupdn
1
1 2 1392.6835
Ntot
2
1 3 -0.2547079049690126
3 2 5287.429394723338
233 3 3
Id
3
1 1 1.0
2 2 1.0
3 3 -0.9670180369985326
Nupdn
1
1 2 1392.6835
Ntot
2
1 3 0.254707903527757
3 2 -5287.429426717749
234 3 3
Id
3
1 1 1.0
2 2 1.0
3 3 -0.9670180373535242
Nupdn
1
1 2 1392.6835
Ntot
2
1 3 -0.2547079021800037
3 2 5287.42945663648
235 3 3
Id
3
1 1 1.0
2 2 1.0
3 3 -0.9670180376854851
Nupdn
1
1 2 1392.6835
Ntot
2
1 3 0.2547079009196883
3 2 -5287.4294846142
236 3 3
Id
3
1 1 1.0
2 2 1.0
3 3 -0.9670180379959097
Nupdn
1
1 2 1392.6835
Ntot
2
1 3 -0.2547078997411368
3 2 5287.429510776844
237 3 3
Id
3
1 1 1.0
2 2 1.0
3 3 -0.9670180382861955
Nupdn
1
1 2 1392.6835
Ntot
2
1 3 0.25470789863904525
3 2 -5287.429535242151
238 3 3
Id
3
1 1 1.0
2 2 1.0
3 3 -0.9670180385576486
Nupdn
1
1 2 1392.6835
Ntot
2
1 3 -0.25470789760845297
3 2 5287.429558120246
239 3 3
Id
3
1 1 1.0
2 2 1.0
3 3 -0.9670180388114906
Nupdn
1
1 2 1392.6835
Ntot
2
1 3 0.25470789664472204
3 2 -5287.429579514093
240 3 3
Id
3
1 1 1.0
2 2 1.0
3 3 -0.9670180390488643
Nupdn
1
1 2 1392.6835
Ntot
2
1 3 -0.25470789574351377
3 2 5287.4295995199955
241 3 3
Id
3
1 1 1.0
2 2 1.0
3 3 -0.9670180392708387
Nupdn
1
1 2 1392.6835
Ntot
2
1 3 0.2547078949007726
3 2 -5287.4296182279995
242 3 3
Id
3
1 1 1.0
2 2 1.0
3 3 -0.9670180394784118
Nupdn
1
1 2 1392.6835
Ntot
2
1 3 -0.25470789411270506
3 2 5287.429635722292
243 3 3
Id
3
1 1 1.0
2 2 1.0
3 3 -0.9670180396725185
Nupdn
1
1 2 1392.6835
Ntot
2
1 3 0.2547078933757645
3 2 -5287.429652081626
244 3 3
Id
3
1 1 1.0
2 2 1.0
3 3 -0.9670180398540318
Nupdn
1
1 2 1392.6835
Ntot
2
1 3 -0.25470789268663335
3 2 5287.429667379626
245 3 3
Id
3
1 1 1.0
2 2 1.0
3 3 -0.9670180400237698
Nupdn
1
1 2 1392.6835
Ntot
2
1 3 0.2547078920422109
3 2 -5287.429681685156
246 3 3
Id
3
1 1 1.0
2 2 1.0
3 3 -0.9670180401824957
Nupdn
1
1 2 1392.6835
Ntot
2
1 3 -0.2547078914395957
3 2 5287.429695062599
247 3 3
Id
3
1 1 1.0
2 2 1.0
3 3 -0.9670180403309241
Nupdn
1
1 2 1392.6835
Ntot
2
1 3 0.2547078908760754
3 2 -5287.429707572166
248 3 3
Id
3
1 1 1.0
2 2 1.0
3 3 -0.9670180404697233
Nupdn
1
1 2 1392.6835
Ntot
2
1 3 -0.2547078903491149
3 2 5287.429719270163
249 3 3
Id
3
1 1 1.0
2 2 1.0
3 3 -0.9670180405995172
Nupdn
1
1 2 1392.6835
Ntot
2
1 3 0.25470788985634163
3 2 -5287.429730209229
250 3 3
Id
3
1 1 1.0
2 2 1.0
3 3 -0.967018040720891
Nupdn
1
1 2 1392.6835
Ntot
2
1 3 -0.2547078893955372
3 2 5287.429740438624
251 3 3
Id
3
1 1 1.0
2 2 1.0
3 3 -0.9670180408343905
Nupdn
1
1 2 1392.6835
Ntot
2
1 3 0.254707888964628
3 2 -5287.429750004363
252 3 3
Id
3
1 1 1.0
2 2 1.0
3 3 -0.9670180409405262
Nupdn
1
1 2 1392.6835
Ntot
2
1 3 -0.2547078885616743
3 2 5287.429758949522
253 3 3
Id
3
1 1 1.0
2 2 1.0
3 3 -0.9670180410397766
Nupdn
1
1 2 1392.6835
Ntot
2
1 3 0.25470788818486306
3 2 -5287.42976731435
254 3 3
Id
3
1 1 1.0
2 2 1.0
3 3 -0.9670180411325884
Nupdn
1
1 2 1392.6835
Ntot
2
1 3 -0.2547078878324974
3 2 5287.429775136504
255 3 3
Id
3
1 1 1.0
2 2 1.0
3 3 -0.9670180412193783
Nupdn
1
1 2 1392.6835
Ntot
2
1 3 0.25470788750299245
3 2 -5287.429782451186
256 3 3
Id
3
1 1 1.0
2 2 1.0
3 3 -0.9670180413005378
Nupdn
1
1 2 1392.6835
Ntot
2
1 3 -0.2547078871948643
3 2 5287.429789291318
257 3 3
Id
3
1 1 1.0
2 2 1.0
3 3 -0.9670180413764315
Nupdn
1
1 2 1392.6835
Ntot
2
1 3 0.254707886906726
3 2 -5287.429795687698
258 3 3
Id
3
1 1 1.0
2 2 1.0
3 3 -0.9670180414474021
Nupdn
1
1 2 1392.6835
Ntot
2
1 3 -0.2547078866372813
3 2 5287.429801669097
259 3 3
Id
3
1 1 1.0
2 2 1.0
3 3 -0.9670180415137684
Nupdn
1
1 2 1392.6835
Ntot
2
1 3 0.2547078863853169
3 2 -5287.4298072624515
260 3 3
Id
3
1 1 1.0
2 2 1.0
3 3 -0.9670180415758294
Nupdn
1
1 2 1392.6835
Ntot
2
1 3 -0.2547078861496988
3 2 5287.429812492924
261 3 3
Id
3
1 1 1.0
2 2 1.0
3 3 -0.9670180416338634
Nupdn
1
1 2 1392.6835
Ntot
2
1 3 0.25470788592936694
3 2 -5287.429817384073
262 3 3
Id
3
1 1 1.0
2 2 1.0
3 3 -0.9670180416881329
Nupdn
1
1 2 1392.6835
Ntot
2
1 3 -0.25470788572332914
3 2 5287.429821957892
263 3 3
Id
3
1 1 1.0
2 2 1.0
3 3 -0.9670180417388814
Nupdn
1
1 2 1392.6835
Ntot
2
1 3 0.2547078855306589
3 2 -5287.429826234988
264 3 3
Id
3
1 1 1.0
2 2 1.0
3 3 -0.9670180417863374
Nupdn
1
1 2 1392.6835
Ntot
2
1 3 -0.2547078853504879
3 2 5287.4298302346
265 3 3
Id
3
1 1 1.0
2 2 1.0
3 3 -0.9670180418307146
Nupdn
1
1 2 1392.6835
Ntot
2
1 3 0.25470788518200566
3 2 -5287.429833974727
266 3 3
Id
3
1 1 1.0
2 2 1.0
3 3 -0.967018041872213
Nupdn
1
1 2 1392.6835
Ntot
2
1 3 -0.254707885024454
3 2 5287.429837472211
267 3 3
Id
3
1 1 1.0
2 2 1.0
3 3 -0.9670180419110193
Nupdn
1
1 2 1392.6835
Ntot
2
1 3 0.2547078848771233
3 2 -5287.429840742796
268 3 3
Id
3
1 1 1.0
2 2 1.0
3 3 -0.967018041947308
Nupdn
1
1 2 1392.6835
Ntot
2
1 3 -0.2547078847393516
3 2 5287.4298438011965
269 3 3
Id
3
1 1 1.0
2 2 1.0
3 3 -0.9670180419812417
Nupdn
1
1 2 1392.6835
Ntot
2
1 3 0.2547078846105176
3 2 -5287.429846661182
270 3 3
Id
3
1 1 1.0
2 2 1.0
3 3 -0.967018042012975
Nupdn
1
1 2 1392.6835
Ntot
2
1 3 -0.2547078844900419
3 2 5287.429849335621
271 3 3
Id
3
1 1 1.0
2 2 1.0
3 3 -0.9670180420426489
Nupdn
1
1 2 1392.6835
Ntot
2
1 3 0.2547078843773822
3 2 -5287.429851836549
272 3 3
Id
3
1 1 1.0
2 2 1.0
3 3 -0.9670180420703978
Nupdn
1
1 2 1392.6835
Ntot
2
1 3 -0.2547078842720307
3 2 5287.429854175237
273 3 3
Id
3
1 1 1.0
2 2 1.0
3 3 -0.9670180420963463
Nupdn
1
1 2 1392.6835
Ntot
2
1 3 0.25470788417351503
3 2 -5287.4298563621915
274 3 3
Id
3
1 1 1.0
2 2 1.0
3 3 -0.9670180421206116
Nupdn
1
1 2 1392.6835
Ntot
2
1 3 -0.25470788408139083
3 2 5287.42985840727
275 3 3
Id
3
1 1 1.0
2 2 1.0
3 3 -0.9670180421433028
Nupdn
1
1 2 1392.6835
Ntot
2
1 3 0.25470788399524236
3 2 -5287.429860319668
276 3 3
Id
3
1 1 1.0
2 2 1.0
3 3 -0.9670180421645214
Nupdn
1
1 2 1392.6835
Ntot
2
1 3 -0.25470788391468324
3 2 5287.429862108
277 3 3
Id
3
1 1 1.0
2 2 1.0
3 3 -0.9670180421843635
Nupdn
1
1 2 1392.6835
Ntot
2
1 3 0.2547078838393506
3 2 -5287.429863780306
278 3 3
Id
3
1 1 1.0
2 2 1.0
3 3 -0.9670180422029186
Nupdn
1
1 2 1392.6835
Ntot
2
1 3 -0.2547078837689053
3 2 5287.429865344123
279 3 3
Id
3
1 1 1.0
2 2 1.0
3 3 -0.9670180422202697
Nupdn
1
1 2 1392.6835
Ntot
2
1 3 0.25470788370302994
3 2 -5287.429866806482
280 3 3
Id
3
1 1 1.0
2 2 1.0
3 3 -0.9670180422364956
Nupdn
1
1 2 1392.6835
Ntot
2
1 3 -0.2547078836414283
3 2 5287.4298681739765
281 3 3
Id
3
1 1 1.0
2 2 1.0
3 3 -0.9670180422516683
Nupdn
1
1 2 1392.6835
Ntot
2
1 3 0.2547078835838235
3 2 -5287.429869452752
282 3 3
Id
3
1 1 1.0
2 2 1.0
3 3 -0.967018042265857
Nupdn
1
1 2 1392.6835
Ntot
2
1 3 -0.25470788352995555
3 2 5287.429870648562
283 3 3
Id
3
1 1 1.0
2 2 1.0
3 3 -0.967018042279125
Nupdn
1
1 2 1392.6835
Ntot
2
1 3 0.25470788347958223
3 2 -5287.429871766796
284 3 3
Id
3
1 1 1.0
2 2 1.0
3 3 -0.9670180422915322
Nupdn
1
1 2 1392.6835
Ntot
2
1 3 -0.25470788343247724
3 2 5287.429872812482
285 3 3
Id
3
1 1 1.0
2 2 1.0
3 3 -0.9670180423031345
Nupdn
1
1 2 1392.6835
Ntot
2
1 3 0.2547078833884284
3 2 -5287.429873790322
286 3 3
Id
3
1 1 1.0
2 2 1.0
3 3 -0.967018042313984
Nupdn
1
1 2 1392.6835
Ntot
2
1 3 -0.2547078833472369
3 2 5287.429874704731
287 3 3
Id
3
1 1 1.0
2 2 1.0
3 3 -0.9670180423241299
Nupdn
1
1 2 1392.6835
Ntot
2
1 3 0.25470788330871774
3 2 -5287.429875559816
288 3 3
Id
3
1 1 1.0
2 2 1.0
3 3 -0.9670180423336174
Nupdn
1
1 2 1392.6835
Ntot
2
1 3 -0.2547078832726978
3 2 5287.429876359417
289 3 3
Id
3
1 1 1.0
2 2 1.0
3 3 -0.9670180423424892
Nupdn
1
1 2 1392.6835
Ntot
2
1 3 0.25470788323901467
3 2 -5287.429877107152
290 3 3
Id
3
1 1 1.0
2 2 1.0
3 3 -0.9670180423507857
Nupdn
1
1 2 1392.6835
Ntot
2
1 3 -0.2547078832075162
3 2 5287.4298778063785
291 3 3
Id
3
1 1 1.0
2 2 1.0
3 3 -0.9670180423585439
Nupdn
1
1 2 1392.6835
Ntot
2
1 3 0.25470788317806226
3 2 -5287.429878460237
292 3 3
Id
3
1 1 1.0
2 2 1.0
3 3 -0.967018042365799
Nupdn
1
1 2 1392.6835
Ntot
2
1 3 -0.2547078831505184
3 2 5287.429879071679
293 3 3
Id
3
1 1 1.0
2 2 1.0
3 3 -0.9670180423725829
Nupdn
1
1 2 1392.6835
Ntot
2
1 3 0.2547078831247621
3 2 -5287.42987964345
294 3 3
Id
3
1 1 1.0
2 2 1.0
3 3 -0.9670180423789272
Nupdn
1
1 2 1392.6835
Ntot
2
1 3 -0.2547078831006757
3 2 5287.42988017813
295 3 3
Id
3
1 1 1.0
2 2 1.0
3 3 -0.9670180423848593
Nupdn
1
1 2 1392.6835
Ntot
2
1 3 0.254707883078153
3 2 -5287.42988067812
296 3 3
Id
3
1 1 1.0
2 2 1.0
3 3 -0.9670180423904073
Nupdn
1
1 2 1392.6835
Ntot
2
1 3 -0.2547078830570912
3 2 5287.429881145674
297 3 3
Id
3
1 1 1.0
2 2 1.0
3 3 -0.9670180423955947
Nupdn
1
1 2 1392.6835
Ntot
2
1 3 0.25470788303739517
3 2 -5287.429881582896
298 3 3
Id
3
1 1 1.0
2 2 1.0
3 3 -0.967018042400446
Nupdn
1
1 2 1392.6835
Ntot
2
1 3 -0.2547078830189777
3 2 5287.429881991748
299 3 3
Id
3
1 1 1.0
2 2 1.0
3 3 -0.9670180424049823
Nupdn
1
1 2 1392.6835
Ntot
2
1 3 0.2547078830017548
3 2 -5287.42988237408
300 3 3
Id
3
1 1 1.0
2 2 1.0
3 3 -0.9670180424092243
Nupdn
1
1 2 1392.6835
Ntot
2
1 3 -0.2547078829856496
3 2 5287.4298827316015
301 3 3
Id
3
1 1 1.0
2 2 1.0
3 3 -0.9670180424131913
Nupdn
1
1 2 1392.6835
Ntot
2
1 3 0.2547078829705888
3 2 -5287.429883065935
302 3 3
Id
3
1 1 1.0
2 2 1.0
3 3 -0.967018042416901
Nupdn
1
1 2 1392.6835
Ntot
2
1 3 -0.25470788295650504
3 2 5287.429883378579
303 3 3
Id
3
1 1 1.0
2 2 1.0
3 3 -0.96701804242037
Nupdn
1
1 2 1392.6835
Ntot
2
1 3 0.2547078829433353
3 2 -5287.429883670935
304 3 3
Id
3
1 1 1.0
2 2 1.0
3 3 -0.9670180424236134
Nupdn
1
1 2 1392.6835
Ntot
2
1 3 -0.2547078829310202
3 2 5287.429883944321
305 3 3
Id
3
1 1 1.0
2 2 1.0
3 3 -0.967018042426647
Nupdn
1
1 2 1392.6835
Ntot
2
1 3 0.25470788291950314
3 2 -5287.429884199979
306 3 3
Id
3
1 1 1.0
2 2 1.0
3 3 -0.9670180424294841
Nupdn
1
1 2 1392.6835
Ntot
2
1 3 -0.25470788290873386
3 2 5287.429884439047
307 3 3
Id
3
1 1 1.0
2 2 1.0
3 3 -0.9670180424321362
Nupdn
1
1 2 1392.6835
Ntot
2
1 3 0.2547078828986632
3 2 -5287.429884662604
308 3 3
Id
3
1 1 1.0
2 2 1.0
3 3 -0.9670180424346169
Nupdn
1
1 2 1392.6835
Ntot
2
1 3 -0.2547078828892459
3 2 5287.429884871663
309 3 3
Id
3
1 1 1.0
2 2 1.0
3 3 -0.9670180424369363
Nupdn
1
1 2 1392.6835
Ntot
2
1 3 0.25470788288044033
3 2 -5287.429885067152
310 3 3
Id
3
1 1 1.0
2 2 1.0
3 3 -0.9670180424391053
Nupdn
1
1 2 1392.6835
Ntot
2
1 3 -0.2547078828722049
3 2 5287.429885249962
311 3 3
Id
3
1 1 1.0
2 2 1.0
3 3 -0.9670180424411339
Nupdn
1
1 2 1392.6835
Ntot
2
1 3 0.25470788286450396
3 2 -5287.429885420909
312 3 3
Id
3
1 1 1.0
2 2 1.0
3 3 -0.9670180424430304
Nupdn
1
1 2 1392.6835
Ntot
2
1 3 -0.2547078828573022
3 2 5287.429885580768
313 3 3
Id
3
1 1 1.0
2 2 1.0
3 3 -0.9670180424448043
Nupdn
1
1 2 1392.6835
Ntot
2
1 3 0.25470788285056856
3 2 -5287.429885730262
314 3 3
Id
3
1 1 1.0
2 2 1.0
3 3 -0.9670180424464627
Nupdn
1
1 2 1392.6835
Ntot
2
1 3 -0.2547078828442713
3 2 5287.429885870051
315 3 3
Id
3
1 1 1.0
2 2 1.0
3 3 -0.9670180424480139
Nupdn
1
1 2 1392.6835
Ntot
2
1 3 0.25470788283838297
3 2 -5287.429886000772
316 3 3
Id
3
1 1 1.0
2 2 1.0
3 3 -0.9670180424494641
Nupdn
1
1 2 1392.6835
Ntot
2
1 3 -0.2547078828328764
3 2 5287.429886123007
317 3 3
Id
3
1 1 1.0
2 2 1.0
3 3 -0.9670180424508203
Nupdn
1
1 2 1392.6835
Ntot
2
1 3 0.2547078828277269
3 2 -5287.429886237321
318 3 3
Id
3
1 1 1.0
2 2 1.0
3 3 -0.9670180424520889
Nupdn
1
1 2 1392.6835
Ntot
2
1 3 -0.2547078828229118
3 2 5287.4298863442145
319 3 3
Id
3
1 1 1.0
2 2 1.0
3 3 -0.9670180424532748
Nupdn
1
1 2 1392.6835
Ntot
2
1 3 0.254707882818409
3 2 -5287.429886444177
320 3 3
Id
3
1 1 1.0
2 2 1.0
3 3 -0.9670180424543839
Nupdn
1
1 2 1392.6835
Ntot
2
1 3 -0.25470788281419804
3 2 5287.4298865376495
321 3 3
Id
3
1 1 1.0
2 2 1.0
3 3 -0.9670180424554211
Nupdn
1
1 2 1392.6835
Ntot
2
1 3 0.2547078828102607
3 2 -5287.429886625061
322 3 3
Id
3
1 1 1.0
2 2 1.0
3 3 -0.9670180424563908
Nupdn
1
1 2 1392.6835
Ntot
2
1 3 -0.25470788280657847
3 2 5287.429886706796
323 3 3
Id
3
1 1 1.0
2 2 1.0
3 3 -0.9670180424572978
Nupdn
1
1 2 1392.6835
Ntot
2
1 3 0.25470788280313506
3 2 -5287.429886783236
324 3 3
Id
3
1 1 1.0
2 2 1.0
3 3 -0.9670180424581463
Nupdn
1
1 2 1392.6835
Ntot
2
1 3 -0.254707882799915
3 2 5287.429886854709
325 3 3
Id
3
1 1 1.0
2 2 1.0
3 3 -0.967018042458939
Nupdn
1
1 2 1392.6835
Ntot
2
1 3 0.2547078827969045
3 2 -5287.429886921551
326 3 3
Id
3
1 1 1.0
2 2 1.0
3 3 -0.9670180424596806
Nupdn
1
1 2 1392.6835
Ntot
2
1 3 -0.25470788279408874
3 2 5287.429886984052
327 3 3
Id
3
1 1 1.0
2 2 1.0
3 3 -0.9670180424603743
Nupdn
1
1 2 1392.6835
Ntot
2
1 3 0.25470788279145606
3 2 -5287.429887042503
328 3 3
Id
3
1 1 1.0
2 2 1.0
3 3 -0.9670180424610224
Nupdn
1
1 2 1392.6835
Ntot
2
1 3 -0.254707882788994
3 2 5287.429887097161
329 3 3
Id
3
1 1 1.0
2 2 1.0
3 3 -0.967018042461629
Nupdn
1
1 2 1392.6835
Ntot
2
1 3 0.2547078827866913
3 2 -5287.4298871482715
330 3 3
Id
3
1 1 1.0
2 2 1.0
3 3 -0.9670180424621959
Nupdn
1
1 2 1392.6835
Ntot
2
1 3 -0.25470788278453865
3 2 5287.429887196065
331 3 3
Id
3
1 1 1.0
2 2 1.0
3 3 -0.9670180424627264
Nupdn
1
1 2 1392.6835
Ntot
2
1 3 0.25470788278252515
3 2 -5287.429887240759
332 3 3
Id
3
1 1 1.0
2 2 1.0
3 3 -0.9670180424632224
Nupdn
1
1 2 1392.6835
Ntot
2
1 3 -0.25470788278064216
3 2 5287.429887282552
333 3 3
Id
3
1 1 1.0
2 2 1.0
3 3 -0.9670180424636863
Nupdn
1
1 2 1392.6835
Ntot
2
1 3 0.25470788277888196
3 2 -5287.429887321635
334 3 3
Id
3
1 1 1.0
2 2 1.0
3 3 -0.9670180424641197
Nupdn
1
1 2 1392.6835
Ntot
2
1 3 -0.2547078827772357
3 2 5287.429887358183
335 3 3
Id
3
1 1 1.0
2 2 1.0
3 3 -0.9670180424645254
Nupdn
1
1 2 1392.6835
Ntot
2
1 3 0.254707882775696
3 2 -5287.429887392355
336 3 3
Id
3
1 1 1.0
2 2 1.0
3 3 -0.9670180424649044
Nupdn
1
1 2 1392.6835
Ntot
2
1 3 -0.2547078827742564
3 2 5287.429887424313
337 3 3
Id
3
1 1 1.0
2 2 1.0
3 3 -0.9670180424652592
Nupdn
1
1 2 1392.6835
Ntot
2
1 3 0.25470788277290957
3 2 -5287.4298874542055
338 3 3
Id
3
1 1 1.0
2 2 1.0
3 3 -0.9670180424655905
Nupdn
1
1 2 1392.6835
Ntot
2
1 3 -0.2547078827716509
3 2 5287.42988748215
339 3 3
Id
3
1 1 1.0
2 2 1.0
3 3 -0.967018042465901
Nupdn
1
1 2 1392.6835
Ntot
2
1 3 0.25470788277047357
3 2 -5287.429887508281
340 3 3
Id
3
1 1 1.0
2 2 1.0
3 3 -0.9670180424661907
Nupdn
1
1 2 1392.6835
Ntot
2
1 3 -0.25470788276937284
3 2 5287.429887532719
341 3 3
Id
3
1 1 1.0
2 2 1.0
3 3 -0.9670180424664618
Nupdn
1
1 2 1392.6835
Ntot
2
1 3 0.25470788276834344
3 2 -5287.42988755558
342 3 3
Id
3
1 1 1.0
2 2 1.0
3 3 -0.9670180424667154
Nupdn
1
1 2 1392.6835
Ntot
2
1 3 -0.25470788276738066
3 2 5287.429887576949
343 3 3
Id
3
1 1 1.0
2 2 1.0
3 3 -0.9670180424669526
Nupdn
1
1 2 1392.6835
Ntot
2
1 3 0.25470788276648054
3 2 -5287.429887596933
344 3 3
Id
3
1 1 1.0
2 2 1.0
3 3 -0.9670180424671744
Nupdn
1
1 2 1392.6835
Ntot
2
1 3 -0.25470788276563894
3 2 5287.429887615617
345 3 3
Id
3
1 1 1.0
2 2 1.0
3 3 -0.967018042467382
Nupdn
1
1 2 1392.6835
Ntot
2
1 3 0.2547078827648512
3 2 -5287.429887633094
346 3 3
Id
3
1 1 1.0
2 2 1.0
3 3 -0.9670180424675756
Nupdn
1
1 2 1392.6835
Ntot
2
1 3 -0.25470788276411505
3 2 5287.429887649433
347 3 3
Id
3
1 1 1.0
2 2 1.0
3 3 -0.9670180424677566
Nupdn
1
1 2 1392.6835
Ntot
2
1 3 0.2547078827634271
3 2 -5287.42988766472
348 3 3
Id
3
1 1 1.0
2 2 1.0
3 3 -0.9670180424679264
Nupdn
1
1 2 1392.6835
Ntot
2
1 3 -0.25470788276278344
3 2 5287.429887679006
349 3 3
Id
3
1 1 1.0
2 2 1.0
3 3 -0.967018042468085
Nupdn
1
1 2 1392.6835
Ntot
2
1 3 0.2547078827621813
3 2 -5287.429887692372
350 3 3
Id
3
1 1 1.0
2 2 1.0
3 3 -0.9670180424682333
Nupdn
1
1 2 1392.6835
Ntot
2
1 3 -0.25470788276161854
3 2 5287.429887704861
351 3 3
Id
3
1 1 1.0
2 2 1.0
3 3 -0.9670180424683716
Nupdn
1
1 2 1392.6835
Ntot
2
1 3 0.2547078827610921
3 2 -5287.42988771655
352 3 3
Id
3
1 1 1.0
2 2 1.0
3 3 -0.9670180424685018
Nupdn
1
1 2 1392.6835
Ntot
2
1 3 -0.2547078827605996
3 2 5287.429887727476
353 3 3
Id
3
1 1 1.0
2 2 1.0
3 3 -0.9670180424686228
Nupdn
1
1 2 1392.6835
Ntot
2
1 3 0.2547078827601394
3 2 -5287.429887737697
354 3 3
Id
3
1 1 1.0
2 2 1.0
3 3 -0.9670180424687362
Nupdn
1
1 2 1392.6835
Ntot
2
1 3 -0.25470788275970935
3 2 5287.429887747247
355 3 3
Id
3
1 1 1.0
2 2 1.0
3 3 -0.9670180424688426
Nupdn
1
1 2 1392.6835
Ntot
2
1 3 0.2547078827593065
3 2 -5287.429887756183
356 3 3
Id
3
1 1 1.0
2 2 1.0
3 3 -0.9670180424689412
Nupdn
1
1 2 1392.6835
Ntot
2
1 3 -0.25470788275893025
3 2 5287.429887764537
357 3 3
Id
3
1 1 1.0
2 2 1.0
3 3 -0.967018042469034
Nupdn
1
1 2 1392.6835
Ntot
2
1 3 0.25470788275857814
3 2 -5287.429887772352
358 3 3
Id
3
1 1 1.0
2 2 1.0
3 3 -0.9670180424691208
Nupdn
1
1 2 1392.6835
Ntot
2
1 3 -0.254707882758249
3 2 5287.429887779659
359 3 3
Id
3
1 1 1.0
2 2 1.0
3 3 -0.9670180424692021
Nupdn
1
1 2 1392.6835
Ntot
2
1 3 0.25470788275794115
3 2 -5287.429887786495
360 3 3
Id
3
1 1 1.0
2 2 1.0
3 3 -0.9670180424692776
Nupdn
1
1 2 1392.6835
Ntot
2
1 3 -0.25470788275765344
3 2 5287.429887792881
361 3 3
Id
3
1 1 1.0
2 2 1.0
3 3 -0.9670180424693484
Nupdn
1
1 2 1392.6835
Ntot
2
1 3 0.25470788275738454
3 2 -5287.429887798855
362 3 3
Id
3
1 1 1.0
2 2 1.0
3 3 -0.9670180424694148
Nupdn
1
1 2 1392.6835
Ntot
2
1 3 -0.25470788275713274
3 2 5287.429887804442
363 3 3
Id
3
1 1 1.0
2 2 1.0
3 3 -0.9670180424694768
Nupdn
1
1 2 1392.6835
Ntot
2
1 3 0.2547078827568972
3 2 -5287.429887809664
364 3 3
Id
3
1 1 1.0
2 2 1.0
3 3 -0.9670180424695345
Nupdn
1
1 2 1392.6835
Ntot
2
1 3 -0.25470788275667733
3 2 5287.429887814547
365 3 3
Id
3
1 1 1.0
2 2 1.0
3 3 -0.9670180424695891
Nupdn
1
1 2 1392.6835
Ntot
2
1 3 0.2547078827564714
3 2 -5287.429887819116
366 3 3
Id
3
1 1 1.0
2 2 1.0
3 3 -0.9670180424696393
Nupdn
1
1 2 1392.6835
Ntot
2
1 3 -0.25470788275627915
3 2 5287.429887823394
367 3 3
Id
3
1 1 1.0
2 2 1.0
3 3 -0.9670180424696868
Nupdn
1
1 2 1392.6835
Ntot
2
1 3 0.25470788275609907
3 2 -5287.429887827385
368 3 3
Id
3
1 1 1.0
2 2 1.0
3 3 -0.9670180424697312
Nupdn
1
1 2 1392.6835
Ntot
2
1 3 -0.254707882755931
3 2 5287.42988783112
369 3 3
Id
3
1 1 1.0
2 2 1.0
3 3 -0.967018042469773
Nupdn
1
1 2 1392.6835
Ntot
2
1 3 0.25470788275577366
3 2 -5287.429887834613
370 3 3
Id
3
1 1 1.0
2 2 1.0
3 3 -0.9670180424698112
Nupdn
1
1 2 1392.6835
Ntot
2
1 3 -0.25470788275562645
3 2 5287.429887837887
371 3 3
Id
3
1 1 1.0
2 2 1.0
3 3 -0.967018042469848
Nupdn
1
1 2 1392.6835
Ntot
2
1 3 0.25470788275548834
3 2 -5287.429887840936
372 3 3
Id
3
1 1 1.0
2 2 1.0
3 3 -0.9670180424698818
Nupdn
1
1 2 1392.6835
Ntot
2
1 3 -0.25470788275535977
3 2 5287.429887843796
373 3 3
Id
3
1 1 1.0
2 2 1.0
3 3 -0.9670180424699133
Nupdn
1
1 2 1392.6835
Ntot
2
1 3 0.2547078827552395
3 2 -5287.429887846471
374 3 3
Id
3
1 1 1.0
2 2 1.0
3 3 -0.967018042469943
Nupdn
1
1 2 1392.6835
Ntot
2
1 3 -0.25470788275512685
3 2 5287.429887848973
375 3 3
Id
3
1 1 1.0
2 2 1.0
3 3 -0.967018042469971
Nupdn
1
1 2 1392.6835
Ntot
2
1 3 0.25470788275502176
3 2 -5287.429887851307
376 3 3
Id
3
1 1 1.0
2 2 1.0
3 3 -0.9670180424699963
Nupdn
1
1 2 1392.6835
Ntot
2
1 3 -0.25470788275492373
3 2 5287.429887853488
377 3 3
Id
3
1 1 1.0
2 2 1.0
3 3 -0.967018042470021
Nupdn
1
1 2 1392.6835
Ntot
2
1 3 0.2547078827548313
3 2 -5287.429887855535
378 3 3
Id
3
1 1 1.0
2 2 1.0
3 3 -0.9670180424700434
Nupdn
1
1 2 1392.6835
Ntot
2
1 3 -0.2547078827547452
3 2 5287.4298878574455
379 3 3
Id
3
1 1 1.0
2 2 1.0
3 3 -0.9670180424700647
Nupdn
1
1 2 1392.6835
Ntot
2
1 3 0.25470788275466494
3 2 -5287.429887859228
380 3 3
Id
3
1 1 1.0
2 2 1.0
3 3 -0.9670180424700845
Nupdn
1
1 2 1392.6835
Ntot
2
1 3 -0.25470788275458944
3 2 5287.429887860897
381 3 3
Id
3
1 1 1.0
2 2 1.0
3 3 -0.9670180424701029
Nupdn
1
1 2 1392.6835
Ntot
2
1 3 0.254707882754519
3 2 -5287.429887862464
382 3 3
Id
3
1 1 1.0
2 2 1.0
3 3 -0.9670180424701205
Nupdn
1
1 2 1392.6835
Ntot
2
1 3 -0.25470788275445355
3 2 5287.429887863923
383 3 3
Id
3
1 1 1.0
2 2 1.0
3 3 -0.9670180424701367
Nupdn
1
1 2 1392.6835
Ntot
2
1 3 0.2547078827543918
3 2 -5287.429887865292
384 3 3
Id
3
1 1 1.0
2 2 1.0
3 3 -0.967018042470152
Nupdn
1
1 2 1392.6835
Ntot
2
1 3 -0.25470788275433415
3 2 5287.429887866566
385 3 3
Id
3
1 1 1.0
2 2 1.0
3 3 -0.967018042470166
Nupdn
1
1 2 1392.6835
Ntot
2
1 3 0.25470788275428025
3 2 -5287.429887867757
386 3 3
Id
3
1 1 1.0
2 2 1.0
3 3 -0.9670180424701795
Nupdn
1
1 2 1392.6835
Ntot
2
1 3 -0.25470788275422995
3 2 5287.429887868877
387 3 3
Id
3
1 1 1.0
2 2 1.0
3 3 -0.9670180424701915
Nupdn
1
1 2 1392.6835
Ntot
2
1 3 0.25470788275418327
3 2 -5287.429887869925
388 3 3
Id
3
1 1 1.0
2 2 1.0
3 3 -0.9670180424702035
Nupdn
1
1 2 1392.6835
Ntot
2
1 3 -0.25470788275413914
3 2 5287.429887870901
389 3 3
Id
3
1 1 1.0
2 2 1.0
3 3 -0.967018042470214
Nupdn
1
1 2 1392.6835
Ntot
2
1 3 0.2547078827540978
3 2 -5287.429887871809
390 3 3
Id
3
1 1 1.0
2 2 1.0
3 3 -0.9670180424702244
Nupdn
1
1 2 1392.6835
Ntot
2
1 3 -0.2547078827540595
3 2 5287.429887872665
391 3 3
Id
3
1 1 1.0
2 2 1.0
3 3 -0.9670180424702339
Nupdn
1
1 2 1392.6835
Ntot
2
1 3 0.2547078827540234
3 2 -5287.429887873466
392 3 3
Id
3
1 1 1.0
2 2 1.0
3 3 -0.9670180424702426
Nupdn
1
1 2 1392.6835
Ntot
2
1 3 -0.25470788275398965
3 2 5287.42988787421
393 3 3
Id
3
1 1 1.0
2 2 1.0
3 3 -0.967018042470251
Nupdn
1
1 2 1392.6835
Ntot
2
1 3 0.25470788275395834
3 2 -5287.429887874914
394 3 3
Id
3
1 1 1.0
2 2 1.0
3 3 -0.9670180424702586
Nupdn
1
1 2 1392.6835
Ntot
2
1 3 -0.25470788275392914
3 2 5287.429887875563
395 3 3
Id
3
1 1 1.0
2 2 1.0
3 3 -0.9670180424702659
Nupdn
1
1 2 1392.6835
Ntot
2
1 3 0.25470788275390127
3 2 -5287.429887876176
396 3 3
Id
3
1 1 1.0
2 2 1.0
3 3 -0.9670180424702728
Nupdn
1
1 2 1392.6835
Ntot
2
1 3 -0.2547078827538756
3 2 5287.4298878767495
397 3 3
Id
3
1 1 1.0
2 2 1.0
3 3 -0.9670180424702786
Nupdn
1
1 2 1392.6835
Ntot
2
1 3 0.25470788275385153
3 2 -5287.429887877281
398 3 3
Id
3
1 1 1.0
2 2 1.0
3 3 -0.9670180424702852
Nupdn
1
1 2 1392.6835
Ntot
2
1 3 -0.2547078827538289
3 2 5287.429887877782
399 3 3
Id
3
1 1 1.0
2 2 1.0
3 3 -0.9670180424702903
Nupdn
1
1 2 1392.6835
Ntot
2
1 3 0.2547078827538081
3 2 -5287.429887878253
400 3 3
Id
3
1 1 1.0
2 2 1.0
3 3 -0.9670180424702957
Nupdn
1
1 2 1392.6835
Ntot
2
1 3 -0.2547078827537885
3 2 5287.429887878683
401 3 3
Id
3
1 1 1.0
2 2 1.0
3 3 -0.9670180424703003
Nupdn
1
1 2 1392.6835
Ntot
2
1 3 0.2547078827537698
3 2 -5287.42988787909
402 3 3
Id
3
1 1 1.0
2 2 1.0
3 3 -0.967018042470305
Nupdn
1
1 2 1392.6835
Ntot
2
1 3 -0.25470788275375256
3 2 5287.429887879471
403 3 3
Id
3
1 1 1.0
2 2 1.0
3 3 -0.9670180424703094
Nupdn
1
1 2 1392.6835
Ntot
2
1 3 0.25470788275373646
3 2 -5287.429887879832
404 3 3
Id
3
1 1 1.0
2 2 1.0
3 3 -0.9670180424703132
Nupdn
1
1 2 1392.6835
Ntot
2
1 3 -0.2547078827537218
3 2 5287.429887880166
405 3 3
Id
3
1 1 1.0
2 2 1.0
3 3 -0.9670180424703168
Nupdn
1
1 2 1392.6835
Ntot
2
1 3 0.25470788275370765
3 2 -5287.429887880481
406 3 3
Id
3
1 1 1.0
2 2 1.0
3 3 -0.9670180424703203
Nupdn
1
1 2 1392.6835
Ntot
2
1 3 -0.25470788275369416
3 2 5287.429887880771
407 3 3
Id
3
1 1 1.0
2 2 1.0
3 3 -0.9670180424703234
Nupdn
1
1 2 1392.6835
Ntot
2
1 3 0.2547078827536821
3 2 -5287.429887881041
408 3 3
Id
3
1 1 1.0
2 2 1.0
3 3 -0.9670180424703263
Nupdn
1
1 2 1392.6835
Ntot
2
1 3 -0.25470788275367073
3 2 5287.4298878813
409 3 3
Id
3
1 1 1.0
2 2 1.0
3 3 -0.9670180424703294
Nupdn
1
1 2 1392.6835
Ntot
2
1 3 0.2547078827536598
3 2 -5287.429887881538
410 3 3
Id
3
1 1 1.0
2 2 1.0
3 3 -0.9670180424703319
Nupdn
1
1 2 1392.6835
Ntot
2
1 3 -0.25470788275364964
3 2 5287.429887881764
411 3 3
Id
3
1 1 1.0
2 2 1.0
3 3 -0.9670180424703343
Nupdn
1
1 2 1392.6835
Ntot
2
1 3 0.25470788275364015
3 2 -5287.42988788197
412 3 3
Id
3
1 1 1.0
2 2 1.0
3 3 -0.9670180424703372
Nupdn
1
1 2 1392.6835
Ntot
2
1 3 -0.25470788275363143
3 2 5287.429887882163
413 3 3
Id
3
1 1 1.0
2 2 1.0
3 3 -0.967018042470339
Nupdn
1
1 2 1392.6835
Ntot
2
1 3 0.2547078827536233
3 2 -5287.429887882351
414 3 3
Id
3
1 1 1.0
2 2 1.0
3 3 -0.967018042470341
Nupdn
1
1 2 1392.6835
Ntot
2
1 3 -0.2547078827536157
3 2 5287.42988788252
415 3 3
Id
3
1 1 1.0
2 2 1.0
3 3 -0.9670180424703434
Nupdn
1
1 2 1392.6835
Ntot
2
1 3 0.25470788275360834
3 2 -5287.429887882677
416 3 3
Id
3
1 1 1.0
2 2 1.0
3 3 -0.9670180424703447
Nupdn
1
1 2 1392.6835
Ntot
2
1 3 -0.2547078827536016
3 2 5287.429887882822
417 3 3
Id
3
1 1 1.0
2 2 1.0
3 3 -0.9670180424703465
Nupdn
1
1 2 1392.6835
Ntot
2
1 3 0.2547078827535956
3 2 -5287.429887882967
418 3 3
Id
3
1 1 1.0
2 2 1.0
3 3 -0.9670180424703481
Nupdn
1
1 2 1392.6835
Ntot
2
1 3 -0.2547078827535895
3 2 5287.429887883098
419 3 3
Id
3
1 1 1.0
2 2 1.0
3 3 -0.9670180424703492
Nupdn
1
1 2 1392.6835
Ntot
2
1 3 0.25470788275358447
3 2 -5287.429887883215
420 3 3
Id
3
1 1 1.0
2 2 1.0
3 3 -0.967018042470351
Nupdn
1
1 2 1392.6835
Ntot
2
1 3 -0.25470788275357875
3 2 5287.429887883333
421 3 3
Id
3
1 1 1.0
2 2 1.0
3 3 -0.9670180424703525
Nupdn
1
1 2 1392.6835
Ntot
2
1 3 0.2547078827535739
3 2 -5287.429887883444
422 3 3
Id
3
1 1 1.0
2 2 1.0
3 3 -0.967018042470353
Nupdn
1
1 2 1392.6835
Ntot
2
1 3 -0.25470788275357015
3 2 5287.4298878835425
423 3 3
Id
3
1 1 1.0
2 2 1.0
3 3 -0.9670180424703541
Nupdn
1
1 2 1392.6835
Ntot
2
1 3 0.25470788275356543
3 2 -5287.429887883631
424 3 3
Id
3
1 1 1.0
2 2 1.0
3 3 -0.9670180424703556
Nupdn
1
1 2 1392.6835
Ntot
2
1 3 -0.2547078827535611
3 2 5287.429887883728
425 3 3
Id
3
1 1 1.0
2 2 1.0
3 3 -0.967018042470356
Nupdn
1
1 2 1392.6835
Ntot
2
1 3 0.25470788275355777
3 2 -5287.429887883803
426 3 3
Id
3
1 1 1.0
2 2 1.0
3 3 -0.9670180424703569
Nupdn
1
1 2 1392.6835
Ntot
2
1 3 -0.2547078827535543
3 2 5287.429887883883
427 3 3
Id
3
1 1 1.0
2 2 1.0
3 3 -0.967018042470358
Nupdn
1
1 2 1392.6835
Ntot
2
1 3 0.25470788275355094
3 2 -5287.429887883958
428 3 3
Id
3
1 1 1.0
2 2 1.0
3 3 -0.9670180424703589
Nupdn
1
1 2 1392.6835
Ntot
2
1 3 -0.2547078827535478
3 2 5287.42988788402
429 3 3
Id
3
1 1 1.0
2 2 1.0
3 3 -0.9670180424703594
Nupdn
1
1 2 1392.6835
Ntot
2
1 3 0.254707882753545
3 2 -5287.429887884081
430 3 3
Id
3
1 1 1.0
2 2 1.0
3 3 -0.9670180424703603
Nupdn
1
1 2 1392.6835
Ntot
2
1 3 -0.2547078827535426
3 2 5287.429887884136
431 3 3
Id
3
1 1 1.0
2 2 1.0
3 3 -0.9670180424703612
Nupdn
1
1 2 1392.6835
Ntot
2
1 3 0.25470788275353995
3 2 -5287.429887884194
432 3 3
Id
3
1 1 1.0
2 2 1.0
3 3 -0.9670180424703614
Nupdn
1
1 2 1392.6835
Ntot
2
1 3 -0.2547078827535379
3 2 5287.429887884245
433 3 3
Id
3
1 1 1.0
2 2 1.0
3 3 -0.9670180424703623
Nupdn
1
1 2 1392.6835
Ntot
2
1 3 0.2547078827535357
3 2 -5287.429887884291
434 3 3
Id
3
1 1 1.0
2 2 1.0
3 3 -0.9670180424703625
Nupdn
1
1 2 1392.6835
Ntot
2
1 3 -0.25470788275353373
3 2 5287.429887884332
435 3 3
Id
3
1 1 1.0
2 2 1.0
3 3 -0.9670180424703632
Nupdn
1
1 2 1392.6835
Ntot
2
1 3 0.2547078827535318
3 2 -5287.4298878843765
436 3 3
Id
3
1 1 1.0
2 2 1.0
3 3 -0.9670180424703636
Nupdn
1
1 2 1392.6835
Ntot
2
1 3 -0.25470788275353035
3 2 5287.429887884417
437 3 3
Id
3
1 1 1.0
2 2 1.0
3 3 -0.9670180424703638
Nupdn
1
1 2 1392.6835
Ntot
2
1 3 0.2547078827535283
3 2 -5287.429887884451
438 3 3
Id
3
1 1 1.0
2 2 1.0
3 3 -0.9670180424703643
Nupdn
1
1 2 1392.6835
Ntot
2
1 3 -0.25470788275352674
3 2 5287.429887884489
439 3 3
Id
3
1 1 1.0
2 2 1.0
3 3 -0.9670180424703649
Nupdn
1
1 2 1392.6835
Ntot
2
1 3 0.25470788275352574
3 2 -5287.429887884515
440 3 3
Id
3
1 1 1.0
2 2 1.0
3 3 -0.9670180424703652
Nupdn
1
1 2 1392.6835
Ntot
2
1 3 -0.2547078827535242
3 2 5287.429887884545
441 3 3
Id
3
1 1 1.0
2 2 1.0
3 3 -0.9670180424703656
Nupdn
1
1 2 1392.6835
Ntot
2
1 3 0.2547078827535229
3 2 -5287.42988788457
442 3 3
Id
3
1 1 1.0
2 2 1.0
3 3 -0.9670180424703658
Nupdn
1
1 2 1392.6835
Ntot
2
1 3 -0.25470788275352163
3 2 5287.429887884599
443 3 3
Id
3
1 1 1.0
2 2 1.0
3 3 -0.967018042470366
Nupdn
1
1 2 1392.6835
Ntot
2
1 3 0.2547078827535207
3 2 -5287.42988788463
444 3 3
Id
3
1 1 1.0
2 2 1.0
3 3 -0.9670180424703663
Nupdn
1
1 2 1392.6835
Ntot
2
1 3 -0.25470788275351947
3 2 5287.429887884648
445 3 3
Id
3
1 1 1.0
2 2 1.0
3 3 -0.9670180424703665
Nupdn
1
1 2 1392.6835
Ntot
2
1 3 0.2547078827535188
3 2 -5287.429887884674
446 3 3
Id
3
1 1 1.0
2 2 1.0
3 3 -0.9670180424703667
Nupdn
1
1 2 1392.6835
Ntot
2
1 3 -0.2547078827535179
3 2 5287.429887884692
447 3 3
Id
3
1 1 1.0
2 2 1.0
3 3 -0.9670180424703672
Nupdn
1
1 2 1392.6835
Ntot
2
1 3 0.2547078827535169
3 2 -5287.4298878847085
448 3 3
Id
3
1 1 1.0
2 2 1.0
3 3 -0.9670180424703676
Nupdn
1
1 2 1392.6835
Ntot
2
1 3 -0.25470788275351636
3 2 5287.429887884725
449 3 3
Id
3
1 1 1.0
2 2 1.0
3 3 -0.9670180424703676
Nupdn
1
1 2 1392.6835
Ntot
2
1 3 0.25470788275351536
3 2 -5287.429887884748
450 3 3
Id
3
1 1 1.0
2 2 1.0
3 3 -0.9670180424703676
Nupdn
1
1 2 1392.6835
Ntot
2
1 3 -0.2547078827535146
3 2 5287.429887884763
451 3 3
Id
3
1 1 1.0
2 2 1.0
3 3 -0.967018042470368
Nupdn
1
1 2 1392.6835
Ntot
2
1 3 0.25470788275351414
3 2 -5287.42988788477
452 3 3
Id
3
1 1 1.0
2 2 1.0
3 3 -0.967018042470368
Nupdn
1
1 2 1392.6835
Ntot
2
1 3 -0.2547078827535134
3 2 5287.429887884785
453 3 3
Id
3
1 1 1.0
2 2 1.0
3 3 -0.9670180424703683
Nupdn
1
1 2 1392.6835
Ntot
2
1 3 0.25470788275351286
3 2 -5287.429887884797
454 3 3
Id
3
1 1 1.0
2 2 1.0
3 3 -0.9670180424703685
Nupdn
1
1 2 1392.6835
Ntot
2
1 3 -0.2547078827535126
3 2 5287.429887884812
455 3 3
Id
3
1 1 1.0
2 2 1.0
3 3 -0.9670180424703685
Nupdn
1
1 2 1392.6835
Ntot
2
1 3 0.2547078827535119
3 2 -5287.429887884818
456 3 3
Id
3
1 1 1.0
2 2 1.0
3 3 -0.9670180424703685
Nupdn
1
1 2 1392.6835
Ntot
2
1 3 -0.2547078827535115
3 2 5287.429887884832
457 3 3
Id
3
1 1 1.0
2 2 1.0
3 3 -0.9670180424703683
Nupdn
1
1 2 1392.6835
Ntot
2
1 3 0.25470788275351103
3 2 -5287.429887884838
458 3 3
Id
3
1 1 1.0
2 2 1.0
3 3 -0.9670180424703685
Nupdn
1
1 2 1392.6835
Ntot
2
1 3 -0.254707882753511
3 2 5287.429887884846
459 3 3
Id
3
1 1 1.0
2 2 1.0
3 3 -0.9670180424703689
Nupdn
1
1 2 1392.6835
Ntot
2
1 3 0.2547078827535101
3 2 -5287.429887884859
460 3 3
Id
3
1 1 1.0
2 2 1.0
3 3 -0.9670180424703687
Nupdn
1
1 2 1392.6835
Ntot
2
1 3 -0.25470788275350986
3 2 5287.429887884863
461 3 3
Id
3
1 1 1.0
2 2 1.0
3 3 -0.9670180424703689
Nupdn
1
1 2 1392.6835
Ntot
2
1 3 0.2547078827535092
3 2 -5287.429887884877
462 3 3
Id
3
1 1 1.0
2 2 1.0
3 3 -0.9670180424703689
Nupdn
1
1 2 1392.6835
Ntot
2
1 3 -0.2547078827535091
3 2 5287.429887884884
463 3 3
Id
3
1 1 1.0
2 2 1.0
3 3 -0.9670180424703689
Nupdn
1
1 2 1392.6835
Ntot
2
1 3 0.25470788275350886
3 2 -5287.42988788489
464 3 3
Id
3
1 1 1.0
2 2 1.0
3 3 -0.9670180424703694
Nupdn
1
1 2 1392.6835
Ntot
2
1 3 -0.25470788275350836
3 2 5287.429887884896
465 3 3
Id
3
1 1 1.0
2 2 1.0
3 3 -0.9670180424703696
Nupdn
1
1 2 1392.6835
Ntot
2
1 3 0.25470788275350825
3 2 -5287.429887884906
466 3 3
Id
3
1 1 1.0
2 2 1.0
3 3 -0.9670180424703696
Nupdn
1
1 2 1392.6835
Ntot
2
1 3 -0.25470788275350775
3 2 5287.429887884912
467 3 3
Id
3
1 1 1.0
2 2 1.0
3 3 -0.9670180424703694
Nupdn
1
1 2 1392.6835
Ntot
2
1 3 0.25470788275350803
3 2 -5287.429887884908
468 3 3
Id
3
1 1 1.0
2 2 1.0
3 3 -0.9670180424703694
Nupdn
1
1 2 1392.6835
Ntot
2
1 3 -0.25470788275350736
3 2 5287.429887884914
469 3 3
Id
3
1 1 1.0
2 2 1.0
3 3 -0.9670180424703696
Nupdn
1
1 2 1392.6835
Ntot
2
1 3 0.2547078827535076
3 2 -5287.429887884919
470 3 3
Id
3
1 1 1.0
2 2 1.0
3 3 -0.9670180424703698
Nupdn
1
1 2 1392.6835
Ntot
2
1 3 -0.2547078827535071
3 2 5287.429887884929
471 3 3
Id
3
1 1 1.0
2 2 1.0
3 3 -0.9670180424703698
Nupdn
1
1 2 1392.6835
Ntot
2
1 3 0.25470788275350736
3 2 -5287.4298878849195
472 3 3
Id
3
1 1 1.0
2 2 1.0
3 3 -0.9670180424703698
Nupdn
1
1 2 1392.6835
Ntot
2
1 3 -0.25470788275350686
3 2 5287.4298878849295
473 3 3
Id
3
1 1 1.0
2 2 1.0
3 3 -0.9670180424703696
Nupdn
1
1 2 1392.6835
Ntot
2
1 3 0.25470788275350686
3 2 -5287.429887884927
474 3 3
Id
3
1 1 1.0
2 2 1.0
3 3 -0.9670180424703698
Nupdn
1
1 2 1392.6835
Ntot
2
1 3 -0.25470788275350664
3 2 5287.4298878849395
475 3 3
Id
3
1 1 1.0
2 2 1.0
3 3 -0.9670180424703696
Nupdn
1
1 2 1392.6835
Ntot
2
1 3 0.2547078827535068
3 2 -5287.429887884933
476 3 3
Id
3
1 1 1.0
2 2 1.0
3 3 -0.96701804247037
Nupdn
1
1 2 1392.6835
Ntot
2
1 3 -0.2547078827535066
3 2 5287.4298878849395
477 3 3
Id
3
1 1 1.0
2 2 1.0
3 3 -0.9670180424703698
Nupdn
1
1 2 1392.6835
Ntot
2
1 3 0.25470788275350664
3 2 -5287.429887884942
478 3 3
Id
3
1 1 1.0
2 2 1.0
3 3 -0.96701804247037
Nupdn
1
1 2 1392.6835
Ntot
2
1 3 -0.25470788275350636
3 2 5287.42988788495
479 3 3
Id
3
1 1 1.0
2 2 1.0
3 3 -0.9670180424703698
Nupdn
1
1 2 1392.6835
Ntot
2
1 3 0.25470788275350625
3 2 -5287.429887884944
480 3 3
Id
3
1 1 1.0
2 2 1.0
3 3 -0.96701804247037
Nupdn
1
1 2 1392.6835
Ntot
2
1 3 -0.2547078827535061
3 2 5287.4298878849495
481 3 3
Id
3
1 1 1.0
2 2 1.0
3 3 -0.9670180424703698
Nupdn
1
1 2 1392.6835
Ntot
2
1 3 0.2547078827535061
3 2 -5287.429887884952
482 3 3
Id
3
1 1 1.0
2 2 1.0
3 3 -0.9670180424703703
Nupdn
1
1 2 1392.6835
Ntot
2
1 3 -0.2547078827535059
3 2 5287.429887884953
483 3 3
Id
3
1 1 1.0
2 2 1.0
3 3 -0.96701804247037
Nupdn
1
1 2 1392.6835
Ntot
2
1 3 0.25470788275350614
3 2 -5287.429887884949
484 3 3
Id
3
1 1 1.0
2 2 1.0
3 3 -0.96701804247037
Nupdn
1
1 2 1392.6835
Ntot
2
1 3 -0.25470788275350575
3 2 5287.429887884958
485 3 3
Id
3
1 1 1.0
2 2 1.0
3 3 -0.96701804247037
Nupdn
1
1 2 1392.6835
Ntot
2
1 3 0.2547078827535058
3 2 -5287.429887884958
486 3 3
Id
3
1 1 1.0
2 2 1.0
3 3 -0.9670180424703703
Nupdn
1
1 2 1392.6835
Ntot
2
1 3 -0.25470788275350564
3 2 5287.429887884957
487 3 3
Id
3
1 1 1.0
2 2 1.0
3 3 -0.96701804247037
Nupdn
1
1 2 1392.6835
Ntot
2
1 3 0.25470788275350587
3 2 -5287.429887884952
488 3 3
Id
3
1 1 1.0
2 2 1.0
3 3 -0.9670180424703703
Nupdn
1
1 2 1392.6835
Ntot
2
1 3 -0.2547078827535055
3 2 5287.429887884962
489 3 3
Id
3
1 1 1.0
2 2 1.0
3 3 -0.9670180424703698
Nupdn
1
1 2 1392.6835
Ntot
2
1 3 0.25470788275350537
3 2 -5287.4298878849695
490 3 3
Id
3
1 1 1.0
2 2 1.0
3 3 -0.96701804247037
Nupdn
1
1 2 1392.6835
Ntot
2
1 3 -0.25470788275350537
3 2 5287.429887884961
491 3 3
Id
3
1 1 1.0
2 2 1.0
3 3 -0.96701804247037
Nupdn
1
1 2 1392.6835
Ntot
2
1 3 0.25470788275350537
3 2 -5287.429887884965
492 3 3
Id
3
1 1 1.0
2 2 1.0
3 3 -0.9670180424703703
Nupdn
1
1 2 1392.6835
Ntot
2
1 3 -0.2547078827535054
3 2 5287.429887884968
493 3 3
Id
3
1 1 1.0
2 2 1.0
3 3 -0.96701804247037
Nupdn
1
1 2 1392.6835
Ntot
2
1 3 0.25470788275350503
3 2 -5287.4298878849695
494 3 3
Id
3
1 1 1.0
2 2 1.0
3 3 -0.9670180424703703
Nupdn
1
1 2 1392.6835
Ntot
2
1 3 -0.25470788275350525
3 2 5287.429887884968
495 3 3
Id
3
1 1 1.0
2 2 1.0
3 3 -0.9670180424703703
Nupdn
1
1 2 1392.6835
Ntot
2
1 3 0.25470788275350514
3 2 -5287.429887884967
496 3 3
Id
3
1 1 1.0
2 2 1.0
3 3 -0.96701804247037
Nupdn
1
1 2 1392.6835
Ntot
2
1 3 -0.25470788275350525
3 2 5287.42988788497
497 3 3
Id
3
1 1 1.0
2 2 1.0
3 3 -0.96701804247037
Nupdn
1
1 2 1392.6835
Ntot
2
1 3 0.25470788275350525
3 2 -5287.429887884968
498 3 3
Id
3
1 1 1.0
2 2 1.0
3 3 -0.96701804247037
Nupdn
1
1 2 1392.6835
Ntot
2
1 3 -0.25470788275350537
3 2 5287.429887884968
499 3 3
Id
3
1 1 1.0
2 2 1.0
3 3 -0.9670180424703703
Nupdn
1
1 2 1392.6835
Ntot
2
1 3 0.25470788275350525
3 2 -5287.429887884967
500 3 3
Id
3
1 1 1.0
2 2 1.0
3 3 -0.96701804247037
Nupdn
1
1 2 1392.6835
Ntot
2
1 3 -0.2547078827535055
3 2 5287.429887884969
501 3 3
Id
3
1 1 1.0
2 2 1.0
3 3 -0.96701804247037
Nupdn
1
1 2 1392.6835
Ntot
2
1 3 0.2547078827535052
3 2 -5287.429887884966
502 3 3
Id
3
1 1 1.0
2 2 1.0
3 3 -0.96701804247037
Nupdn
1
1 2 1392.6835
Ntot
2
1 3 -0.25470788275350525
3 2 5287.429887884971
503 3 3
Id
3
1 1 1.0
2 2 1.0
3 3 -0.9670180424703703
Nupdn
1
1 2 1392.6835
Ntot
2
1 3 0.2547078827535051
3 2 -5287.429887884966
504 3 3
Id
3
1 1 1.0
2 2 1.0
3 3 -0.96701804247037
Nupdn
1
1 2 1392.6835
Ntot
2
1 3 -0.25470788275350525
3 2 5287.429887884965
505 3 3
Id
3
1 1 1.0
2 2 1.0
3 3 -0.96701804247037
Nupdn
1
1 2 1392.6835
Ntot
2
1 3 0.254707882753505
3 2 -5287.429887884971
506 3 3
Id
3
1 1 1.0
2 2 1.0
3 3 -0.9670180424703703
Nupdn
1
1 2 1392.6835
Ntot
2
1 3 -0.2547078827535053
3 2 5287.4298878849695
507 3 3
Id
3
1 1 1.0
2 2 1.0
3 3 -0.9670180424703705
Nupdn
1
1 2 1392.6835
Ntot
2
1 3 0.2547078827535049
3 2 -5287.42988788497
508 3 3
Id
3
1 1 1.0
2 2 1.0
3 3 -0.9670180424703703
Nupdn
1
1 2 1392.6835
Ntot
2
1 3 -0.25470788275350514
3 2 5287.429887884974
509 3 3
Id
3
1 1 1.0
2 2 1.0
3 3 -0.9670180424703703
Nupdn
1
1 2 1392.6835
Ntot
2
1 3 0.25470788275350503
3 2 -5287.429887884977
510 3 3
Id
3
1 1 1.0
2 2 1.0
3 3 -0.9670180424703703
Nupdn
1
1 2 1392.6835
Ntot
2
1 3 -0.25470788275350525
3 2 5287.429887884966
511 3 3
Id
3
1 1 1.0
2 2 1.0
3 3 -0.9670180424703703
Nupdn
1
1 2 1392.6835
Ntot
2
1 3 0.2547078827535049
3 2 -5287.429887884976
512 3 3
Id
3
1 1 1.0
2 2 1.0
3 3 -0.9670180424703703
Nupdn
1
1 2 1392.6835
Ntot
2
1 3 -0.2547078827535052
3 2 5287.42988788497
513 3 1
Id
1
2 1 1.0
Nupdn
1
1 1 1392.6835
Ntot
1
3 1 -5287.429887884974
