513
1 1 3
Id
1
1 1 1.0
Nupdn
1
1 2 1821.2015000000001
Ntot
1
1 3 1.0
2 3 3
Id
3
1 1 1.0
2 2 1.0
3 3 -0.695152660737
Nupdn
1
1 2 1821.2015000000001
Ntot
2
1 3 -0.7188621413527557
3 2 1761.1347094741036
3 3 3
Id
3
1 1 1.0
2 2 1.0
3 3 -0.8025428276211646
Nupdn
1
1 2 1821.2015000000001
Ntot
2
1 3 0.5965945103953152
3 2 -2449.892139485879
4 3 3
Id
3
1 1 1.0
2 2 1.0
3 3 -0.8510659796103741
Nupdn
1
1 2 1821.2015000000001
Ntot
2
1 3 -0.5250587570451846
3 2 2951.9794077675033
5 3 3
Id
3
1 1 1.0
2 2 1.0
3 3 -0.8788129971899847
Nupdn
1
1 2 1821.2015000000001
Ntot
2
1 3 0.4771663399381354
3 2 -3354.166911499673
6 3 3
Id
3
1 1 1.0
2 2 1.0
3 3 -0.8967675762792702
Nupdn
1
1 2 1821.2015000000001
Ntot
2
1 3 -0.44250188037363597
3 2 3690.819242829319
7 3 3
Id
3
1 1 1.0
2 2 1.0
3 3 -0.9093192133378396
Nupdn
1
1 2 1821.2015000000001
Ntot
2
1 3 0.41609922885611395
3 2 -3979.9485326187787
8 3 3
Id
3
1 1 1.0
2 2 1.0
3 3 -0.91857213155638
Nupdn
1
1 2 1821.2015000000001
Ntot
2
1 3 -0.3952533859791321
3 2 4232.487318747475
9 3 3
Id
3
1 1 1.0
2 2 1.0
3 3 -0.9256626129715377
Nupdn
1
1 2 1821.2015000000001
Ntot
2
1 3 0.3783500058764438
3 2 -4455.710619939087
10 3 3
Id
3
1 1 1.0
2 2 1.0
3 3 -0.9312585821981718
Nupdn
1
1 2 1821.2015000000001
Ntot
2
1 3 -0.36435896185252653
3 2 4654.776482411983
11 3 3
Id
3
1 1 1.0
2 2 1.0
3 3 -0.9357785299591383
Nupdn
1
1 2 1821.2015000000001
Ntot
2
1 3 0.35258834760597824
3 2 -4833.515554331054
12 3 3
Id
3
1 1 1.0
2 2 1.0
3 3 -0.9394980749734232
Nupdn
1
1 2 1821.2015000000001
Ntot
2
1 3 -0.3425541812928751
3 2 4994.874962351836
13 3 3
Id
3
1 1 1.0
2 2 1.0
3 3 -0.9426061727554789
Nupdn
1
1 2 1821.2015000000001
Ntot
2
1 3 0.3339065783767498
3 2 -5141.185849278477
14 3 3
Id
3
1 1 1.0
2 2 1.0
3 3 -0.945236713713967
Nupdn
1
1 2 1821.2015000000001
Ntot
2
1 3 -0.3263855925852433
3 2 5274.3336715187515
15 3 3
Id
3
1 1 1.0
2 2 1.0
3 3 -0.9474872311416329
Nupdn
1
1 2 1821.2015000000001
Ntot
2
1 3 0.3197936003480399
3 2 -5395.871476815084
16 3 3
Id
3
1 1 1.0
2 2 1.0
3 3 -0.9494304650159453
Nupdn
1
1 2 1821.2015000000001
Ntot
2
1 3 -0.31397737513968454
3 2 5507.098039352308
17 3 3
Id
3
1 1 1.0
2 2 1.0
3 3 -0.9511217748337804
Nupdn
1
1 2 1821.2015000000001
Ntot
2
1 3 0.3088160770378373
3 2 -5609.113423190437
18 3 3
Id
3
1 1 1.0
2 2 1.0
3 3 -0.9526040420945872
Nupdn
1
1 2 1821.2015000000001
Ntot
2
1 3 -0.3042129829330984
3 2 5702.859534927404
19 3 3
Id
3
1 1 1.0
2 2 1.0
3 3 -0.953911001444792
Nupdn
1
1 2 1821.2015000000001
Ntot
2
1 3 0.30008965547414934
3 2 -5789.150392248074
20 3 3
Id
3
1 1 1.0
2 2 1.0
3 3 -0.9550695583685052
Nupdn
1
1 2 1821.2015000000001
Ntot
2
1 3 -0.2963817448457112
3 2 5868.695162755506
21 3 3
Id
3
1 1 1.0
2 2 1.0
3 3 -0.9561014358359414
Nupdn
1
1 2 1821.2015000000001
Ntot
2
1 3 0.29303590973198307
3 2 -5942.116004448605
22 3 3
Id
3
1 1 1.0
2 2 1.0
3 3 -0.9570243661748485
Nupdn
1
1 2 1821.2015000000001
Ntot
2
1 3 -0.2900075215363045
3 2 6009.962093331423
23 3 3
Id
3
1 1 1.0
2 2 1.0
3 3 -0.9578529682713326
Nupdn
1
1 2 1821.2015000000001
Ntot
2
1 3 0.2872589270567547
3 2 -6072.720804427951
24 3 3
Id
3
1 1 1.0
2 2 1.0
3 3 -0.9585994029512401
Nupdn
1
1 2 1821.2015000000001
Ntot
2
1 3 -0.2847581160590972
3 2 6130.826733632382
25 3 3
Id
3
1 1 1.0
2 2 1.0
3 3 -0.9592738693451364
Nupdn
1
1 2 1821.2015000000001
Ntot
2
1 3 0.2824776868915675
3 2 -6184.669058242423
26 3 3
Id
3
1 1 1.0
2 2 1.0
3 3 -0.9598849855071474
Nupdn
1
1 2 1821.2015000000001
Ntot
2
1 3 -0.28039403452631306
3 2 6234.59760257149
27 3 3
Id
3
1 1 1.0
2 2 1.0
3 3 -0.9604400836043574
Nupdn
1
1 2 1821.2015000000001
Ntot
2
1 3 0.2784867066954093
3 2 -6280.927882254341
28 3 3
Id
3
1 1 1.0
2 2 1.0
3 3 -0.9609454412454361
Nupdn
1
1 2 1821.2015000000001
Ntot
2
1 3 -0.2767378885328382
3 2 6323.945334311119
29 3 3
Id
3
1 1 1.0
2 2 1.0
3 3 -0.9614064645102938
Nupdn
1
1 2 1821.2015000000001
Ntot
2
1 3 0.27513198650432796
3 2 -6363.908891590486
30 3 3
Id
3
1 1 1.0
2 2 1.0
3 3 -0.9618278340544775
Nupdn
1
1 2 1821.2015000000001
Ntot
2
1 3 -0.2736552898046595
3 2 6401.05402447054
31 3 3
Id
3
1 1 1.0
2 2 1.0
3 3 -0.9622136227007756
Nupdn
1
1 2 1821.2015000000001
Ntot
2
1 3 0.2722956927478836
3 2 -6435.595345996193
32 3 3
Id
3
1 1 1.0
2 2 1.0
3 3 -0.9625673908092272
Nupdn
1
1 2 1821.2015000000001
Ntot
2
1 3 -0.2710424655855916
3 2 6467.728856455773
33 3 3
Id
3
1 1 1.0
2 2 1.0
3 3 -0.9628922641789115
Nupdn
1
1 2 1821.2015000000001
Ntot
2
1 3 0.26988606407965904
3 2 -6497.633887992956
34 3 3
Id
3
1 1 1.0
2 2 1.0
3 3 -0.9631909981073394
Nupdn
1
1 2 1821.2015000000001
Ntot
2
1 3 -0.26881797031632243
3 2 6525.474797966191
35 3 3
Id
3
1 1 1.0
2 2 1.0
3 3 -0.9634660303980076
Nupdn
1
1 2 1821.2015000000001
Ntot
2
1 3 0.2678305588783803
3 2 -6551.402450519768
36 3 3
Id
3
1 1 1.0
2 2 1.0
3 3 -0.9637195254817479
Nupdn
1
1 2 1821.2015000000001
Ntot
2
1 3 -0.2669169837332097
3 2 6575.5555185688145
37 3 3
Id
3
1 1 1.0
2 2 1.0
3 3 -0.9639534113457628
Nupdn
1
1 2 1821.2015000000001
Ntot
2
1 3 0.2660710821469833
3 2 -6598.061632655055
38 3 3
Id
3
1 1 1.0
2 2 1.0
3 3 -0.964169410604979
Nupdn
1
1 2 1821.2015000000001
Ntot
2
1 3 -0.26528729267276946
3 2 6619.038398548008
39 3 3
Id
3
1 1 1.0
2 2 1.0
3 3 -0.964369066774613
Nupdn
1
1 2 1821.2015000000001
Ntot
2
1 3 0.2645605848350458
3 2 -6638.594301787586
40 3 3
Id
3
1 1 1.0
2 2 1.0
3 3 -0.9645537665895467
Nupdn
1
1 2 1821.2015000000001
Ntot
2
1 3 -0.26388639858453905
3 2 6656.829514389584
41 3 3
Id
3
1 1 1.0
2 2 1.0
3 3 -0.9647247590499508
Nupdn
1
1 2 1821.2015000000001
Ntot
2
1 3 0.26326059195408347
3 2 -6673.8366165162715
42 3 3
Id
3
1 1 1.0
2 2 1.0
3 3 -0.9648831717422917
Nupdn
1
1 2 1821.2015000000001
Ntot
2
1 3 -0.26267939562998643
3 2 6689.701243934264
43 3 3
Id
3
1 1 1.0
2 2 1.0
3 3 -0.965030024881971
Nupdn
1
1 2 1821.2015000000001
Ntot
2
1 3 0.2621393733804649
3 2 -6704.502670452544
44 3 3
Id
3
1 1 1.0
2 2 1.0
3 3 -0.9651662434421604
Nupdn
1
1 2 1821.2015000000001
Ntot
2
1 3 -0.26163738746545423
3 2 6718.314333184966
45 3 3
Id
3
1 1 1.0
2 2 1.0
3 3 -0.9652926676681541
Nupdn
1
1 2 1821.2015000000001
Ntot
2
1 3 0.2611705682999114
3 2 -6731.204307360851
46 3 3
Id
3
1 1 1.0
2 2 1.0
3 3 -0.9654100622241262
Nupdn
1
1 2 1821.2015000000001
Ntot
2
1 3 -0.26073628776295943
3 2 6743.235736469845
47 3 3
Id
3
1 1 1.0
2 2 1.0
3 3 -0.9655191241769043
Nupdn
1
1 2 1821.2015000000001
Ntot
2
1 3 0.26033213564341884
3 2 -6754.467222741112
48 3 3
Id
3
1 1 1.0
2 2 1.0
3 3 -0.9656204899870136
Nupdn
1
1 2 1821.2015000000001
Ntot
2
1 3 -0.2599558987929292
3 2 6764.953182293084
49 3 3
Id
3
1 1 1.0
2 2 1.0
3 3 -0.9657147416492806
Nupdn
1
1 2 1821.2015000000001
Ntot
2
1 3 0.25960554262431135
3 2 -6774.744168729009
50 3 3
Id
3
1 1 1.0
2 2 1.0
3 3 -0.9658024121023612
Nupdn
1
1 2 1821.2015000000001
Ntot
2
1 3 -0.259279194647896
3 2 6783.887168475185
51 3 3
Id
3
1 1 1.0
2 2 1.0
3 3 -0.9658839900077132
Nupdn
1
1 2 1821.2015000000001
Ntot
2
1 3 0.25897512978427123
3 2 -6792.425870751977
52 3 3
Id
3
1 1 1.0
2 2 1.0
3 3 -0.9659599239829726
Nupdn
1
1 2 1821.2015000000001
Ntot
2
1 3 -0.2586917572301244
3 2 6800.40091471774
53 3 3
Id
3
1 1 1.0
2 2 1.0
3 3 -0.9660306263617815
Nupdn
1
1 2 1821.2015000000001
Ntot
2
1 3 0.258427608685806
3 2 -6807.8501160261285
54 3 3
Id
3
1 1 1.0
2 2 1.0
3 3 -0.9660964765413822
Nupdn
1
1 2 1821.2015000000001
Ntot
2
1 3 -0.25818132778016056
3 2 6814.808674777768
55 3 3
Id
3
1 1 1.0
2 2 1.0
3 3 -0.9661578239703221
Nupdn
1
1 2 1821.2015000000001
Ntot
2
1 3 0.2579516605508338
3 2 -6821.309366623503
56 3 3
Id
3
1 1 1.0
2 2 1.0
3 3 -0.9662149908210902
Nupdn
1
1 2 1821.2015000000001
Ntot
2
1 3 -0.25773744685745653
3 2 6827.382718581277
57 3 3
Id
3
1 1 1.0
2 2 1.0
3 3 -0.9662682743861875
Nupdn
1
1 2 1821.2015000000001
Ntot
2
1 3 0.2575376126214183
3 2 -6833.057170959366
58 3 3
Id
3
1 1 1.0
2 2 1.0
3 3 -0.9663179492307892
Nupdn
1
1 2 1821.2015000000001
Ntot
2
1 3 -0.25735116279978565
3 2 6838.359226630642
59 3 3
Id
3
1 1 1.0
2 2 1.0
3 3 -0.9663642691306598
Nupdn
1
1 2 1821.2015000000001
Ntot
2
1 3 0.25717717501280274
3 2 -6843.313588772213
60 3 3
Id
3
1 1 1.0
2 2 1.0
3 3 -0.9664074688201225
Nupdn
1
1 2 1821.2015000000001
Ntot
2
1 3 -0.2570147937545308
3 2 6847.943288071472
61 3 3
Id
3
1 1 1.0
2 2 1.0
3 3 -0.9664477655716452
Nupdn
1
1 2 1821.2015000000001
Ntot
2
1 3 0.2568632251249175
3 2 -6852.269800298446
62 3 3
Id
3
1 1 1.0
2 2 1.0
3 3 -0.9664853606258037
Nupdn
1
1 2 1821.2015000000001
Ntot
2
1 3 -0.25672173202907894
3 2 6856.313155056089
63 3 3
Id
3
1 1 1.0
2 2 1.0
3 3 -0.9665204404880003
Nupdn
1
1 2 1821.2015000000001
Ntot
2
1 3 0.25658962979606503
3 2 -6860.092036441319
64 3 3
Id
3
1 1 1.0
2 2 1.0
3 3 -0.9665531781062773
Nupdn
1
1 2 1821.2015000000001
Ntot
2
1 3 -0.25646628217497675
3 2 6863.62387627995
65 3 3
Id
3
1 1 1.0
2 2 1.0
3 3 -0.9665837339427878
Nupdn
1
1 2 1821.2015000000001
Ntot
2
1 3 0.25635109767117853
3 2 -6866.924940536833
66 3 3
Id
3
1 1 1.0
2 2 1.0
3 3 -0.9666122569499807
Nupdn
1
1 2 1821.2015000000001
Ntot
2
1 3 -0.2562435261895696
3 2 6870.010409446791
67 3 3
Id
3
1 1 1.0
2 2 1.0
3 3 -0.9666388854612342
Nupdn
1
1 2 1821.2015000000001
Ntot
2
1 3 0.25614305595557846
3 2 -6872.894451863006
68 3 3
Id
3
1 1 1.0
2 2 1.0
3 3 -0.9666637480045366
Nupdn
1
1 2 1821.2015000000001
Ntot
2
1 3 -0.2560492106877539
3 2 6875.590294274962
69 3 3
Id
3
1 1 1.0
2 2 1.0
3 3 -0.9666869640468181
Nupdn
1
1 2 1821.2015000000001
Ntot
2
1 3 0.2559615469986571
3 2 -6878.110284908349
70 3 3
Id
3
1 1 1.0
2 2 1.0
3 3 -0.9667086446756878
Nupdn
1
1 2 1821.2015000000001
Ntot
2
1 3 -0.25587965200323115
3 2 6880.46595328377
71 3 3
Id
3
1 1 1.0
2 2 1.0
3 3 -0.9667288932245617
Nupdn
1
1 2 1821.2015000000001
Ntot
2
1 3 0.25580314111600366
3 2 -6882.668065578996
72 3 3
Id
3
1 1 1.0
2 2 1.0
3 3 -0.9667478058465238
Nupdn
1
1 2 1821.2015000000001
Ntot
2
1 3 -0.25573165602039155
3 2 6884.726676110094
73 3 3
Id
3
1 1 1.0
2 2 1.0
3 3 -0.9667654720416803
Nupdn
1
1 2 1821.2015000000001
Ntot
2
1 3 0.25566486279508027
3 2 -6886.651175221247
74 3 3
Id
3
1 1 1.0
2 2 1.0
3 3 -0.9667819751422588
Nupdn
1
1 2 1821.2015000000001
Ntot
2
1 3 -0.25560245018393835
3 2 6888.450333848504
75 3 3
Id
3
1 1 1.0
2 2 1.0
3 3 -0.9667973927592675
Nupdn
1
1 2 1821.2015000000001
Ntot
2
1 3 0.25554412799726434
3 2 -6890.13234500196
76 3 3
Id
3
1 1 1.0
2 2 1.0
3 3 -0.9668117971941257
Nupdn
1
1 2 1821.2015000000001
Ntot
2
1 3 -0.2554896256333405
3 2 6891.704862390569
77 3 3
Id
3
1 1 1.0
2 2 1.0
3 3 -0.9668252558183399
Nupdn
1
1 2 1821.2015000000001
Ntot
2
1 3 0.2554386907103182
3 2 -6893.17503639679
78 3 3
Id
3
1 1 1.0
2 2 1.0
3 3 -0.9668378314239896
Nupdn
1
1 2 1821.2015000000001
Ntot
2
1 3 -0.25539108779939285
3 2 6894.549547591157
79 3 3
Id
3
1 1 1.0
2 2 1.0
3 3 -0.9668495825475134
Nupdn
1
1 2 1821.2015000000001
Ntot
2
1 3 0.2553465972510685
3 2 -6895.8346379630075
80 3 3
Id
3
1 1 1.0
2 2 1.0
3 3 -0.9668605637690453
Nupdn
1
1 2 1821.2015000000001
Ntot
2
1 3 -0.25530501410705586
3 2 6897.036140029219
81 3 3
Id
3
1 1 1.0
2 2 1.0
3 3 -0.9668708259893395
Nupdn
1
1 2 1821.2015000000001
Ntot
2
1 3 0.2552661470910172
3 2 -6898.159503971262
82 3 3
Id
3
1 1 1.0
2 2 1.0
3 3 -0.9668804166861222
Nupdn
1
1 2 1821.2015000000001
Ntot
2
1 3 -0.25522981767197594
3 2 6899.2098229388685
83 3 3
Id
3
1 1 1.0
2 2 1.0
3 3 -0.9668893801515526
Nupdn
1
1 2 1821.2015000000001
Ntot
2
1 3 0.2551958591947492
3 2 -6900.191856648706
84 3 3
Id
3
1 1 1.0
2 2 1.0
3 3 -0.9668977577122977
Nupdn
1
1 2 1821.2015000000001
Ntot
2
1 3 -0.25516411607224637
3 2 6901.110053396747
85 3 3
Id
3
1 1 1.0
2 2 1.0
3 3 -0.9669055879336206
Nupdn
1
1 2 1821.2015000000001
Ntot
2
1 3 0.2551344430349216
3 2 -6901.968570594233
86 3 3
Id
3
1 1 1.0
2 2 1.0
3 3 -0.9669129068087283
Nupdn
1
1 2 1821.2015000000001
Ntot
2
1 3 -0.25510670443305694
3 2 6902.771293929327
87 3 3
Id
3
1 1 1.0
2 2 1.0
3 3 -0.9669197479345362
Nupdn
1
1 2 1821.2015000000001
Ntot
2
1 3 0.2550807735879236
3 2 -6903.521855248796
88 3 3
Id
3
1 1 1.0
2 2 1.0
3 3 -0.9669261426748883
Nupdn
1
1 2 1821.2015000000001
Ntot
2
1 3 -0.2550565321881826
3 2 6904.223649247556
89 3 3
Id
3
1 1 1.0
2 2 1.0
3 3 -0.966932120312209
Nupdn
1
1 2 1821.2015000000001
Ntot
2
1 3 0.255033869728191
3 2 -6904.879849047443
90 3 3
Id
3
1 1 1.0
2 2 1.0
3 3 -0.9669377081884438
Nupdn
1
1 2 1821.2015000000001
Ntot
2
1 3 -0.25501268298514
3 2 6905.493420740857
91 3 3
Id
3
1 1 1.0
2 2 1.0
3 3 -0.9669429318361127
Nupdn
1
1 2 1821.2015000000001
Ntot
2
1 3 0.2549928755322054
3 2 -6906.067136969535
92 3 3
Id
3
1 1 1.0
2 2 1.0
3 3 -0.9669478151001984
Nupdn
1
1 2 1821.2015000000001
Ntot
2
1 3 -0.25497435728510487
3 2 6906.603589603716
93 3 3
Id
3
1 1 1.0
2 2 1.0
3 3 -0.9669523802515625
Nupdn
1
1 2 1821.2015000000001
Ntot
2
1 3 0.25495704407966
3 2 -6907.105201582501
94 3 3
Id
3
1 1 1.0
2 2 1.0
3 3 -0.9669566480924983
Nupdn
1
1 2 1821.2015000000001
Ntot
2
1 3 -0.25494085727815474
3 2 6907.574237971815
95 3 3
Id
3
1 1 1.0
2 2 1.0
3 3 -0.966960638055004
Nupdn
1
1 2 1821.2015000000001
Ntot
2
1 3 0.25492572340244385
3 2 -6908.012816292551
96 3 3
Id
3
1 1 1.0
2 2 1.0
3 3 -0.9669643682923004
Nupdn
1
1 2 1821.2015000000001
Ntot
2
1 3 -0.2549115737919177
3 2 6908.4229161678295
97 3 3
Id
3
1 1 1.0
2 2 1.0
3 3 -0.9669678557640777
Nupdn
1
1 2 1821.2015000000001
Ntot
2
1 3 0.25489834428458424
3 2 -6908.806388334891
98 3 3
Id
3
1 1 1.0
2 2 1.0
3 3 -0.9669711163159234
Nupdn
1
1 2 1821.2015000000001
Ntot
2
1 3 -0.2548859749196431
3 2 6909.164963064113
99 3 3
Id
3
1 1 1.0
2 2 1.0
3 3 -0.9669741647533479
Nupdn
1
1 2 1821.2015000000001
Ntot
2
1 3 0.2548744096600623
3 2 -6909.5002580245155
100 3 3
Id
3
1 1 1.0
2 2 1.0
3 3 -0.9669770149107806
Nupdn
1
1 2 1821.2015000000001
Ntot
2
1 3 -0.25486359613376697
3 2 6909.81378563274
101 3 3
Id
3
1 1 1.0
2 2 1.0
3 3 -0.9669796797159032
Nupdn
1
1 2 1821.2015000000001
Ntot
2
1 3 0.25485348539215547
3 2 -6910.106959919687
102 3 3
Id
3
1 1 1.0
2 2 1.0
3 3 -0.9669821712496367
Nupdn
1
1 2 1821.2015000000001
Ntot
2
1 3 -0.2548440316847501
3 2 6910.381102946891
103 3 3
Id
3
1 1 1.0
2 2 1.0
3 3 -0.9669845008020952
Nupdn
1
1 2 1821.2015000000001
Ntot
2
1 3 0.25483519224887907
3 2 -6910.637450802386
104 3 3
Id
3
1 1 1.0
2 2 1.0
3 3 -0.9669866789247736
Nupdn
1
1 2 1821.2015000000001
Ntot
2
1 3 -0.25482692711335847
3 2 6910.877159203858
105 3 3
Id
3
1 1 1.0
2 2 1.0
3 3 -0.966988715479246
Nupdn
1
1 2 1821.2015000000001
Ntot
2
1 3 0.2548191989152263
3 2 -6911.101308735212
106 3 3
Id
3
1 1 1.0
2 2 1.0
3 3 -0.966990619682601
Nupdn
1
1 2 1821.2015000000001
Ntot
2
1 3 -0.25481197272863565
3 2 6911.310909740359
107 3 3
Id
3
1 1 1.0
2 2 1.0
3 3 -0.9669924001498462
Nupdn
1
1 2 1821.2015000000001
Ntot
2
1 3 0.25480521590509064
3 2 -6911.506906897342
108 3 3
Id
3
1 1 1.0
2 2 1.0
3 3 -0.9669940649334858
Nupdn
1
1 2 1821.2015000000001
Ntot
2
1 3 -0.2547988979242519
3 2 6911.690183493298
109 3 3
Id
3
1 1 1.0
2 2 1.0
3 3 -0.9669956215604674
Nupdn
1
1 2 1821.2015000000001
Ntot
2
1 3 0.2547929902546091
3 2 -6911.861565420356
110 3 3
Id
3
1 1 1.0
2 2 1.0
3 3 -0.9669970770666723
Nupdn
1
1 2 1821.2015000000001
Ntot
2
1 3 -0.25478746622334447
3 2 6912.021824910651
111 3 3
Id
3
1 1 1.0
2 2 1.0
3 3 -0.9669984380291206
Nupdn
1
1 2 1821.2015000000001
Ntot
2
1 3 0.2547823008947846
3 2 -6912.171684027461
112 3 3
Id
3
1 1 1.0
2 2 1.0
3 3 -0.966999710596042
Nupdn
1
1 2 1821.2015000000001
Ntot
2
1 3 -0.25477747095685566
3 2 6912.311817928777
113 3 3
Id
3
1 1 1.0
2 2 1.0
3 3 -0.9670009005149562
Nupdn
1
1 2 1821.2015000000001
Ntot
2
1 3 0.25477295461501337
3 2 -6912.442857917903
114 3 3
Id
3
1 1 1.0
2 2 1.0
3 3 -0.9670020131589043
Nupdn
1
1 2 1821.2015000000001
Ntot
2
1 3 -0.25476873149314466
3 2 6912.565394295286
115 3 3
Id
3
1 1 1.0
2 2 1.0
3 3 -0.9670030535509417
Nupdn
1
1 2 1821.2015000000001
Ntot
2
1 3 0.2547647825409832
3 2 -6912.679979024401
116 3 3
Id
3
1 1 1.0
2 2 1.0
3 3 -0.9670040263870217
Nupdn
1
1 2 1821.2015000000001
Ntot
2
1 3 -0.2547610899475984
3 2 6912.787128224042
117 3 3
Id
3
1 1 1.0
2 2 1.0
3 3 -0.9670049360573703
Nupdn
1
1 2 1821.2015000000001
Ntot
2
1 3 0.2547576370605635
3 2 -6912.887324498227
118 3 3
Id
3
1 1 1.0
2 2 1.0
3 3 -0.9670057866664545
Nupdn
1
1 2 1821.2015000000001
Ntot
2
1 3 -0.25475440831041757
3 2 6912.98101911438
119 3 3
Id
3
1 1 1.0
2 2 1.0
3 3 -0.9670065820516431
Nupdn
1
1 2 1821.2015000000001
Ntot
2
1 3 0.25475138914007767
3 2 -6913.068634039758
120 3 3
Id
3
1 1 1.0
2 2 1.0
3 3 -0.9670073258006311
Nupdn
1
1 2 1821.2015000000001
Ntot
2
1 3 -0.2547485659388725
3 2 6913.150563845312
121 3 3
Id
3
1 1 1.0
2 2 1.0
3 3 -0.9670080212677341
Nupdn
1
1 2 1821.2015000000001
Ntot
2
1 3 0.2547459259808899
3 2 -6913.22717748564
122 3 3
Id
3
1 1 1.0
2 2 1.0
3 3 -0.9670086715891046
Nupdn
1
1 2 1821.2015000000001
Ntot
2
1 3 -0.25474345736735804
3 2 6913.298819963149
123 3 3
Id
3
1 1 1.0
2 2 1.0
3 3 -0.9670092796969545
Nupdn
1
1 2 1821.2015000000001
Ntot
2
1 3 0.25474114897279004
3 2 -6913.365813883979
124 3 3
Id
3
1 1 1.0
2 2 1.0
3 3 -0.9670098483328464
Nupdn
1
1 2 1821.2015000000001
Ntot
2
1 3 -0.2547389903946499
3 2 6913.428460912763
125 3 3
Id
3
1 1 1.0
2 2 1.0
3 3 -0.9670103800601153
Nupdn
1
1 2 1821.2015000000001
Ntot
2
1 3 0.25473697190630057
3 2 -6913.487043132653
126 3 3
Id
3
1 1 1.0
2 2 1.0
3 3 -0.9670108772754771
Nupdn
1
1 2 1821.2015000000001
Ntot
2
1 3 -0.2547350844130274
3 2 6913.54182431712
127 3 3
Id
3
1 1 1.0
2 2 1.0
3 3 -0.9670113422198778
Nupdn
1
1 2 1821.2015000000001
Ntot
2
1 3 0.2547333194109285
3 2 -6913.593051118945
128 3 3
Id
3
1 1 1.0
2 2 1.0
3 3 -0.9670117769886355
Nupdn
1
1 2 1821.2015000000001
Ntot
2
1 3 -0.25473166894848626
3 2 6913.640954181939
129 3 3
Id
3
1 1 1.0
2 2 1.0
3 3 -0.9670121835409176
Nupdn
1
1 2 1821.2015000000001
Ntot
2
1 3 0.25473012559064573
3 2 -6913.685749180461
130 3 3
Id
3
1 1 1.0
2 2 1.0
3 3 -0.9670125637086022
Nupdn
1
1 2 1821.2015000000001
Ntot
2
1 3 -0.2547286823852329
3 2 6913.727637791332
131 3 3
Id
3
1 1 1.0
2 2 1.0
3 3 -0.9670129192045569
Nupdn
1
1 2 1821.2015000000001
Ntot
2
1 3 0.25472733283156096
3 2 -6913.7668086026315
132 3 3
Id
3
1 1 1.0
2 2 1.0
3 3 -0.9670132516303842
Nupdn
1
1 2 1821.2015000000001
Ntot
2
1 3 -0.2547260708510826
3 2 6913.803437963448
133 3 3
Id
3
1 1 1.0
2 2 1.0
3 3 -0.9670135624836549
Nupdn
1
1 2 1821.2015000000001
Ntot
2
1 3 0.254724890759954
3 2 -6913.837690778402
134 3 3
Id
3
1 1 1.0
2 2 1.0
3 3 -0.9670138531646737
Nupdn
1
1 2 1821.2015000000001
Ntot
2
1 3 -0.25472378724338113
3 2 6913.869721250574
135 3 3
Id
3
1 1 1.0
2 2 1.0
3 3 -0.9670141249828033
Nupdn
1
1 2 1821.2015000000001
Ntot
2
1 3 0.2547227553316424
3 2 -6913.8996735761975
136 3 3
Id
3
1 1 1.0
2 2 1.0
3 3 -0.9670143791623766
Nupdn
1
1 2 1821.2015000000001
Ntot
2
1 3 -0.25472179037766574
3 2 6913.927682594174
137 3 3
Id
3
1 1 1.0
2 2 1.0
3 3 -0.9670146168482241
Nupdn
1
1 2 1821.2015000000001
Ntot
2
1 3 0.2547208880360672
3 2 -6913.9538743934845
138 3 3
Id
3
1 1 1.0
2 2 1.0
3 3 -0.9670148391108391
Nupdn
1
1 2 1821.2015000000001
Ntot
2
1 3 -0.2547200442435539
3 2 6913.978366881082
139 3 3
Id
3
1 1 1.0
2 2 1.0
3 3 -0.9670150469512104
Nupdn
1
1 2 1821.2015000000001
Ntot
2
1 3 0.2547192552005996
3 2 -6914.001270312961
140 3 3
Id
3
1 1 1.0
2 2 1.0
3 3 -0.9670152413053374
Nupdn
1
1 2 1821.2015000000001
Ntot
2
1 3 -0.25471851735431394
3 2 6914.022687790737
141 3 3
Id
3
1 1 1.0
2 2 1.0
3 3 -0.9670154230484527
Nupdn
1
1 2 1821.2015000000001
Ntot
2
1 3 0.25471782738242305
3 2 -6914.042715725935
142 3 3
Id
3
1 1 1.0
2 2 1.0
3 3 -0.9670155929989699
Nupdn
1
1 2 1821.2015000000001
Ntot
2
1 3 -0.25471718217829453
3 2 6914.061444274208
143 3 3
Id
3
1 1 1.0
2 2 1.0
3 3 -0.9670157519221745
Nupdn
1
1 2 1821.2015000000001
Ntot
2
1 3 0.25471657883693316
3 2 -6914.078957741307
144 3 3
Id
3
1 1 1.0
2 2 1.0
3 3 -0.9670159005336743
Nupdn
1
1 2 1821.2015000000001
Ntot
2
1 3 -0.25471601464188914
3 2 6914.0953349627225
145 3 3
Id
3
1 1 1.0
2 2 1.0
3 3 -0.9670160395026268
Nupdn
1
1 2 1821.2015000000001
Ntot
2
1 3 0.25471548705301417
3 2 -6914.110649658694
146 3 3
Id
3
1 1 1.0
2 2 1.0
3 3 -0.967016169454755
Nupdn
1
1 2 1821.2015000000001
Ntot
2
1 3 -0.2547149936950167
3 2 6914.124970766146
147 3 3
Id
3
1 1 1.0
2 2 1.0
3 3 -0.9670162909751687
Nupdn
1
1 2 1821.2015000000001
Ntot
2
1 3 0.2547145323467585
3 2 -6914.138362749072
148 3 3
Id
3
1 1 1.0
2 2 1.0
3 3 -0.9670164046110006
Nupdn
1
1 2 1821.2015000000001
Ntot
2
1 3 -0.25471410093124747
3 2 6914.150885888845
149 3 3
Id
3
1 1 1.0
2 2 1.0
3 3 -0.9670165108738735
Nupdn
1
1 2 1821.2015000000001
Ntot
2
1 3 0.2547136975062774
3 2 -6914.162596555544
150 3 3
Id
3
1 1 1.0
2 2 1.0
3 3 -0.9670166102422058
Nupdn
1
1 2 1821.2015000000001
Ntot
2
1 3 -0.25471332025568283
3 2 6914.173547461857
151 3 3
Id
3
1 1 1.0
2 2 1.0
3 3 -0.9670167031633654
Nupdn
1
1 2 1821.2015000000001
Ntot
2
1 3 0.25471296748115424
3 2 -6914.183787900321
152 3 3
Id
3
1 1 1.0
2 2 1.0
3 3 -0.9670167900556885
Nupdn
1
1 2 1821.2015000000001
Ntot
2
1 3 -0.25471263759458934
3 2 6914.193363965291
153 3 3
Id
3
1 1 1.0
2 2 1.0
3 3 -0.9670168713103615
Nupdn
1
1 2 1821.2015000000001
Ntot
2
1 3 0.25471232911093994
3 2 -6914.202318760459
154 3 3
Id
3
1 1 1.0
2 2 1.0
3 3 -0.9670169472931853
Nupdn
1
1 2 1821.2015000000001
Ntot
2
1 3 -0.2547120406415227
3 2 6914.2106925929
155 3 3
Id
3
1 1 1.0
2 2 1.0
3 3 -0.9670170183462228
Nupdn
1
1 2 1821.2015000000001
Ntot
2
1 3 0.2547117708877641
3 2 -6914.218523154531
156 3 3
Id
3
1 1 1.0
2 2 1.0
3 3 -0.9670170847893391
Nupdn
1
1 2 1821.2015000000001
Ntot
2
1 3 -0.25471151863535435
3 2 6914.225845691796
157 3 3
Id
3
1 1 1.0
2 2 1.0
3 3 -0.967017146921642
Nupdn
1
1 2 1821.2015000000001
Ntot
2
1 3 0.25471128274877664
3 2 -6914.232693164332
158 3 3
Id
3
1 1 1.0
2 2 1.0
3 3 -0.9670172050228316
Nupdn
1
1 2 1821.2015000000001
Ntot
2
1 3 -0.2547110621661944
3 2 6914.239096393395
159 3 3
Id
3
1 1 1.0
2 2 1.0
3 3 -0.9670172593544568
Nupdn
1
1 2 1821.2015000000001
Ntot
2
1 3 0.25471085589466946
3 2 -6914.245084200524
160 3 3
Id
3
1 1 1.0
2 2 1.0
3 3 -0.9670173101610957
Nupdn
1
1 2 1821.2015000000001
Ntot
2
1 3 -0.2547106630056916
3 2 6914.250683537352
161 3 3
Id
3
1 1 1.0
2 2 1.0
3 3 -0.9670173576714562
Nupdn
1
1 2 1821.2015000000001
Ntot
2
1 3 0.2547104826309957
3 2 -6914.255919606912
162 3 3
Id
3
1 1 1.0
2 2 1.0
3 3 -0.9670174020994056
Nupdn
1
1 2 1821.2015000000001
Ntot
2
1 3 -0.25471031395865396
3 2 6914.260815977084
163 3 3
Id
3
1 1 1.0
2 2 1.0
3 3 -0.9670174436449346
Nupdn
1
1 2 1821.2015000000001
Ntot
2
1 3 0.25471015622942017
3 2 -6914.265394686685
164 3 3
Id
3
1 1 1.0
2 2 1.0
3 3 -0.9670174824950566
Nupdn
1
1 2 1821.2015000000001
Ntot
2
1 3 -0.25471000873331007
3 2 6914.2696763447075
165 3 3
Id
3
1 1 1.0
2 2 1.0
3 3 -0.967017518824651
Nupdn
1
1 2 1821.2015000000001
Ntot
2
1 3 0.2547098708064055
3 2 -6914.2736802230265
166 3 3
Id
3
1 1 1.0
2 2 1.0
3 3 -0.9670175527972504
Nupdn
1
1 2 1821.2015000000001
Ntot
2
1 3 -0.25470974182786327
3 2 6914.277424343215
167 3 3
Id
3
1 1 1.0
2 2 1.0
3 3 -0.9670175845657767
Nupdn
1
1 2 1821.2015000000001
Ntot
2
1 3 0.2547096212171243
3 2 -6914.280925557628
168 3 3
Id
3
1 1 1.0
2 2 1.0
3 3 -0.9670176142732294
Nupdn
1
1 2 1821.2015000000001
Ntot
2
1 3 -0.2547095084312949
3 2 6914.284199625285
169 3 3
Id
3
1 1 1.0
2 2 1.0
3 3 -0.9670176420533294
Nupdn
1
1 2 1821.2015000000001
Ntot
2
1 3 0.254709402962707
3 2 -6914.287261282782
170 3 3
Id
3
1 1 1.0
2 2 1.0
3 3 -0.9670176680311229
Nupdn
1
1 2 1821.2015000000001
Ntot
2
1 3 -0.25470930433662886
3 2 6914.290124310638
171 3 3
Id
3
1 1 1.0
2 2 1.0
3 3 -0.9670176923235407
Nupdn
1
1 2 1821.2015000000001
Ntot
2
1 3 0.25470921210913006
3 2 -6914.292801595315
172 3 3
Id
3
1 1 1.0
2 2 1.0
3 3 -0.9670177150399291
Nupdn
1
1 2 1821.2015000000001
Ntot
2
1 3 -0.2547091258650829
3 2 6914.29530518726
173 3 3
Id
3
1 1 1.0
2 2 1.0
3 3 -0.9670177362825383
Nupdn
1
1 2 1821.2015000000001
Ntot
2
1 3 0.25470904521629284
3 2 -6914.297646355083
174 3 3
Id
3
1 1 1.0
2 2 1.0
3 3 -0.9670177561469848
Nupdn
1
1 2 1821.2015000000001
Ntot
2
1 3 -0.25470896979975133
3 2 6914.299835636346
175 3 3
Id
3
1 1 1.0
2 2 1.0
3 3 -0.9670177747226818
Nupdn
1
1 2 1821.2015000000001
Ntot
2
1 3 0.2547088992760022
3 2 -6914.301882884935
176 3 3
Id
3
1 1 1.0
2 2 1.0
3 3 -0.967017792093241
Nupdn
1
1 2 1821.2015000000001
Ntot
2
1 3 -0.2547088333276121
3 2 6914.3037973154605
177 3 3
Id
3
1 1 1.0
2 2 1.0
3 3 -0.9670178083368495
Nupdn
1
1 2 1821.2015000000001
Ntot
2
1 3 0.25470877165774297
3 2 -6914.30558754471
178 3 3
Id
3
1 1 1.0
2 2 1.0
3 3 -0.9670178235266211
Nupdn
1
1 2 1821.2015000000001
Ntot
2
1 3 -0.2547087139888158
3 2 6914.307261630441
179 3 3
Id
3
1 1 1.0
2 2 1.0
3 3 -0.9670178377309275
Nupdn
1
1 2 1821.2015000000001
Ntot
2
1 3 0.25470866006125914
3 2 -6914.308827107631
180 3 3
Id
3
1 1 1.0
2 2 1.0
3 3 -0.9670178510137022
Nupdn
1
1 2 1821.2015000000001
Ntot
2
1 3 -0.2547086096323431
3 2 6914.310291022449
181 3 3
Id
3
1 1 1.0
2 2 1.0
3 3 -0.9670178634347328
Nupdn
1
1 2 1821.2015000000001
Ntot
2
1 3 0.25470856247508616
3 2 -6914.311659963887
182 3 3
Id
3
1 1 1.0
2 2 1.0
3 3 -0.9670178750499265
Nupdn
1
1 2 1821.2015000000001
Ntot
2
1 3 -0.25470851837723235
3 2 6914.312940093505
183 3 3
Id
3
1 1 1.0
2 2 1.0
3 3 -0.9670178859115643
Nupdn
1
1 2 1821.2015000000001
Ntot
2
1 3 0.25470847714029593
3 2 -6914.314137173064
184 3 3
Id
3
1 1 1.0
2 2 1.0
3 3 -0.9670178960685354
Nupdn
1
1 2 1821.2015000000001
Ntot
2
1 3 -0.25470843857866926
3 2 6914.315256590582
185 3 3
Id
3
1 1 1.0
2 2 1.0
3 3 -0.9670179055665553
Nupdn
1
1 2 1821.2015000000001
Ntot
2
1 3 0.25470840251878735
3 2 -6914.3163033845
186 3 3
Id
3
1 1 1.0
2 2 1.0
3 3 -0.9670179144483761
Nupdn
1
1 2 1821.2015000000001
Ntot
2
1 3 -0.25470836879834335
3 2 6914.317282266342
187 3 3
Id
3
1 1 1.0
2 2 1.0
3 3 -0.967017922753975
Nupdn
1
1 2 1821.2015000000001
Ntot
2
1 3 0.25470833726556236
3 2 -6914.31819764204
188 3 3
Id
3
1 1 1.0
2 2 1.0
3 3 -0.9670179305207345
Nupdn
1
1 2 1821.2015000000001
Ntot
2
1 3 -0.2547083077785167
3 2 6914.319053631601
189 3 3
Id
3
1 1 1.0
2 2 1.0
3 3 -0.9670179377836143
Nupdn
1
1 2 1821.2015000000001
Ntot
2
1 3 0.2547082802044843
3 2 -6914.3198540878
190 3 3
Id
3
1 1 1.0
2 2 1.0
3 3 -0.9670179445753033
Nupdn
1
1 2 1821.2015000000001
Ntot
2
1 3 -0.2547082544193564
3 2 6914.320602613439
191 3 3
Id
3
1 1 1.0
2 2 1.0
3 3 -0.9670179509263717
Nupdn
1
1 2 1821.2015000000001
Ntot
2
1 3 0.25470823030707385
3 2 -6914.3213025775685
192 3 3
Id
3
1 1 1.0
2 2 1.0
3 3 -0.9670179568654051
Nupdn
1
1 2 1821.2015000000001
Ntot
2
1 3 -0.2547082077591086
3 2 6914.321957130696
193 3 3
Id
3
1 1 1.0
2 2 1.0
3 3 -0.9670179624191355
Nupdn
1
1 2 1821.2015000000001
Ntot
2
1 3 0.2547081866739733
3 2 -6914.3225692189
194 3 3
Id
3
1 1 1.0
2 2 1.0
3 3 -0.9670179676125594
Nupdn
1
1 2 1821.2015000000001
Ntot
2
1 3 -0.2547081669567638
3 2 6914.323141597167
195 3 3
Id
3
1 1 1.0
2 2 1.0
3 3 -0.9670179724690533
Nupdn
1
1 2 1821.2015000000001
Ntot
2
1 3 0.25470814851873425
3 2 -6914.323676841706
196 3 3
Id
3
1 1 1.0
2 2 1.0
3 3 -0.9670179770104748
Nupdn
1
1 2 1821.2015000000001
Ntot
2
1 3 -0.254708131276896
3 2 6914.324177361639
197 3 3
Id
3
1 1 1.0
2 2 1.0
3 3 -0.9670179812572659
Nupdn
1
1 2 1821.2015000000001
Ntot
2
1 3 0.25470811515364417
3 2 -6914.3246454097525
198 3 3
Id
3
1 1 1.0
2 2 1.0
3 3 -0.9670179852285408
Nupdn
1
1 2 1821.2015000000001
Ntot
2
1 3 -0.254708100076409
3 2 6914.325083092696
199 3 3
Id
3
1 1 1.0
2 2 1.0
3 3 -0.9670179889421737
Nupdn
1
1 2 1821.2015000000001
Ntot
2
1 3 0.2547080859773279
3 2 -6914.325492380447
200 3 3
Id
3
1 1 1.0
2 2 1.0
3 3 -0.9670179924148798
Nupdn
1
1 2 1821.2015000000001
Ntot
2
1 3 -0.2547080727929435
3 2 6914.325875115186
201 3 3
Id
3
1 1 1.0
2 2 1.0
3 3 -0.96701799566229
Nupdn
1
1 2 1821.2015000000001
Ntot
2
1 3 0.2547080604639115
3 2 -6914.326233019558
202 3 3
Id
3
1 1 1.0
2 2 1.0
3 3 -0.9670179986990197
Nupdn
1
1 2 1821.2015000000001
Ntot
2
1 3 -0.25470804893474114
3 2 6914.32656770447
203 3 3
Id
3
1 1 1.0
2 2 1.0
3 3 -0.967018001538738
Nupdn
1
1 2 1821.2015000000001
Ntot
2
1 3 0.25470803815354
3 2 -6914.326880676323
204 3 3
Id
3
1 1 1.0
2 2 1.0
3 3 -0.967018004194226
Nupdn
1
1 2 1821.2015000000001
Ntot
2
1 3 -0.25470802807178217
3 2 6914.327173343767
205 3 3
Id
3
1 1 1.0
2 2 1.0
3 3 -0.9670180066774359
Nupdn
1
1 2 1821.2015000000001
Ntot
2
1 3 0.2547080186440907
3 2 -6914.327447024074
206 3 3
Id
3
1 1 1.0
2 2 1.0
3 3 -0.9670180089995444
Nupdn
1
1 2 1821.2015000000001
Ntot
2
1 3 -0.25470800982803216
3 2 6914.327702949059
207 3 3
Id
3
1 1 1.0
2 2 1.0
3 3 -0.9670180111710034
Nupdn
1
1 2 1821.2015000000001
Ntot
2
1 3 0.2547080015839261
3 2 -6914.327942270623
208 3 3
Id
3
1 1 1.0
2 2 1.0
3 3 -0.967018013201586
Nupdn
1
1 2 1821.2015000000001
Ntot
2
1 3 -0.25470799387466614
3 2 6914.328166065922
209 3 3
Id
3
1 1 1.0
2 2 1.0
3 3 -0.9670180151004324
Nupdn
1
1 2 1821.2015000000001
Ntot
2
1 3 0.2547079866655532
3 2 -6914.328375342249
210 3 3
Id
3
1 1 1.0
2 2 1.0
3 3 -0.9670180168760887
Nupdn
1
1 2 1821.2015000000001
Ntot
2
1 3 -0.2547079799241407
3 2 6914.328571041537
211 3 3
Id
3
1 1 1.0
2 2 1.0
3 3 -0.9670180185365473
Nupdn
1
1 2 1821.2015000000001
Ntot
2
1 3 0.2547079736200844
3 2 -6914.328754044613
212 3 3
Id
3
1 1 1.0
2 2 1.0
3 3 -0.9670180200892817
Nupdn
1
1 2 1821.2015000000001
Ntot
2
1 3 -0.25470796772501203
3 2 6914.328925175159
213 3 3
Id
3
1 1 1.0
2 2 1.0
3 3 -0.9670180215412802
Nupdn
1
1 2 1821.2015000000001
Ntot
2
1 3 0.25470796221238856
3 2 -6914.329085203415
214 3 3
Id
3
1 1 1.0
2 2 1.0
3 3 -0.967018022899079
Nupdn
1
1 2 1821.2015000000001
Ntot
2
1 3 -0.25470795705740373
3 2 6914.329234849666
215 3 3
Id
3
1 1 1.0
2 2 1.0
3 3 -0.9670180241687887
Nupdn
1
1 2 1821.2015000000001
Ntot
2
1 3 0.2547079522368544
3 2 -6914.329374787442
216 3 3
Id
3
1 1 1.0
2 2 1.0
3 3 -0.9670180253561249
Nupdn
1
1 2 1821.2015000000001
Ntot
2
1 3 -0.25470794772904326
3 2 6914.3295056465895
217 3 3
Id
3
1 1 1.0
2 2 1.0
3 3 -0.9670180264664308
Nupdn
1
1 2 1821.2015000000001
Ntot
2
1 3 0.2547079435136817
3 2 -6914.329628016115
218 3 3
Id
3
1 1 1.0
2 2 1.0
3 3 -0.9670180275047047
Nupdn
1
1 2 1821.2015000000001
Ntot
2
1 3 -0.25470793957179705
3 2 6914.329742446771
219 3 3
Id
3
1 1 1.0
2 2 1.0
3 3 -0.9670180284756191
Nupdn
1
1 2 1821.2015000000001
Ntot
2
1 3 0.25470793588564594
3 2 -6914.329849453619
220 3 3
Id
3
1 1 1.0
2 2 1.0
3 3 -0.9670180293835446
Nupdn
1
1 2 1821.2015000000001
Ntot
2
1 3 -0.25470793243863843
3 2 6914.329949518272
221 3 3
Id
3
1 1 1.0
2 2 1.0
3 3 -0.9670180302325673
Nupdn
1
1 2 1821.2015000000001
Ntot
2
1 3 0.2547079292152597
3 2 -6914.330043091119
222 3 3
Id
3
1 1 1.0
2 2 1.0
3 3 -0.9670180310265086
Nupdn
1
1 2 1821.2015000000001
Ntot
2
1 3 -0.25470792620100147
3 2 6914.330130593332
223 3 3
Id
3
1 1 1.0
2 2 1.0
3 3 -0.9670180317689421
Nupdn
1
1 2 1821.2015000000001
Ntot
2
1 3 0.25470792338229575
3 2 -6914.330212418733
224 3 3
Id
3
1 1 1.0
2 2 1.0
3 3 -0.9670180324632094
Nupdn
1
1 2 1821.2015000000001
Ntot
2
1 3 -0.2547079207464576
3 2 6914.330288935619
225 3 3
Id
3
1 1 1.0
2 2 1.0
3 3 -0.967018033112435
Nupdn
1
1 2 1821.2015000000001
Ntot
2
1 3 0.25470791828162276
3 2 -6914.33036048838
226 3 3
Id
3
1 1 1.0
2 2 1.0
3 3 -0.9670180337195413
Nupdn
1
1 2 1821.2015000000001
Ntot
2
1 3 -0.25470791597669634
3 2 6914.33042739909
227 3 3
Id
3
1 1 1.0
2 2 1.0
3 3 -0.9670180342872612
Nupdn
1
1 2 1821.2015000000001
Ntot
2
1 3 0.25470791382130437
3 2 -6914.330489968889
228 3 3
Id
3
1 1 1.0
2 2 1.0
3 3 -0.9670180348181494
Nupdn
1
1 2 1821.2015000000001
Ntot
2
1 3 -0.2547079118057464
3 2 6914.330548479393
229 3 3
Id
3
1 1 1.0
2 2 1.0
3 3 -0.9670180353145963
Nupdn
1
1 2 1821.2015000000001
Ntot
2
1 3 0.25470790992094977
3 2 -6914.33060319398
230 3 3
Id
3
1 1 1.0
2 2 1.0
3 3 -0.9670180357788349
Nupdn
1
1 2 1821.2015000000001
Ntot
2
1 3 -0.25470790815843153
3 2 6914.330654358882
231 3 3
Id
3
1 1 1.0
2 2 1.0
3 3 -0.9670180362129557
Nupdn
1
1 2 1821.2015000000001
Ntot
2
1 3 0.2547079065102583
3 2 -6914.330702204413
232 3 3
Id
3
1 1 1.0
2 2 1.0
3 3 -0.9670180366189127
Nupdn
1
1 2 1821.2015000000001
Ntot
2
1 3 -0.25470790496901247
3 2 6914.330746945909
233 3 3
Id
3
1 1 1.0
2 2 1.0
3 3 -0.9670180369985324
Nupdn
1
1 2 1821.2015000000001
Ntot
2
1 3 0.2547079035277568
3 2 -6914.330788784744
234 3 3
Id
3
1 1 1.0
2 2 1.0
3 3 -0.967018037353524
Nupdn
1
1 2 1821.2015000000001
Ntot
2
1 3 -0.2547079021800041
3 2 6914.330827909253
235 3 3
Id
3
1 1 1.0
2 2 1.0
3 3 -0.9670180376854849
Nupdn
1
1 2 1821.2015000000001
Ntot
2
1 3 0.2547079009196883
3 2 -6914.330864495505
236 3 3
Id
3
1 1 1.0
2 2 1.0
3 3 -0.9670180379959099
Nupdn
1
1 2 1821.2015000000001
Ntot
2
1 3 -0.2547078997411368
3 2 6914.330898708186
237 3 3
Id
3
1 1 1.0
2 2 1.0
3 3 -0.9670180382861955
Nupdn
1
1 2 1821.2015000000001
Ntot
2
1 3 0.25470789863904547
3 2 -6914.330930701277
238 3 3
Id
3
1 1 1.0
2 2 1.0
3 3 -0.9670180385576483
Nupdn
1
1 2 1821.2015000000001
Ntot
2
1 3 -0.25470789760845336
3 2 6914.330960618781
239 3 3
Id
3
1 1 1.0
2 2 1.0
3 3 -0.9670180388114906
Nupdn
1
1 2 1821.2015000000001
Ntot
2
1 3 0.25470789664472215
3 2 -6914.330988595352
240 3 3
Id
3
1 1 1.0
2 2 1.0
3 3 -0.9670180390488645
Nupdn
1
1 2 1821.2015000000001
Ntot
2
1 3 -0.2547078957435141
3 2 6914.3310147569255
241 3 3
Id
3
1 1 1.0
2 2 1.0
3 3 -0.9670180392708387
Nupdn
1
1 2 1821.2015000000001
Ntot
2
1 3 0.2547078949007729
3 2 -6914.331039221229
242 3 3
Id
3
1 1 1.0
2 2 1.0
3 3 -0.9670180394784116
Nupdn
1
1 2 1821.2015000000001
Ntot
2
1 3 -0.2547078941127052
3 2 6914.331062098386
243 3 3
Id
3
1 1 1.0
2 2 1.0
3 3 -0.9670180396725183
Nupdn
1
1 2 1821.2015000000001
Ntot
2
1 3 0.25470789337576444
3 2 -6914.331083491354
244 3 3
Id
3
1 1 1.0
2 2 1.0
3 3 -0.967018039854032
Nupdn
1
1 2 1821.2015000000001
Ntot
2
1 3 -0.2547078926866339
3 2 6914.331103496441
245 3 3
Id
3
1 1 1.0
2 2 1.0
3 3 -0.96701804002377
Nupdn
1
1 2 1821.2015000000001
Ntot
2
1 3 0.2547078920422112
3 2 -6914.331122203666
246 3 3
Id
3
1 1 1.0
2 2 1.0
3 3 -0.9670180401824957
Nupdn
1
1 2 1821.2015000000001
Ntot
2
1 3 -0.25470789143959566
3 2 6914.331139697247
247 3 3
Id
3
1 1 1.0
2 2 1.0
3 3 -0.9670180403309243
Nupdn
1
1 2 1821.2015000000001
Ntot
2
1 3 0.25470789087607604
3 2 -6914.3311560559105
248 3 3
Id
3
1 1 1.0
2 2 1.0
3 3 -0.9670180404697231
Nupdn
1
1 2 1821.2015000000001
Ntot
2
1 3 -0.25470789034911534
3 2 6914.3311713532785
249 3 3
Id
3
1 1 1.0
2 2 1.0
3 3 -0.9670180405995172
Nupdn
1
1 2 1821.2015000000001
Ntot
2
1 3 0.2547078898563418
3 2 -6914.3311856582295
250 3 3
Id
3
1 1 1.0
2 2 1.0
3 3 -0.967018040720891
Nupdn
1
1 2 1821.2015000000001
Ntot
2
1 3 -0.2547078893955372
3 2 6914.331199035119
251 3 3
Id
3
1 1 1.0
2 2 1.0
3 3 -0.9670180408343907
Nupdn
1
1 2 1821.2015000000001
Ntot
2
1 3 0.2547078889646274
3 2 -6914.331211544174
252 3 3
Id
3
1 1 1.0
2 2 1.0
3 3 -0.9670180409405265
Nupdn
1
1 2 1821.2015000000001
Ntot
2
1 3 -0.2547078885616744
3 2 6914.331223241683
253 3 3
Id
3
1 1 1.0
2 2 1.0
3 3 -0.9670180410397768
Nupdn
1
1 2 1821.2015000000001
Ntot
2
1 3 0.254707888184863
3 2 -6914.331234180306
254 3 3
Id
3
1 1 1.0
2 2 1.0
3 3 -0.9670180411325882
Nupdn
1
1 2 1821.2015000000001
Ntot
2
1 3 -0.25470788783249776
3 2 6914.331244409281
255 3 3
Id
3
1 1 1.0
2 2 1.0
3 3 -0.9670180412193783
Nupdn
1
1 2 1821.2015000000001
Ntot
2
1 3 0.2547078875029923
3 2 -6914.331253974632
256 3 3
Id
3
1 1 1.0
2 2 1.0
3 3 -0.967018041300538
Nupdn
1
1 2 1821.2015000000001
Ntot
2
1 3 -0.25470788719486387
3 2 6914.3312629194215
257 3 3
Id
3
1 1 1.0
2 2 1.0
3 3 -0.9670180413764318
Nupdn
1
1 2 1821.2015000000001
Ntot
2
1 3 0.25470788690672636
3 2 -6914.331271283903
258 3 3
Id
3
1 1 1.0
2 2 1.0
3 3 -0.9670180414474026
Nupdn
1
1 2 1821.2015000000001
Ntot
2
1 3 -0.2547078866372811
3 2 6914.331279105739
259 3 3
Id
3
1 1 1.0
2 2 1.0
3 3 -0.9670180415137686
Nupdn
1
1 2 1821.2015000000001
Ntot
2
1 3 0.2547078863853167
3 2 -6914.331286420118
260 3 3
Id
3
1 1 1.0
2 2 1.0
3 3 -0.9670180415758292
Nupdn
1
1 2 1821.2015000000001
Ntot
2
1 3 -0.254707886149699
3 2 6914.331293259967
261 3 3
Id
3
1 1 1.0
2 2 1.0
3 3 -0.9670180416338636
Nupdn
1
1 2 1821.2015000000001
Ntot
2
1 3 0.2547078859293669
3 2 -6914.331299656082
262 3 3
Id
3
1 1 1.0
2 2 1.0
3 3 -0.9670180416881329
Nupdn
1
1 2 1821.2015000000001
Ntot
2
1 3 -0.25470788572332964
3 2 6914.33130563724
263 3 3
Id
3
1 1 1.0
2 2 1.0
3 3 -0.9670180417388812
Nupdn
1
1 2 1821.2015000000001
Ntot
2
1 3 0.25470788553065904
3 2 -6914.331311230358
264 3 3
Id
3
1 1 1.0
2 2 1.0
3 3 -0.9670180417863374
Nupdn
1
1 2 1821.2015000000001
Ntot
2
1 3 -0.2547078853504879
3 2 6914.331316460626
265 3 3
Id
3
1 1 1.0
2 2 1.0
3 3 -0.9670180418307146
Nupdn
1
1 2 1821.2015000000001
Ntot
2
1 3 0.25470788518200577
3 2 -6914.33132135157
266 3 3
Id
3
1 1 1.0
2 2 1.0
3 3 -0.9670180418722132
Nupdn
1
1 2 1821.2015000000001
Ntot
2
1 3 -0.25470788502445413
3 2 6914.331325925201
267 3 3
Id
3
1 1 1.0
2 2 1.0
3 3 -0.9670180419110193
Nupdn
1
1 2 1821.2015000000001
Ntot
2
1 3 0.25470788487712354
3 2 -6914.33133020212
268 3 3
Id
3
1 1 1.0
2 2 1.0
3 3 -0.9670180419473076
Nupdn
1
1 2 1821.2015000000001
Ntot
2
1 3 -0.2547078847393518
3 2 6914.3313342015645
269 3 3
Id
3
1 1 1.0
2 2 1.0
3 3 -0.967018041981242
Nupdn
1
1 2 1821.2015000000001
Ntot
2
1 3 0.25470788461051763
3 2 -6914.331337941547
270 3 3
Id
3
1 1 1.0
2 2 1.0
3 3 -0.9670180420129748
Nupdn
1
1 2 1821.2015000000001
Ntot
2
1 3 -0.25470788449004195
3 2 6914.331341438889
271 3 3
Id
3
1 1 1.0
2 2 1.0
3 3 -0.9670180420426489
Nupdn
1
1 2 1821.2015000000001
Ntot
2
1 3 0.25470788437738223
3 2 -6914.331344709341
272 3 3
Id
3
1 1 1.0
2 2 1.0
3 3 -0.9670180420703978
Nupdn
1
1 2 1821.2015000000001
Ntot
2
1 3 -0.2547078842720311
3 2 6914.331347767617
273 3 3
Id
3
1 1 1.0
2 2 1.0
3 3 -0.9670180420963466
Nupdn
1
1 2 1821.2015000000001
Ntot
2
1 3 0.25470788417351525
3 2 -6914.331350627479
274 3 3
Id
3
1 1 1.0
2 2 1.0
3 3 -0.9670180421206118
Nupdn
1
1 2 1821.2015000000001
Ntot
2
1 3 -0.2547078840813903
3 2 6914.331353301811
275 3 3
Id
3
1 1 1.0
2 2 1.0
3 3 -0.9670180421433028
Nupdn
1
1 2 1821.2015000000001
Ntot
2
1 3 0.2547078839952426
3 2 -6914.331355802641
276 3 3
Id
3
1 1 1.0
2 2 1.0
3 3 -0.9670180421645214
Nupdn
1
1 2 1821.2015000000001
Ntot
2
1 3 -0.2547078839146833
3 2 6914.331358141222
277 3 3
Id
3
1 1 1.0
2 2 1.0
3 3 -0.9670180421843637
Nupdn
1
1 2 1821.2015000000001
Ntot
2
1 3 0.2547078838393508
3 2 -6914.331360328098
278 3 3
Id
3
1 1 1.0
2 2 1.0
3 3 -0.9670180422029189
Nupdn
1
1 2 1821.2015000000001
Ntot
2
1 3 -0.2547078837689052
3 2 6914.331362373085
279 3 3
Id
3
1 1 1.0
2 2 1.0
3 3 -0.9670180422202699
Nupdn
1
1 2 1821.2015000000001
Ntot
2
1 3 0.25470788370302977
3 2 -6914.33136428541
280 3 3
Id
3
1 1 1.0
2 2 1.0
3 3 -0.9670180422364953
Nupdn
1
1 2 1821.2015000000001
Ntot
2
1 3 -0.25470788364142843
3 2 6914.331366073663
281 3 3
Id
3
1 1 1.0
2 2 1.0
3 3 -0.9670180422516683
Nupdn
1
1 2 1821.2015000000001
Ntot
2
1 3 0.25470788358382346
3 2 -6914.3313677459
282 3 3
Id
3
1 1 1.0
2 2 1.0
3 3 -0.9670180422658567
Nupdn
1
1 2 1821.2015000000001
Ntot
2
1 3 -0.25470788352995555
3 2 6914.331369309652
283 3 3
Id
3
1 1 1.0
2 2 1.0
3 3 -0.967018042279125
Nupdn
1
1 2 1821.2015000000001
Ntot
2
1 3 0.25470788347958234
3 2 -6914.331370771956
284 3 3
Id
3
1 1 1.0
2 2 1.0
3 3 -0.9670180422915322
Nupdn
1
1 2 1821.2015000000001
Ntot
2
1 3 -0.254707883432477
3 2 6914.331372139396
285 3 3
Id
3
1 1 1.0
2 2 1.0
3 3 -0.9670180423031345
Nupdn
1
1 2 1821.2015000000001
Ntot
2
1 3 0.25470788338842854
3 2 -6914.331373418113
286 3 3
Id
3
1 1 1.0
2 2 1.0
3 3 -0.967018042313984
Nupdn
1
1 2 1821.2015000000001
Ntot
2
1 3 -0.2547078833472369
3 2 6914.331374613878
287 3 3
Id
3
1 1 1.0
2 2 1.0
3 3 -0.9670180423241301
Nupdn
1
1 2 1821.2015000000001
Ntot
2
1 3 0.2547078833087178
3 2 -6914.33137573206
288 3 3
Id
3
1 1 1.0
2 2 1.0
3 3 -0.9670180423336172
Nupdn
1
1 2 1821.2015000000001
Ntot
2
1 3 -0.25470788327269783
3 2 6914.331376777702
289 3 3
Id
3
1 1 1.0
2 2 1.0
3 3 -0.967018042342489
Nupdn
1
1 2 1821.2015000000001
Ntot
2
1 3 0.25470788323901467
3 2 -6914.331377755504
290 3 3
Id
3
1 1 1.0
2 2 1.0
3 3 -0.9670180423507859
Nupdn
1
1 2 1821.2015000000001
Ntot
2
1 3 -0.25470788320751664
3 2 6914.33137866988
291 3 3
Id
3
1 1 1.0
2 2 1.0
3 3 -0.9670180423585439
Nupdn
1
1 2 1821.2015000000001
Ntot
2
1 3 0.25470788317806187
3 2 -6914.331379524931
292 3 3
Id
3
1 1 1.0
2 2 1.0
3 3 -0.9670180423657988
Nupdn
1
1 2 1821.2015000000001
Ntot
2
1 3 -0.2547078831505186
3 2 6914.331380324509
293 3 3
Id
3
1 1 1.0
2 2 1.0
3 3 -0.9670180423725829
Nupdn
1
1 2 1821.2015000000001
Ntot
2
1 3 0.2547078831247619
3 2 -6914.331381072208
294 3 3
Id
3
1 1 1.0
2 2 1.0
3 3 -0.967018042378927
Nupdn
1
1 2 1821.2015000000001
Ntot
2
1 3 -0.2547078831006761
3 2 6914.331381771404
295 3 3
Id
3
1 1 1.0
2 2 1.0
3 3 -0.9670180423848593
Nupdn
1
1 2 1821.2015000000001
Ntot
2
1 3 0.25470788307815284
3 2 -6914.331382425239
296 3 3
Id
3
1 1 1.0
2 2 1.0
3 3 -0.9670180423904071
Nupdn
1
1 2 1821.2015000000001
Ntot
2
1 3 -0.2547078830570909
3 2 6914.331383036646
297 3 3
Id
3
1 1 1.0
2 2 1.0
3 3 -0.967018042395595
Nupdn
1
1 2 1821.2015000000001
Ntot
2
1 3 0.2547078830373958
3 2 -6914.331383608392
298 3 3
Id
3
1 1 1.0
2 2 1.0
3 3 -0.9670180424004458
Nupdn
1
1 2 1821.2015000000001
Ntot
2
1 3 -0.2547078830189778
3 2 6914.3313841430545
299 3 3
Id
3
1 1 1.0
2 2 1.0
3 3 -0.9670180424049823
Nupdn
1
1 2 1821.2015000000001
Ntot
2
1 3 0.254707883001755
3 2 -6914.331384643029
300 3 3
Id
3
1 1 1.0
2 2 1.0
3 3 -0.9670180424092247
Nupdn
1
1 2 1821.2015000000001
Ntot
2
1 3 -0.25470788298564945
3 2 6914.331385110553
301 3 3
Id
3
1 1 1.0
2 2 1.0
3 3 -0.9670180424131913
Nupdn
1
1 2 1821.2015000000001
Ntot
2
1 3 0.2547078829705889
3 2 -6914.331385547765
302 3 3
Id
3
1 1 1.0
2 2 1.0
3 3 -0.967018042416901
Nupdn
1
1 2 1821.2015000000001
Ntot
2
1 3 -0.25470788295650504
3 2 6914.331385956602
303 3 3
Id
3
1 1 1.0
2 2 1.0
3 3 -0.9670180424203698
Nupdn
1
1 2 1821.2015000000001
Ntot
2
1 3 0.2547078829433354
3 2 -6914.331386338907
304 3 3
Id
3
1 1 1.0
2 2 1.0
3 3 -0.9670180424236137
Nupdn
1
1 2 1821.2015000000001
Ntot
2
1 3 -0.25470788293102004
3 2 6914.331386696419
305 3 3
Id
3
1 1 1.0
2 2 1.0
3 3 -0.967018042426647
Nupdn
1
1 2 1821.2015000000001
Ntot
2
1 3 0.25470788291950347
3 2 -6914.331387030738
306 3 3
Id
3
1 1 1.0
2 2 1.0
3 3 -0.9670180424294836
Nupdn
1
1 2 1821.2015000000001
Ntot
2
1 3 -0.2547078829087339
3 2 6914.331387343365
307 3 3
Id
3
1 1 1.0
2 2 1.0
3 3 -0.9670180424321364
Nupdn
1
1 2 1821.2015000000001
Ntot
2
1 3 0.2547078828986635
3 2 -6914.331387635717
308 3 3
Id
3
1 1 1.0
2 2 1.0
3 3 -0.9670180424346166
Nupdn
1
1 2 1821.2015000000001
Ntot
2
1 3 -0.25470788288924623
3 2 6914.331387909098
309 3 3
Id
3
1 1 1.0
2 2 1.0
3 3 -0.9670180424369363
Nupdn
1
1 2 1821.2015000000001
Ntot
2
1 3 0.25470788288043994
3 2 -6914.331388164735
310 3 3
Id
3
1 1 1.0
2 2 1.0
3 3 -0.9670180424391055
Nupdn
1
1 2 1821.2015000000001
Ntot
2
1 3 -0.25470788287220464
3 2 6914.331388403793
311 3 3
Id
3
1 1 1.0
2 2 1.0
3 3 -0.9670180424411337
Nupdn
1
1 2 1821.2015000000001
Ntot
2
1 3 0.25470788286450396
3 2 -6914.331388627343
312 3 3
Id
3
1 1 1.0
2 2 1.0
3 3 -0.9670180424430304
Nupdn
1
1 2 1821.2015000000001
Ntot
2
1 3 -0.25470788285730256
3 2 6914.331388836395
313 3 3
Id
3
1 1 1.0
2 2 1.0
3 3 -0.967018042444804
Nupdn
1
1 2 1821.2015000000001
Ntot
2
1 3 0.2547078828505689
3 2 -6914.33138903188
314 3 3
Id
3
1 1 1.0
2 2 1.0
3 3 -0.9670180424464629
Nupdn
1
1 2 1821.2015000000001
Ntot
2
1 3 -0.25470788284427137
3 2 6914.331389214685
315 3 3
Id
3
1 1 1.0
2 2 1.0
3 3 -0.9670180424480137
Nupdn
1
1 2 1821.2015000000001
Ntot
2
1 3 0.2547078828383827
3 2 -6914.331389385623
316 3 3
Id
3
1 1 1.0
2 2 1.0
3 3 -0.9670180424494643
Nupdn
1
1 2 1821.2015000000001
Ntot
2
1 3 -0.25470788283287626
3 2 6914.331389545473
317 3 3
Id
3
1 1 1.0
2 2 1.0
3 3 -0.9670180424508203
Nupdn
1
1 2 1821.2015000000001
Ntot
2
1 3 0.25470788282772705
3 2 -6914.331389694962
318 3 3
Id
3
1 1 1.0
2 2 1.0
3 3 -0.9670180424520889
Nupdn
1
1 2 1821.2015000000001
Ntot
2
1 3 -0.2547078828229116
3 2 6914.331389834744
319 3 3
Id
3
1 1 1.0
2 2 1.0
3 3 -0.9670180424532748
Nupdn
1
1 2 1821.2015000000001
Ntot
2
1 3 0.25470788281840895
3 2 -6914.3313899654595
320 3 3
Id
3
1 1 1.0
2 2 1.0
3 3 -0.9670180424543839
Nupdn
1
1 2 1821.2015000000001
Ntot
2
1 3 -0.2547078828141982
3 2 6914.331390087694
321 3 3
Id
3
1 1 1.0
2 2 1.0
3 3 -0.9670180424554211
Nupdn
1
1 2 1821.2015000000001
Ntot
2
1 3 0.2547078828102607
3 2 -6914.331390201993
322 3 3
Id
3
1 1 1.0
2 2 1.0
3 3 -0.967018042456391
Nupdn
1
1 2 1821.2015000000001
Ntot
2
1 3 -0.2547078828065784
3 2 6914.331390308881
323 3 3
Id
3
1 1 1.0
2 2 1.0
3 3 -0.9670180424572978
Nupdn
1
1 2 1821.2015000000001
Ntot
2
1 3 0.25470788280313555
3 2 -6914.331390408842
324 3 3
Id
3
1 1 1.0
2 2 1.0
3 3 -0.967018042458146
Nupdn
1
1 2 1821.2015000000001
Ntot
2
1 3 -0.2547078827999154
3 2 6914.331390502314
325 3 3
Id
3
1 1 1.0
2 2 1.0
3 3 -0.967018042458939
Nupdn
1
1 2 1821.2015000000001
Ntot
2
1 3 0.2547078827969047
3 2 -6914.33139058972
326 3 3
Id
3
1 1 1.0
2 2 1.0
3 3 -0.9670180424596808
Nupdn
1
1 2 1821.2015000000001
Ntot
2
1 3 -0.2547078827940888
3 2 6914.331390671458
327 3 3
Id
3
1 1 1.0
2 2 1.0
3 3 -0.967018042460374
Nupdn
1
1 2 1821.2015000000001
Ntot
2
1 3 0.25470788279145634
3 2 -6914.331390747887
328 3 3
Id
3
1 1 1.0
2 2 1.0
3 3 -0.9670180424610226
Nupdn
1
1 2 1821.2015000000001
Ntot
2
1 3 -0.25470788278899403
3 2 6914.331390819359
329 3 3
Id
3
1 1 1.0
2 2 1.0
3 3 -0.9670180424616293
Nupdn
1
1 2 1821.2015000000001
Ntot
2
1 3 0.2547078827866911
3 2 -6914.331390886192
330 3 3
Id
3
1 1 1.0
2 2 1.0
3 3 -0.9670180424621964
Nupdn
1
1 2 1821.2015000000001
Ntot
2
1 3 -0.25470788278453843
3 2 6914.331390948695
331 3 3
Id
3
1 1 1.0
2 2 1.0
3 3 -0.9670180424627264
Nupdn
1
1 2 1821.2015000000001
Ntot
2
1 3 0.25470788278252515
3 2 -6914.331391007146
332 3 3
Id
3
1 1 1.0
2 2 1.0
3 3 -0.9670180424632224
Nupdn
1
1 2 1821.2015000000001
Ntot
2
1 3 -0.25470788278064216
3 2 6914.331391061798
333 3 3
Id
3
1 1 1.0
2 2 1.0
3 3 -0.9670180424636861
Nupdn
1
1 2 1821.2015000000001
Ntot
2
1 3 0.25470788277888173
3 2 -6914.3313911129035
334 3 3
Id
3
1 1 1.0
2 2 1.0
3 3 -0.9670180424641195
Nupdn
1
1 2 1821.2015000000001
Ntot
2
1 3 -0.25470788277723505
3 2 6914.331391160699
335 3 3
Id
3
1 1 1.0
2 2 1.0
3 3 -0.9670180424645252
Nupdn
1
1 2 1821.2015000000001
Ntot
2
1 3 0.254707882775696
3 2 -6914.331391205387
336 3 3
Id
3
1 1 1.0
2 2 1.0
3 3 -0.9670180424649044
Nupdn
1
1 2 1821.2015000000001
Ntot
2
1 3 -0.254707882774256
3 2 6914.331391247185
337 3 3
Id
3
1 1 1.0
2 2 1.0
3 3 -0.967018042465259
Nupdn
1
1 2 1821.2015000000001
Ntot
2
1 3 0.2547078827729101
3 2 -6914.331391286264
338 3 3
Id
3
1 1 1.0
2 2 1.0
3 3 -0.9670180424655905
Nupdn
1
1 2 1821.2015000000001
Ntot
2
1 3 -0.2547078827716509
3 2 6914.331391322818
339 3 3
Id
3
1 1 1.0
2 2 1.0
3 3 -0.9670180424659005
Nupdn
1
1 2 1821.2015000000001
Ntot
2
1 3 0.254707882770474
3 2 -6914.33139135699
340 3 3
Id
3
1 1 1.0
2 2 1.0
3 3 -0.9670180424661907
Nupdn
1
1 2 1821.2015000000001
Ntot
2
1 3 -0.25470788276937273
3 2 6914.331391388946
341 3 3
Id
3
1 1 1.0
2 2 1.0
3 3 -0.9670180424664618
Nupdn
1
1 2 1821.2015000000001
Ntot
2
1 3 0.2547078827683436
3 2 -6914.331391418832
342 3 3
Id
3
1 1 1.0
2 2 1.0
3 3 -0.9670180424667156
Nupdn
1
1 2 1821.2015000000001
Ntot
2
1 3 -0.2547078827673808
3 2 6914.3313914467735
343 3 3
Id
3
1 1 1.0
2 2 1.0
3 3 -0.9670180424669523
Nupdn
1
1 2 1821.2015000000001
Ntot
2
1 3 0.2547078827664803
3 2 -6914.331391472907
344 3 3
Id
3
1 1 1.0
2 2 1.0
3 3 -0.9670180424671744
Nupdn
1
1 2 1821.2015000000001
Ntot
2
1 3 -0.254707882765639
3 2 6914.331391497346
345 3 3
Id
3
1 1 1.0
2 2 1.0
3 3 -0.9670180424673818
Nupdn
1
1 2 1821.2015000000001
Ntot
2
1 3 0.2547078827648512
3 2 -6914.3313915202025
346 3 3
Id
3
1 1 1.0
2 2 1.0
3 3 -0.9670180424675754
Nupdn
1
1 2 1821.2015000000001
Ntot
2
1 3 -0.25470788276411543
3 2 6914.331391541567
347 3 3
Id
3
1 1 1.0
2 2 1.0
3 3 -0.9670180424677568
Nupdn
1
1 2 1821.2015000000001
Ntot
2
1 3 0.2547078827634268
3 2 -6914.331391561549
348 3 3
Id
3
1 1 1.0
2 2 1.0
3 3 -0.9670180424679262
Nupdn
1
1 2 1821.2015000000001
Ntot
2
1 3 -0.25470788276278356
3 2 6914.331391580233
349 3 3
Id
3
1 1 1.0
2 2 1.0
3 3 -0.9670180424680852
Nupdn
1
1 2 1821.2015000000001
Ntot
2
1 3 0.25470788276218165
3 2 -6914.331391597715
350 3 3
Id
3
1 1 1.0
2 2 1.0
3 3 -0.9670180424682331
Nupdn
1
1 2 1821.2015000000001
Ntot
2
1 3 -0.2547078827616187
3 2 6914.331391614049
351 3 3
Id
3
1 1 1.0
2 2 1.0
3 3 -0.9670180424683719
Nupdn
1
1 2 1821.2015000000001
Ntot
2
1 3 0.2547078827610918
3 2 -6914.331391629334
352 3 3
Id
3
1 1 1.0
2 2 1.0
3 3 -0.9670180424685018
Nupdn
1
1 2 1821.2015000000001
Ntot
2
1 3 -0.25470788276059997
3 2 6914.331391643626
353 3 3
Id
3
1 1 1.0
2 2 1.0
3 3 -0.967018042468623
Nupdn
1
1 2 1821.2015000000001
Ntot
2
1 3 0.25470788276013917
3 2 -6914.331391656985
354 3 3
Id
3
1 1 1.0
2 2 1.0
3 3 -0.9670180424687362
Nupdn
1
1 2 1821.2015000000001
Ntot
2
1 3 -0.25470788275970896
3 2 6914.33139166948
355 3 3
Id
3
1 1 1.0
2 2 1.0
3 3 -0.9670180424688422
Nupdn
1
1 2 1821.2015000000001
Ntot
2
1 3 0.2547078827593064
3 2 -6914.331391681165
356 3 3
Id
3
1 1 1.0
2 2 1.0
3 3 -0.9670180424689414
Nupdn
1
1 2 1821.2015000000001
Ntot
2
1 3 -0.25470788275893014
3 2 6914.331391692092
357 3 3
Id
3
1 1 1.0
2 2 1.0
3 3 -0.9670180424690338
Nupdn
1
1 2 1821.2015000000001
Ntot
2
1 3 0.2547078827585781
3 2 -6914.331391702311
358 3 3
Id
3
1 1 1.0
2 2 1.0
3 3 -0.9670180424691204
Nupdn
1
1 2 1821.2015000000001
Ntot
2
1 3 -0.2547078827582493
3 2 6914.331391711865
359 3 3
Id
3
1 1 1.0
2 2 1.0
3 3 -0.9670180424692016
Nupdn
1
1 2 1821.2015000000001
Ntot
2
1 3 0.25470788275794154
3 2 -6914.3313917208025
360 3 3
Id
3
1 1 1.0
2 2 1.0
3 3 -0.9670180424692778
Nupdn
1
1 2 1821.2015000000001
Ntot
2
1 3 -0.25470788275765344
3 2 6914.331391729154
361 3 3
Id
3
1 1 1.0
2 2 1.0
3 3 -0.9670180424693486
Nupdn
1
1 2 1821.2015000000001
Ntot
2
1 3 0.2547078827573842
3 2 -6914.331391736966
362 3 3
Id
3
1 1 1.0
2 2 1.0
3 3 -0.9670180424694148
Nupdn
1
1 2 1821.2015000000001
Ntot
2
1 3 -0.25470788275713246
3 2 6914.331391744276
363 3 3
Id
3
1 1 1.0
2 2 1.0
3 3 -0.9670180424694768
Nupdn
1
1 2 1821.2015000000001
Ntot
2
1 3 0.2547078827568974
3 2 -6914.331391751099
364 3 3
Id
3
1 1 1.0
2 2 1.0
3 3 -0.9670180424695347
Nupdn
1
1 2 1821.2015000000001
Ntot
2
1 3 -0.2547078827566772
3 2 6914.331391757493
365 3 3
Id
3
1 1 1.0
2 2 1.0
3 3 -0.9670180424695891
Nupdn
1
1 2 1821.2015000000001
Ntot
2
1 3 0.2547078827564714
3 2 -6914.3313917634705
366 3 3
Id
3
1 1 1.0
2 2 1.0
3 3 -0.9670180424696397
Nupdn
1
1 2 1821.2015000000001
Ntot
2
1 3 -0.25470788275627904
3 2 6914.331391769054
367 3 3
Id
3
1 1 1.0
2 2 1.0
3 3 -0.9670180424696868
Nupdn
1
1 2 1821.2015000000001
Ntot
2
1 3 0.25470788275609907
3 2 -6914.331391774281
368 3 3
Id
3
1 1 1.0
2 2 1.0
3 3 -0.9670180424697312
Nupdn
1
1 2 1821.2015000000001
Ntot
2
1 3 -0.2547078827559307
3 2 6914.33139177917
369 3 3
Id
3
1 1 1.0
2 2 1.0
3 3 -0.9670180424697727
Nupdn
1
1 2 1821.2015000000001
Ntot
2
1 3 0.2547078827557732
3 2 -6914.331391783732
370 3 3
Id
3
1 1 1.0
2 2 1.0
3 3 -0.9670180424698116
Nupdn
1
1 2 1821.2015000000001
Ntot
2
1 3 -0.2547078827556262
3 2 6914.331391788005
371 3 3
Id
3
1 1 1.0
2 2 1.0
3 3 -0.9670180424698476
Nupdn
1
1 2 1821.2015000000001
Ntot
2
1 3 0.25470788275548856
3 2 -6914.331391792002
372 3 3
Id
3
1 1 1.0
2 2 1.0
3 3 -0.9670180424698815
Nupdn
1
1 2 1821.2015000000001
Ntot
2
1 3 -0.25470788275535966
3 2 6914.331391795738
373 3 3
Id
3
1 1 1.0
2 2 1.0
3 3 -0.9670180424699135
Nupdn
1
1 2 1821.2015000000001
Ntot
2
1 3 0.2547078827552395
3 2 -6914.331391799242
374 3 3
Id
3
1 1 1.0
2 2 1.0
3 3 -0.9670180424699428
Nupdn
1
1 2 1821.2015000000001
Ntot
2
1 3 -0.2547078827551269
3 2 6914.331391802504
375 3 3
Id
3
1 1 1.0
2 2 1.0
3 3 -0.9670180424699708
Nupdn
1
1 2 1821.2015000000001
Ntot
2
1 3 0.2547078827550215
3 2 -6914.331391805556
376 3 3
Id
3
1 1 1.0
2 2 1.0
3 3 -0.9670180424699968
Nupdn
1
1 2 1821.2015000000001
Ntot
2
1 3 -0.25470788275492284
3 2 6914.331391808411
377 3 3
Id
3
1 1 1.0
2 2 1.0
3 3 -0.967018042470021
Nupdn
1
1 2 1821.2015000000001
Ntot
2
1 3 0.25470788275483114
3 2 -6914.331391811089
378 3 3
Id
3
1 1 1.0
2 2 1.0
3 3 -0.9670180424700436
Nupdn
1
1 2 1821.2015000000001
Ntot
2
1 3 -0.2547078827547451
3 2 6914.3313918135855
379 3 3
Id
3
1 1 1.0
2 2 1.0
3 3 -0.967018042470065
Nupdn
1
1 2 1821.2015000000001
Ntot
2
1 3 0.25470788275466466
3 2 -6914.331391815917
380 3 3
Id
3
1 1 1.0
2 2 1.0
3 3 -0.9670180424700845
Nupdn
1
1 2 1821.2015000000001
Ntot
2
1 3 -0.25470788275458933
3 2 6914.331391818101
381 3 3
Id
3
1 1 1.0
2 2 1.0
3 3 -0.9670180424701031
Nupdn
1
1 2 1821.2015000000001
Ntot
2
1 3 0.25470788275451894
3 2 -6914.33139182014
382 3 3
Id
3
1 1 1.0
2 2 1.0
3 3 -0.9670180424701207
Nupdn
1
1 2 1821.2015000000001
Ntot
2
1 3 -0.25470788275445316
3 2 6914.331391822055
383 3 3
Id
3
1 1 1.0
2 2 1.0
3 3 -0.9670180424701369
Nupdn
1
1 2 1821.2015000000001
Ntot
2
1 3 0.25470788275439166
3 2 -6914.331391823837
384 3 3
Id
3
1 1 1.0
2 2 1.0
3 3 -0.9670180424701518
Nupdn
1
1 2 1821.2015000000001
Ntot
2
1 3 -0.2547078827543341
3 2 6914.331391825507
385 3 3
Id
3
1 1 1.0
2 2 1.0
3 3 -0.9670180424701662
Nupdn
1
1 2 1821.2015000000001
Ntot
2
1 3 0.2547078827542802
3 2 -6914.331391827071
386 3 3
Id
3
1 1 1.0
2 2 1.0
3 3 -0.9670180424701793
Nupdn
1
1 2 1821.2015000000001
Ntot
2
1 3 -0.25470788275423006
3 2 6914.3313918285385
387 3 3
Id
3
1 1 1.0
2 2 1.0
3 3 -0.9670180424701915
Nupdn
1
1 2 1821.2015000000001
Ntot
2
1 3 0.25470788275418305
3 2 -6914.3313918299045
388 3 3
Id
3
1 1 1.0
2 2 1.0
3 3 -0.9670180424702035
Nupdn
1
1 2 1821.2015000000001
Ntot
2
1 3 -0.25470788275413914
3 2 6914.331391831179
389 3 3
Id
3
1 1 1.0
2 2 1.0
3 3 -0.9670180424702142
Nupdn
1
1 2 1821.2015000000001
Ntot
2
1 3 0.2547078827540979
3 2 -6914.331391832367
390 3 3
Id
3
1 1 1.0
2 2 1.0
3 3 -0.9670180424702242
Nupdn
1
1 2 1821.2015000000001
Ntot
2
1 3 -0.2547078827540595
3 2 6914.331391833492
391 3 3
Id
3
1 1 1.0
2 2 1.0
3 3 -0.9670180424702337
Nupdn
1
1 2 1821.2015000000001
Ntot
2
1 3 0.25470788275402334
3 2 -6914.331391834531
392 3 3
Id
3
1 1 1.0
2 2 1.0
3 3 -0.9670180424702428
Nupdn
1
1 2 1821.2015000000001
Ntot
2
1 3 -0.25470788275399
3 2 6914.331391835505
393 3 3
Id
3
1 1 1.0
2 2 1.0
3 3 -0.9670180424702506
Nupdn
1
1 2 1821.2015000000001
Ntot
2
1 3 0.2547078827539585
3 2 -6914.331391836426
394 3 3
Id
3
1 1 1.0
2 2 1.0
3 3 -0.9670180424702586
Nupdn
1
1 2 1821.2015000000001
Ntot
2
1 3 -0.2547078827539288
3 2 6914.331391837274
395 3 3
Id
3
1 1 1.0
2 2 1.0
3 3 -0.9670180424702657
Nupdn
1
1 2 1821.2015000000001
Ntot
2
1 3 0.2547078827539014
3 2 -6914.331391838079
396 3 3
Id
3
1 1 1.0
2 2 1.0
3 3 -0.9670180424702726
Nupdn
1
1 2 1821.2015000000001
Ntot
2
1 3 -0.2547078827538757
3 2 6914.331391838818
397 3 3
Id
3
1 1 1.0
2 2 1.0
3 3 -0.967018042470279
Nupdn
1
1 2 1821.2015000000001
Ntot
2
1 3 0.25470788275385164
3 2 -6914.331391839517
398 3 3
Id
3
1 1 1.0
2 2 1.0
3 3 -0.9670180424702848
Nupdn
1
1 2 1821.2015000000001
Ntot
2
1 3 -0.254707882753829
3 2 6914.331391840183
399 3 3
Id
3
1 1 1.0
2 2 1.0
3 3 -0.9670180424702903
Nupdn
1
1 2 1821.2015000000001
Ntot
2
1 3 0.25470788275380807
3 2 -6914.331391840785
400 3 3
Id
3
1 1 1.0
2 2 1.0
3 3 -0.9670180424702954
Nupdn
1
1 2 1821.2015000000001
Ntot
2
1 3 -0.25470788275378814
3 2 6914.331391841356
401 3 3
Id
3
1 1 1.0
2 2 1.0
3 3 -0.9670180424703005
Nupdn
1
1 2 1821.2015000000001
Ntot
2
1 3 0.25470788275376965
3 2 -6914.3313918418935
402 3 3
Id
3
1 1 1.0
2 2 1.0
3 3 -0.967018042470305
Nupdn
1
1 2 1821.2015000000001
Ntot
2
1 3 -0.2547078827537525
3 2 6914.331391842396
403 3 3
Id
3
1 1 1.0
2 2 1.0
3 3 -0.9670180424703092
Nupdn
1
1 2 1821.2015000000001
Ntot
2
1 3 0.2547078827537365
3 2 -6914.331391842861
404 3 3
Id
3
1 1 1.0
2 2 1.0
3 3 -0.9670180424703134
Nupdn
1
1 2 1821.2015000000001
Ntot
2
1 3 -0.25470788275372136
3 2 6914.331391843299
405 3 3
Id
3
1 1 1.0
2 2 1.0
3 3 -0.967018042470317
Nupdn
1
1 2 1821.2015000000001
Ntot
2
1 3 0.2547078827537075
3 2 -6914.3313918437
406 3 3
Id
3
1 1 1.0
2 2 1.0
3 3 -0.9670180424703201
Nupdn
1
1 2 1821.2015000000001
Ntot
2
1 3 -0.2547078827536944
3 2 6914.331391844078
407 3 3
Id
3
1 1 1.0
2 2 1.0
3 3 -0.9670180424703236
Nupdn
1
1 2 1821.2015000000001
Ntot
2
1 3 0.25470788275368206
3 2 -6914.3313918444355
408 3 3
Id
3
1 1 1.0
2 2 1.0
3 3 -0.9670180424703267
Nupdn
1
1 2 1821.2015000000001
Ntot
2
1 3 -0.2547078827536706
3 2 6914.331391844772
409 3 3
Id
3
1 1 1.0
2 2 1.0
3 3 -0.9670180424703294
Nupdn
1
1 2 1821.2015000000001
Ntot
2
1 3 0.25470788275365985
3 2 -6914.331391845083
410 3 3
Id
3
1 1 1.0
2 2 1.0
3 3 -0.9670180424703321
Nupdn
1
1 2 1821.2015000000001
Ntot
2
1 3 -0.2547078827536499
3 2 6914.331391845372
411 3 3
Id
3
1 1 1.0
2 2 1.0
3 3 -0.9670180424703345
Nupdn
1
1 2 1821.2015000000001
Ntot
2
1 3 0.25470788275364037
3 2 -6914.331391845655
412 3 3
Id
3
1 1 1.0
2 2 1.0
3 3 -0.9670180424703367
Nupdn
1
1 2 1821.2015000000001
Ntot
2
1 3 -0.25470788275363165
3 2 6914.331391845906
413 3 3
Id
3
1 1 1.0
2 2 1.0
3 3 -0.9670180424703387
Nupdn
1
1 2 1821.2015000000001
Ntot
2
1 3 0.25470788275362344
3 2 -6914.33139184614
414 3 3
Id
3
1 1 1.0
2 2 1.0
3 3 -0.9670180424703412
Nupdn
1
1 2 1821.2015000000001
Ntot
2
1 3 -0.25470788275361567
3 2 6914.331391846374
415 3 3
Id
3
1 1 1.0
2 2 1.0
3 3 -0.9670180424703432
Nupdn
1
1 2 1821.2015000000001
Ntot
2
1 3 0.25470788275360856
3 2 -6914.3313918465765
416 3 3
Id
3
1 1 1.0
2 2 1.0
3 3 -0.967018042470345
Nupdn
1
1 2 1821.2015000000001
Ntot
2
1 3 -0.2547078827536016
3 2 6914.331391846768
417 3 3
Id
3
1 1 1.0
2 2 1.0
3 3 -0.9670180424703463
Nupdn
1
1 2 1821.2015000000001
Ntot
2
1 3 0.2547078827535955
3 2 -6914.331391846954
418 3 3
Id
3
1 1 1.0
2 2 1.0
3 3 -0.9670180424703476
Nupdn
1
1 2 1821.2015000000001
Ntot
2
1 3 -0.2547078827535895
3 2 6914.331391847127
419 3 3
Id
3
1 1 1.0
2 2 1.0
3 3 -0.9670180424703494
Nupdn
1
1 2 1821.2015000000001
Ntot
2
1 3 0.25470788275358397
3 2 -6914.331391847288
420 3 3
Id
3
1 1 1.0
2 2 1.0
3 3 -0.9670180424703507
Nupdn
1
1 2 1821.2015000000001
Ntot
2
1 3 -0.25470788275357875
3 2 6914.331391847431
421 3 3
Id
3
1 1 1.0
2 2 1.0
3 3 -0.9670180424703518
Nupdn
1
1 2 1821.2015000000001
Ntot
2
1 3 0.25470788275357437
3 2 -6914.331391847575
422 3 3
Id
3
1 1 1.0
2 2 1.0
3 3 -0.9670180424703532
Nupdn
1
1 2 1821.2015000000001
Ntot
2
1 3 -0.2547078827535697
3 2 6914.331391847706
423 3 3
Id
3
1 1 1.0
2 2 1.0
3 3 -0.9670180424703543
Nupdn
1
1 2 1821.2015000000001
Ntot
2
1 3 0.2547078827535653
3 2 -6914.331391847826
424 3 3
Id
3
1 1 1.0
2 2 1.0
3 3 -0.9670180424703554
Nupdn
1
1 2 1821.2015000000001
Ntot
2
1 3 -0.25470788275356115
3 2 6914.331391847943
425 3 3
Id
3
1 1 1.0
2 2 1.0
3 3 -0.9670180424703565
Nupdn
1
1 2 1821.2015000000001
Ntot
2
1 3 0.2547078827535576
3 2 -6914.331391848056
426 3 3
Id
3
1 1 1.0
2 2 1.0
3 3 -0.9670180424703572
Nupdn
1
1 2 1821.2015000000001
Ntot
2
1 3 -0.25470788275355427
3 2 6914.331391848151
427 3 3
Id
3
1 1 1.0
2 2 1.0
3 3 -0.967018042470358
Nupdn
1
1 2 1821.2015000000001
Ntot
2
1 3 0.25470788275355094
3 2 -6914.331391848249
428 3 3
Id
3
1 1 1.0
2 2 1.0
3 3 -0.9670180424703589
Nupdn
1
1 2 1821.2015000000001
Ntot
2
1 3 -0.25470788275354794
3 2 6914.331391848325
429 3 3
Id
3
1 1 1.0
2 2 1.0
3 3 -0.9670180424703598
Nupdn
1
1 2 1821.2015000000001
Ntot
2
1 3 0.25470788275354517
3 2 -6914.331391848415
430 3 3
Id
3
1 1 1.0
2 2 1.0
3 3 -0.9670180424703605
Nupdn
1
1 2 1821.2015000000001
Ntot
2
1 3 -0.25470788275354267
3 2 6914.3313918484855
431 3 3
Id
3
1 1 1.0
2 2 1.0
3 3 -0.9670180424703609
Nupdn
1
1 2 1821.2015000000001
Ntot
2
1 3 0.2547078827535402
3 2 -6914.331391848565
432 3 3
Id
3
1 1 1.0
2 2 1.0
3 3 -0.9670180424703614
Nupdn
1
1 2 1821.2015000000001
Ntot
2
1 3 -0.25470788275353795
3 2 6914.3313918486265
433 3 3
Id
3
1 1 1.0
2 2 1.0
3 3 -0.967018042470362
Nupdn
1
1 2 1821.2015000000001
Ntot
2
1 3 0.2547078827535358
3 2 -6914.331391848686
434 3 3
Id
3
1 1 1.0
2 2 1.0
3 3 -0.9670180424703629
Nupdn
1
1 2 1821.2015000000001
Ntot
2
1 3 -0.25470788275353345
3 2 6914.3313918487465
435 3 3
Id
3
1 1 1.0
2 2 1.0
3 3 -0.9670180424703629
Nupdn
1
1 2 1821.2015000000001
Ntot
2
1 3 0.25470788275353196
3 2 -6914.331391848796
436 3 3
Id
3
1 1 1.0
2 2 1.0
3 3 -0.9670180424703636
Nupdn
1
1 2 1821.2015000000001
Ntot
2
1 3 -0.25470788275353
3 2 6914.331391848846
437 3 3
Id
3
1 1 1.0
2 2 1.0
3 3 -0.967018042470364
Nupdn
1
1 2 1821.2015000000001
Ntot
2
1 3 0.25470788275352846
3 2 -6914.331391848899
438 3 3
Id
3
1 1 1.0
2 2 1.0
3 3 -0.9670180424703643
Nupdn
1
1 2 1821.2015000000001
Ntot
2
1 3 -0.2547078827535269
3 2 6914.331391848945
439 3 3
Id
3
1 1 1.0
2 2 1.0
3 3 -0.9670180424703647
Nupdn
1
1 2 1821.2015000000001
Ntot
2
1 3 0.25470788275352535
3 2 -6914.331391848988
440 3 3
Id
3
1 1 1.0
2 2 1.0
3 3 -0.9670180424703652
Nupdn
1
1 2 1821.2015000000001
Ntot
2
1 3 -0.2547078827535241
3 2 6914.331391849023
441 3 3
Id
3
1 1 1.0
2 2 1.0
3 3 -0.9670180424703656
Nupdn
1
1 2 1821.2015000000001
Ntot
2
1 3 0.25470788275352296
3 2 -6914.331391849061
442 3 3
Id
3
1 1 1.0
2 2 1.0
3 3 -0.9670180424703656
Nupdn
1
1 2 1821.2015000000001
Ntot
2
1 3 -0.2547078827535218
3 2 6914.33139184909
443 3 3
Id
3
1 1 1.0
2 2 1.0
3 3 -0.9670180424703663
Nupdn
1
1 2 1821.2015000000001
Ntot
2
1 3 0.2547078827535206
3 2 -6914.331391849134
444 3 3
Id
3
1 1 1.0
2 2 1.0
3 3 -0.9670180424703663
Nupdn
1
1 2 1821.2015000000001
Ntot
2
1 3 -0.2547078827535195
3 2 6914.331391849163
445 3 3
Id
3
1 1 1.0
2 2 1.0
3 3 -0.9670180424703665
Nupdn
1
1 2 1821.2015000000001
Ntot
2
1 3 0.2547078827535187
3 2 -6914.331391849182
446 3 3
Id
3
1 1 1.0
2 2 1.0
3 3 -0.9670180424703669
Nupdn
1
1 2 1821.2015000000001
Ntot
2
1 3 -0.2547078827535178
3 2 6914.331391849207
447 3 3
Id
3
1 1 1.0
2 2 1.0
3 3 -0.9670180424703672
Nupdn
1
1 2 1821.2015000000001
Ntot
2
1 3 0.2547078827535169
3 2 -6914.331391849232
448 3 3
Id
3
1 1 1.0
2 2 1.0
3 3 -0.9670180424703674
Nupdn
1
1 2 1821.2015000000001
Ntot
2
1 3 -0.2547078827535161
3 2 6914.331391849263
449 3 3
Id
3
1 1 1.0
2 2 1.0
3 3 -0.9670180424703676
Nupdn
1
1 2 1821.2015000000001
Ntot
2
1 3 0.2547078827535152
3 2 -6914.331391849289
450 3 3
Id
3
1 1 1.0
2 2 1.0
3 3 -0.9670180424703678
Nupdn
1
1 2 1821.2015000000001
Ntot
2
1 3 -0.2547078827535147
3 2 6914.331391849309
451 3 3
Id
3
1 1 1.0
2 2 1.0
3 3 -0.967018042470368
Nupdn
1
1 2 1821.2015000000001
Ntot
2
1 3 0.2547078827535141
3 2 -6914.331391849316
452 3 3
Id
3
1 1 1.0
2 2 1.0
3 3 -0.967018042470368
Nupdn
1
1 2 1821.2015000000001
Ntot
2
1 3 -0.2547078827535134
3 2 6914.331391849335
453 3 3
Id
3
1 1 1.0
2 2 1.0
3 3 -0.9670180424703683
Nupdn
1
1 2 1821.2015000000001
Ntot
2
1 3 0.2547078827535129
3 2 -6914.331391849346
454 3 3
Id
3
1 1 1.0
2 2 1.0
3 3 -0.9670180424703683
Nupdn
1
1 2 1821.2015000000001
Ntot
2
1 3 -0.2547078827535125
3 2 6914.331391849365
455 3 3
Id
3
1 1 1.0
2 2 1.0
3 3 -0.9670180424703683
Nupdn
1
1 2 1821.2015000000001
Ntot
2
1 3 0.25470788275351186
3 2 -6914.331391849386
456 3 3
Id
3
1 1 1.0
2 2 1.0
3 3 -0.9670180424703683
Nupdn
1
1 2 1821.2015000000001
Ntot
2
1 3 -0.2547078827535116
3 2 6914.331391849398
457 3 3
Id
3
1 1 1.0
2 2 1.0
3 3 -0.9670180424703687
Nupdn
1
1 2 1821.2015000000001
Ntot
2
1 3 0.25470788275351103
3 2 -6914.331391849409
458 3 3
Id
3
1 1 1.0
2 2 1.0
3 3 -0.9670180424703687
Nupdn
1
1 2 1821.2015000000001
Ntot
2
1 3 -0.2547078827535107
3 2 6914.331391849411
459 3 3
Id
3
1 1 1.0
2 2 1.0
3 3 -0.9670180424703687
Nupdn
1
1 2 1821.2015000000001
Ntot
2
1 3 0.25470788275351014
3 2 -6914.331391849426
460 3 3
Id
3
1 1 1.0
2 2 1.0
3 3 -0.9670180424703687
Nupdn
1
1 2 1821.2015000000001
Ntot
2
1 3 -0.25470788275351
3 2 6914.331391849431
461 3 3
Id
3
1 1 1.0
2 2 1.0
3 3 -0.9670180424703692
Nupdn
1
1 2 1821.2015000000001
Ntot
2
1 3 0.2547078827535094
3 2 -6914.331391849448
462 3 3
Id
3
1 1 1.0
2 2 1.0
3 3 -0.9670180424703694
Nupdn
1
1 2 1821.2015000000001
Ntot
2
1 3 -0.2547078827535088
3 2 6914.331391849464
463 3 3
Id
3
1 1 1.0
2 2 1.0
3 3 -0.9670180424703694
Nupdn
1
1 2 1821.2015000000001
Ntot
2
1 3 0.25470788275350886
3 2 -6914.331391849469
464 3 3
Id
3
1 1 1.0
2 2 1.0
3 3 -0.9670180424703692
Nupdn
1
1 2 1821.2015000000001
Ntot
2
1 3 -0.2547078827535086
3 2 6914.331391849484
465 3 3
Id
3
1 1 1.0
2 2 1.0
3 3 -0.9670180424703692
Nupdn
1
1 2 1821.2015000000001
Ntot
2
1 3 0.25470788275350853
3 2 -6914.331391849478
466 3 3
Id
3
1 1 1.0
2 2 1.0
3 3 -0.9670180424703696
Nupdn
1
1 2 1821.2015000000001
Ntot
2
1 3 -0.25470788275350786
3 2 6914.331391849493
467 3 3
Id
3
1 1 1.0
2 2 1.0
3 3 -0.9670180424703694
Nupdn
1
1 2 1821.2015000000001
Ntot
2
1 3 0.2547078827535079
3 2 -6914.331391849501
468 3 3
Id
3
1 1 1.0
2 2 1.0
3 3 -0.9670180424703696
Nupdn
1
1 2 1821.2015000000001
Ntot
2
1 3 -0.2547078827535075
3 2 6914.3313918495105
469 3 3
Id
3
1 1 1.0
2 2 1.0
3 3 -0.9670180424703694
Nupdn
1
1 2 1821.2015000000001
Ntot
2
1 3 0.2547078827535076
3 2 -6914.331391849503
470 3 3
Id
3
1 1 1.0
2 2 1.0
3 3 -0.9670180424703696
Nupdn
1
1 2 1821.2015000000001
Ntot
2
1 3 -0.2547078827535072
3 2 6914.331391849511
471 3 3
Id
3
1 1 1.0
2 2 1.0
3 3 -0.9670180424703696
Nupdn
1
1 2 1821.2015000000001
Ntot
2
1 3 0.25470788275350725
3 2 -6914.331391849516
472 3 3
Id
3
1 1 1.0
2 2 1.0
3 3 -0.9670180424703696
Nupdn
1
1 2 1821.2015000000001
Ntot
2
1 3 -0.2547078827535068
3 2 6914.331391849523
473 3 3
Id
3
1 1 1.0
2 2 1.0
3 3 -0.9670180424703696
Nupdn
1
1 2 1821.2015000000001
Ntot
2
1 3 0.2547078827535068
3 2 -6914.33139184953
474 3 3
Id
3
1 1 1.0
2 2 1.0
3 3 -0.9670180424703696
Nupdn
1
1 2 1821.2015000000001
Ntot
2
1 3 -0.25470788275350636
3 2 6914.331391849541
475 3 3
Id
3
1 1 1.0
2 2 1.0
3 3 -0.96701804247037
Nupdn
1
1 2 1821.2015000000001
Ntot
2
1 3 0.25470788275350653
3 2 -6914.3313918495305
476 3 3
Id
3
1 1 1.0
2 2 1.0
3 3 -0.96701804247037
Nupdn
1
1 2 1821.2015000000001
Ntot
2
1 3 -0.2547078827535063
3 2 6914.331391849543
477 3 3
Id
3
1 1 1.0
2 2 1.0
3 3 -0.96701804247037
Nupdn
1
1 2 1821.2015000000001
Ntot
2
1 3 0.2547078827535064
3 2 -6914.331391849545
478 3 3
Id
3
1 1 1.0
2 2 1.0
3 3 -0.9670180424703698
Nupdn
1
1 2 1821.2015000000001
Ntot
2
1 3 -0.25470788275350614
3 2 6914.331391849554
479 3 3
Id
3
1 1 1.0
2 2 1.0
3 3 -0.9670180424703698
Nupdn
1
1 2 1821.2015000000001
Ntot
2
1 3 0.25470788275350614
3 2 -6914.3313918495505
480 3 3
Id
3
1 1 1.0
2 2 1.0
3 3 -0.96701804247037
Nupdn
1
1 2 1821.2015000000001
Ntot
2
1 3 -0.2547078827535059
3 2 6914.331391849551
481 3 3
Id
3
1 1 1.0
2 2 1.0
3 3 -0.9670180424703703
Nupdn
1
1 2 1821.2015000000001
Ntot
2
1 3 0.25470788275350603
3 2 -6914.331391849549
482 3 3
Id
3
1 1 1.0
2 2 1.0
3 3 -0.96701804247037
Nupdn
1
1 2 1821.2015000000001
Ntot
2
1 3 -0.2547078827535059
3 2 6914.331391849564
483 3 3
Id
3
1 1 1.0
2 2 1.0
3 3 -0.96701804247037
Nupdn
1
1 2 1821.2015000000001
Ntot
2
1 3 0.2547078827535058
3 2 -6914.331391849548
484 3 3
Id
3
1 1 1.0
2 2 1.0
3 3 -0.96701804247037
Nupdn
1
1 2 1821.2015000000001
Ntot
2
1 3 -0.2547078827535057
3 2 6914.33139184956
485 3 3
Id
3
1 1 1.0
2 2 1.0
3 3 -0.96701804247037
Nupdn
1
1 2 1821.2015000000001
Ntot
2
1 3 0.25470788275350587
3 2 -6914.331391849559
486 3 3
Id
3
1 1 1.0
2 2 1.0
3 3 -0.9670180424703703
Nupdn
1
1 2 1821.2015000000001
Ntot
2
1 3 -0.25470788275350564
3 2 6914.331391849564
487 3 3
Id
3
1 1 1.0
2 2 1.0
3 3 -0.9670180424703703
Nupdn
1
1 2 1821.2015000000001
Ntot
2
1 3 0.2547078827535057
3 2 -6914.331391849563
488 3 3
Id
3
1 1 1.0
2 2 1.0
3 3 -0.9670180424703698
Nupdn
1
1 2 1821.2015000000001
Ntot
2
1 3 -0.2547078827535054
3 2 6914.331391849562
489 3 3
Id
3
1 1 1.0
2 2 1.0
3 3 -0.96701804247037
Nupdn
1
1 2 1821.2015000000001
Ntot
2
1 3 0.25470788275350537
3 2 -6914.331391849574
490 3 3
Id
3
1 1 1.0
2 2 1.0
3 3 -0.9670180424703698
Nupdn
1
1 2 1821.2015000000001
Ntot
2
1 3 -0.25470788275350553
3 2 6914.331391849569
491 3 3
Id
3
1 1 1.0
2 2 1.0
3 3 -0.96701804247037
Nupdn
1
1 2 1821.2015000000001
Ntot
2
1 3 0.25470788275350525
3 2 -6914.331391849569
492 3 3
Id
3
1 1 1.0
2 2 1.0
3 3 -0.96701804247037
Nupdn
1
1 2 1821.2015000000001
Ntot
2
1 3 -0.2547078827535054
3 2 6914.331391849568
493 3 3
Id
3
1 1 1.0
2 2 1.0
3 3 -0.9670180424703705
Nupdn
1
1 2 1821.2015000000001
Ntot
2
1 3 0.2547078827535051
3 2 -6914.331391849573
494 3 3
Id
3
1 1 1.0
2 2 1.0
3 3 -0.96701804247037
Nupdn
1
1 2 1821.2015000000001
Ntot
2
1 3 -0.2547078827535052
3 2 6914.3313918495705
495 3 3
Id
3
1 1 1.0
2 2 1.0
3 3 -0.9670180424703703
Nupdn
1
1 2 1821.2015000000001
Ntot
2
1 3 0.2547078827535052
3 2 -6914.3313918495705
496 3 3
Id
3
1 1 1.0
2 2 1.0
3 3 -0.96701804247037
Nupdn
1
1 2 1821.2015000000001
Ntot
2
1 3 -0.2547078827535052
3 2 6914.331391849575
497 3 3
Id
3
1 1 1.0
2 2 1.0
3 3 -0.9670180424703703
Nupdn
1
1 2 1821.2015000000001
Ntot
2
1 3 0.2547078827535051
3 2 -6914.331391849579
498 3 3
Id
3
1 1 1.0
2 2 1.0
3 3 -0.9670180424703703
Nupdn
1
1 2 1821.2015000000001
Ntot
2
1 3 -0.2547078827535052
3 2 6914.331391849576
499 3 3
Id
3
1 1 1.0
2 2 1.0
3 3 -0.9670180424703703
Nupdn
1
1 2 1821.2015000000001
Ntot
2
1 3 0.25470788275350503
3 2 -6914.331391849583
500 3 3
Id
3
1 1 1.0
2 2 1.0
3 3 -0.96701804247037
Nupdn
1
1 2 1821.2015000000001
Ntot
2
1 3 -0.25470788275350525
3 2 6914.33139184958
501 3 3
Id
3
1 1 1.0
2 2 1.0
3 3 -0.96701804247037
Nupdn
1
1 2 1821.2015000000001
Ntot
2
1 3 0.2547078827535051
3 2 -6914.331391849578
502 3 3
Id
3
1 1 1.0
2 2 1.0
3 3 -0.9670180424703703
Nupdn
1
1 2 1821.2015000000001
Ntot
2
1 3 -0.25470788275350525
3 2 6914.331391849577
503 3 3
Id
3
1 1 1.0
2 2 1.0
3 3 -0.9670180424703703
Nupdn
1
1 2 1821.2015000000001
Ntot
2
1 3 0.25470788275350503
3 2 -6914.331391849576
504 3 3
Id
3
1 1 1.0
2 2 1.0
3 3 -0.9670180424703703
Nupdn
1
1 2 1821.2015000000001
Ntot
2
1 3 -0.2547078827535051
3 2 6914.331391849577
505 3 3
Id
3
1 1 1.0
2 2 1.0
3 3 -0.96701804247037
Nupdn
1
1 2 1821.2015000000001
Ntot
2
1 3 0.25470788275350487
3 2 -6914.331391849578
506 3 3
Id
3
1 1 1.0
2 2 1.0
3 3 -0.9670180424703703
Nupdn
1
1 2 1821.2015000000001
Ntot
2
1 3 -0.25470788275350525
3 2 6914.331391849569
507 3 3
Id
3
1 1 1.0
2 2 1.0
3 3 -0.9670180424703703
Nupdn
1
1 2 1821.2015000000001
Ntot
2
1 3 0.254707882753505
3 2 -6914.331391849584
508 3 3
Id
3
1 1 1.0
2 2 1.0
3 3 -0.9670180424703705
Nupdn
1
1 2 1821.2015000000001
Ntot
2
1 3 -0.2547078827535051
3 2 6914.33139184958
509 3 3
Id
3
1 1 1.0
2 2 1.0
3 3 -0.9670180424703705
Nupdn
1
1 2 1821.2015000000001
Ntot
2
1 3 0.25470788275350503
3 2 -6914.331391849577
510 3 3
Id
3
1 1 1.0
2 2 1.0
3 3 -0.9670180424703703
Nupdn
1
1 2 1821.2015000000001
Ntot
2
1 3 -0.25470788275350514
3 2 6914.3313918495805
511 3 3
Id
3
1 1 1.0
2 2 1.0
3 3 -0.9670180424703703
Nupdn
1
1 2 1821.2015000000001
Ntot
2
1 3 0.2547078827535051
3 2 -6914.331391849577
512 3 3
Id
3
1 1 1.0
2 2 1.0
3 3 -0.9670180424703703
Nupdn
1
1 2 1821.2015000000001
Ntot
2
1 3 -0.25470788275350514
3 2 6914.331391849581
513 3 1
Id
1
2 1 1.0
Nupdn
1
1 1 1821.2015000000001
Ntot
1
3 1 -6914.3313918495805
