513
1 1 3
Id
1
1 1 1.0
Nupdn
1
1 2 321.3885
Ntot
1
1 3 1.0
2 3 3
Id
3
1 1 1.0
2 2 1.0
3 3 -0.6951526607370007
Nupdn
1
1 2 321.3885
Ntot
2
1 3 -0.7188621413527552
3 2 310.7884781424889
3 3 3
Id
3
1 1 1.0
2 2 1.0
3 3 -0.802542827621165
Nupdn
1
1 2 321.3885
Ntot
2
1 3 0.5965945103953146
3 2 -432.333906968096
4 3 3
Id
3
1 1 1.0
2 2 1.0
3 3 -0.8510659796103746
Nupdn
1
1 2 321.3885
Ntot
2
1 3 -0.5250587570451843
3 2 520.9375425472061
5 3 3
Id
3
1 1 1.0
2 2 1.0
3 3 -0.8788129971899845
Nupdn
1
1 2 321.3885
Ntot
2
1 3 0.4771663399381351
3 2 -591.9118079117063
6 3 3
Id
3
1 1 1.0
2 2 1.0
3 3 -0.89676757627927
Nupdn
1
1 2 321.3885
Ntot
2
1 3 -0.44250188037363597
3 2 651.3210428522322
7 3 3
Id
3
1 1 1.0
2 2 1.0
3 3 -0.9093192133378398
Nupdn
1
1 2 321.3885
Ntot
2
1 3 0.41609922885611383
3 2 -702.343858697431
8 3 3
Id
3
1 1 1.0
2 2 1.0
3 3 -0.91857213155638
Nupdn
1
1 2 321.3885
Ntot
2
1 3 -0.39525338597913207
3 2 746.9095268377894
9 3 3
Id
3
1 1 1.0
2 2 1.0
3 3 -0.925662612971538
Nupdn
1
1 2 321.3885
Ntot
2
1 3 0.3783500058764436
3 2 -786.3018741068973
10 3 3
Id
3
1 1 1.0
2 2 1.0
3 3 -0.931258582198172
Nupdn
1
1 2 321.3885
Ntot
2
1 3 -0.36435896185252653
3 2 821.4311439550553
11 3 3
Id
3
1 1 1.0
2 2 1.0
3 3 -0.9357785299591381
Nupdn
1
1 2 321.3885
Ntot
2
1 3 0.352588347605978
3 2 -852.9733331172444
12 3 3
Id
3
1 1 1.0
2 2 1.0
3 3 -0.9394980749734234
Nupdn
1
1 2 321.3885
Ntot
2
1 3 -0.342554181292875
3 2 881.4485227679701
13 3 3
Id
3
1 1 1.0
2 2 1.0
3 3 -0.9426061727554789
Nupdn
1
1 2 321.3885
Ntot
2
1 3 0.3339065783767495
3 2 -907.2680910491422
14 3 3
Id
3
1 1 1.0
2 2 1.0
3 3 -0.945236713713967
Nupdn
1
1 2 321.3885
Ntot
2
1 3 -0.3263855925852429
3 2 930.7647655621322
15 3 3
Id
3
1 1 1.0
2 2 1.0
3 3 -0.9474872311416329
Nupdn
1
1 2 321.3885
Ntot
2
1 3 0.3197936003480397
3 2 -952.2126135556024
16 3 3
Id
3
1 1 1.0
2 2 1.0
3 3 -0.9494304650159453
Nupdn
1
1 2 321.3885
Ntot
2
1 3 -0.313977375139684
3 2 971.840830473936
17 3 3
Id
3
1 1 1.0
2 2 1.0
3 3 -0.9511217748337806
Nupdn
1
1 2 321.3885
Ntot
2
1 3 0.30881607703783714
3 2 -989.8435452688998
18 3 3
Id
3
1 1 1.0
2 2 1.0
3 3 -0.9526040420945874
Nupdn
1
1 2 321.3885
Ntot
2
1 3 -0.3042129829330981
3 2 1006.3869767518938
19 3 3
Id
3
1 1 1.0
2 2 1.0
3 3 -0.9539110014447925
Nupdn
1
1 2 321.3885
Ntot
2
1 3 0.30008965547414906
3 2 -1021.6147751025994
20 3 3
Id
3
1 1 1.0
2 2 1.0
3 3 -0.9550695583685052
Nupdn
1
1 2 321.3885
Ntot
2
1 3 -0.29638174484571106
3 2 1035.652087545088
21 3 3
Id
3
1 1 1.0
2 2 1.0
3 3 -0.9561014358359414
Nupdn
1
1 2 321.3885
Ntot
2
1 3 0.29303590973198307
3 2 -1048.6087066673992
22 3 3
Id
3
1 1 1.0
2 2 1.0
3 3 -0.9570243661748483
Nupdn
1
1 2 321.3885
Ntot
2
1 3 -0.2900075215363043
3 2 1060.5815458820143
23 3 3
Id
3
1 1 1.0
2 2 1.0
3 3 -0.9578529682713326
Nupdn
1
1 2 321.3885
Ntot
2
1 3 0.2872589270567548
3 2 -1071.6566125461075
24 3 3
Id
3
1 1 1.0
2 2 1.0
3 3 -0.9585994029512401
Nupdn
1
1 2 321.3885
Ntot
2
1 3 -0.284758116059097
3 2 1081.9106000527715
25 3 3
Id
3
1 1 1.0
2 2 1.0
3 3 -0.9592738693451361
Nupdn
1
1 2 321.3885
Ntot
2
1 3 0.2824776868915672
3 2 -1091.4121867486613
26 3 3
Id
3
1 1 1.0
2 2 1.0
3 3 -0.9598849855071476
Nupdn
1
1 2 321.3885
Ntot
2
1 3 -0.28039403452631295
3 2 1100.2231063361437
27 3 3
Id
3
1 1 1.0
2 2 1.0
3 3 -0.9604400836043576
Nupdn
1
1 2 321.3885
Ntot
2
1 3 0.27848670669540937
3 2 -1108.3990380448815
28 3 3
Id
3
1 1 1.0
2 2 1.0
3 3 -0.9609454412454363
Nupdn
1
1 2 321.3885
Ntot
2
1 3 -0.2767378885328382
3 2 1115.9903531137252
29 3 3
Id
3
1 1 1.0
2 2 1.0
3 3 -0.9614064645102938
Nupdn
1
1 2 321.3885
Ntot
2
1 3 0.275131986504328
3 2 -1123.0427455747893
30 3 3
Id
3
1 1 1.0
2 2 1.0
3 3 -0.9618278340544775
Nupdn
1
1 2 321.3885
Ntot
2
1 3 -0.2736552898046595
3 2 1129.5977690242123
31 3 3
Id
3
1 1 1.0
2 2 1.0
3 3 -0.9622136227007754
Nupdn
1
1 2 321.3885
Ntot
2
1 3 0.27229569274788357
3 2 -1135.6932963522672
32 3 3
Id
3
1 1 1.0
2 2 1.0
3 3 -0.9625673908092269
Nupdn
1
1 2 321.3885
Ntot
2
1 3 -0.27104246558559136
3 2 1141.3639158451367
33 3 3
Id
3
1 1 1.0
2 2 1.0
3 3 -0.9628922641789115
Nupdn
1
1 2 321.3885
Ntot
2
1 3 0.2698860640796589
3 2 -1146.6412743516983
34 3 3
Id
3
1 1 1.0
2 2 1.0
3 3 -0.9631909981073394
Nupdn
1
1 2 321.3885
Ntot
2
1 3 -0.26881797031632254
3 2 1151.5543761116792
35 3 3
Id
3
1 1 1.0
2 2 1.0
3 3 -0.9634660303980076
Nupdn
1
1 2 321.3885
Ntot
2
1 3 0.2678305588783802
3 2 -1156.12984420937
36 3 3
Id
3
1 1 1.0
2 2 1.0
3 3 -0.9637195254817479
Nupdn
1
1 2 321.3885
Ntot
2
1 3 -0.26691698373320977
3 2 1160.3921503356714
37 3 3
Id
3
1 1 1.0
2 2 1.0
3 3 -0.9639534113457626
Nupdn
1
1 2 321.3885
Ntot
2
1 3 0.26607108214698333
3 2 -1164.3638175273616
38 3 3
Id
3
1 1 1.0
2 2 1.0
3 3 -0.9641694106049787
Nupdn
1
1 2 321.3885
Ntot
2
1 3 -0.26528729267276985
3 2 1168.0655997437643
39 3 3
Id
3
1 1 1.0
2 2 1.0
3 3 -0.9643690667746132
Nupdn
1
1 2 321.3885
Ntot
2
1 3 0.26456058483504585
3 2 -1171.5166414919265
40 3 3
Id
3
1 1 1.0
2 2 1.0
3 3 -0.9645537665895467
Nupdn
1
1 2 321.3885
Ntot
2
1 3 -0.2638863985845393
3 2 1174.734620186396
41 3 3
Id
3
1 1 1.0
2 2 1.0
3 3 -0.9647247590499506
Nupdn
1
1 2 321.3885
Ntot
2
1 3 0.26326059195408336
3 2 -1177.7358735028695
42 3 3
Id
3
1 1 1.0
2 2 1.0
3 3 -0.9648831717422919
Nupdn
1
1 2 321.3885
Ntot
2
1 3 -0.2626793956299863
3 2 1180.5355136354567
43 3 3
Id
3
1 1 1.0
2 2 1.0
3 3 -0.965030024881971
Nupdn
1
1 2 321.3885
Ntot
2
1 3 0.26213937338046506
3 2 -1183.14753007986
44 3 3
Id
3
1 1 1.0
2 2 1.0
3 3 -0.9651662434421606
Nupdn
1
1 2 321.3885
Ntot
2
1 3 -0.26163738746545434
3 2 1185.5848823267552
45 3 3
Id
3
1 1 1.0
2 2 1.0
3 3 -0.9652926676681539
Nupdn
1
1 2 321.3885
Ntot
2
1 3 0.26117056829991175
3 2 -1187.8595836519116
46 3 3
Id
3
1 1 1.0
2 2 1.0
3 3 -0.965410062224126
Nupdn
1
1 2 321.3885
Ntot
2
1 3 -0.2607362877629593
3 2 1189.9827770240884
47 3 3
Id
3
1 1 1.0
2 2 1.0
3 3 -0.9655191241769041
Nupdn
1
1 2 321.3885
Ntot
2
1 3 0.2603321356434189
3 2 -1191.9648040131358
48 3 3
Id
3
1 1 1.0
2 2 1.0
3 3 -0.9656204899870136
Nupdn
1
1 2 321.3885
Ntot
2
1 3 -0.2599558987929291
3 2 1193.8152674634841
49 3 3
Id
3
1 1 1.0
2 2 1.0
3 3 -0.9657147416492804
Nupdn
1
1 2 321.3885
Ntot
2
1 3 0.2596055426243111
3 2 -1195.5430885992362
50 3 3
Id
3
1 1 1.0
2 2 1.0
3 3 -0.965802412102361
Nupdn
1
1 2 321.3885
Ntot
2
1 3 -0.25927919464789584
3 2 1197.1565591426781
51 3 3
Id
3
1 1 1.0
2 2 1.0
3 3 -0.965883990007713
Nupdn
1
1 2 321.3885
Ntot
2
1 3 0.2589751297842711
3 2 -1198.6633889562295
52 3 3
Id
3
1 1 1.0
2 2 1.0
3 3 -0.9659599239829728
Nupdn
1
1 2 321.3885
Ntot
2
1 3 -0.2586917572301244
3 2 1200.0707496560701
53 3 3
Id
3
1 1 1.0
2 2 1.0
3 3 -0.9660306263617817
Nupdn
1
1 2 321.3885
Ntot
2
1 3 0.25842760868580594
3 2 -1201.3853145928435
54 3 3
Id
3
1 1 1.0
2 2 1.0
3 3 -0.9660964765413824
Nupdn
1
1 2 321.3885
Ntot
2
1 3 -0.2581813277801607
3 2 1202.6132955490164
55 3 3
Id
3
1 1 1.0
2 2 1.0
3 3 -0.9661578239703219
Nupdn
1
1 2 321.3885
Ntot
2
1 3 0.25795166055083363
3 2 -1203.7604764629696
56 3 3
Id
3
1 1 1.0
2 2 1.0
3 3 -0.9662149908210906
Nupdn
1
1 2 321.3885
Ntot
2
1 3 -0.25773744685745636
3 2 1204.8322444555172
57 3 3
Id
3
1 1 1.0
2 2 1.0
3 3 -0.9662682743861875
Nupdn
1
1 2 321.3885
Ntot
2
1 3 0.25753761262141805
3 2 -1205.8336184045927
58 3 3
Id
3
1 1 1.0
2 2 1.0
3 3 -0.9663179492307892
Nupdn
1
1 2 321.3885
Ntot
2
1 3 -0.25735116279978554
3 2 1206.769275287759
59 3 3
Id
3
1 1 1.0
2 2 1.0
3 3 -0.9663642691306598
Nupdn
1
1 2 321.3885
Ntot
2
1 3 0.2571771750128026
3 2 -1207.643574489213
60 3 3
Id
3
1 1 1.0
2 2 1.0
3 3 -0.9664074688201223
Nupdn
1
1 2 321.3885
Ntot
2
1 3 -0.2570147937545306
3 2 1208.4605802479039
61 3 3
Id
3
1 1 1.0
2 2 1.0
3 3 -0.9664477655716452
Nupdn
1
1 2 321.3885
Ntot
2
1 3 0.2568632251249174
3 2 -1209.224082405606
62 3 3
Id
3
1 1 1.0
2 2 1.0
3 3 -0.9664853606258037
Nupdn
1
1 2 321.3885
Ntot
2
1 3 -0.2567217320290788
3 2 1209.9376155981324
63 3 3
Id
3
1 1 1.0
2 2 1.0
3 3 -0.9665204404880003
Nupdn
1
1 2 321.3885
Ntot
2
1 3 0.25658962979606487
3 2 -1210.6044770190547
64 3 3
Id
3
1 1 1.0
2 2 1.0
3 3 -0.9665531781062773
Nupdn
1
1 2 321.3885
Ntot
2
1 3 -0.25646628217497686
3 2 1211.227742872931
65 3 3
Id
3
1 1 1.0
2 2 1.0
3 3 -0.9665837339427876
Nupdn
1
1 2 321.3885
Ntot
2
1 3 0.25635109767117853
3 2 -1211.8102836241455
66 3 3
Id
3
1 1 1.0
2 2 1.0
3 3 -0.9666122569499807
Nupdn
1
1 2 321.3885
Ntot
2
1 3 -0.25624352618956947
3 2 1212.354778137667
67 3 3
Id
3
1 1 1.0
2 2 1.0
3 3 -0.9666388854612344
Nupdn
1
1 2 321.3885
Ntot
2
1 3 0.25614305595557857
3 2 -1212.8637267993518
68 3 3
Id
3
1 1 1.0
2 2 1.0
3 3 -0.9666637480045364
Nupdn
1
1 2 321.3885
Ntot
2
1 3 -0.25604921068775416
3 2 1213.33946369558
69 3 3
Id
3
1 1 1.0
2 2 1.0
3 3 -0.9666869640468185
Nupdn
1
1 2 321.3885
Ntot
2
1 3 0.2559615469986572
3 2 -1213.7841679250005
70 3 3
Id
3
1 1 1.0
2 2 1.0
3 3 -0.9667086446756876
Nupdn
1
1 2 321.3885
Ntot
2
1 3 -0.2558796520032313
3 2 1214.1998741088996
71 3 3
Id
3
1 1 1.0
2 2 1.0
3 3 -0.9667288932245619
Nupdn
1
1 2 321.3885
Ntot
2
1 3 0.2558031411160035
3 2 -1214.5884821609973
72 3 3
Id
3
1 1 1.0
2 2 1.0
3 3 -0.9667478058465238
Nupdn
1
1 2 321.3885
Ntot
2
1 3 -0.2557316560203914
3 2 1214.9517663723682
73 3 3
Id
3
1 1 1.0
2 2 1.0
3 3 -0.9667654720416803
Nupdn
1
1 2 321.3885
Ntot
2
1 3 0.25566486279508044
3 2 -1215.2913838625707
74 3 3
Id
3
1 1 1.0
2 2 1.0
3 3 -0.966781975142259
Nupdn
1
1 2 321.3885
Ntot
2
1 3 -0.25560245018393846
3 2 1215.6088824438532
75 3 3
Id
3
1 1 1.0
2 2 1.0
3 3 -0.9667973927592677
Nupdn
1
1 2 321.3885
Ntot
2
1 3 0.2555441279972643
3 2 -1215.9057079415204
76 3 3
Id
3
1 1 1.0
2 2 1.0
3 3 -0.9668117971941259
Nupdn
1
1 2 321.3885
Ntot
2
1 3 -0.25548962563334054
3 2 1216.183211010099
77 3 3
Id
3
1 1 1.0
2 2 1.0
3 3 -0.9668252558183401
Nupdn
1
1 2 321.3885
Ntot
2
1 3 0.2554386907103184
3 2 -1216.4426534817844
78 3 3
Id
3
1 1 1.0
2 2 1.0
3 3 -0.9668378314239896
Nupdn
1
1 2 321.3885
Ntot
2
1 3 -0.2553910877993929
3 2 1216.6852142807918
79 3 3
Id
3
1 1 1.0
2 2 1.0
3 3 -0.9668495825475132
Nupdn
1
1 2 321.3885
Ntot
2
1 3 0.25534659725106856
3 2 -1216.9119949346466
80 3 3
Id
3
1 1 1.0
2 2 1.0
3 3 -0.9668605637690451
Nupdn
1
1 2 321.3885
Ntot
2
1 3 -0.2553050141070558
3 2 1217.1240247110368
81 3 3
Id
3
1 1 1.0
2 2 1.0
3 3 -0.9668708259893393
Nupdn
1
1 2 321.3885
Ntot
2
1 3 0.2552661470910169
3 2 -1217.3222654066926
82 3 3
Id
3
1 1 1.0
2 2 1.0
3 3 -0.9668804166861225
Nupdn
1
1 2 321.3885
Ntot
2
1 3 -0.25522981767197594
3 2 1217.5076158127404
83 3 3
Id
3
1 1 1.0
2 2 1.0
3 3 -0.9668893801515526
Nupdn
1
1 2 321.3885
Ntot
2
1 3 0.25519585919474935
3 2 -1217.680915879184
84 3 3
Id
3
1 1 1.0
2 2 1.0
3 3 -0.9668977577122975
Nupdn
1
1 2 321.3885
Ntot
2
1 3 -0.2551641160722467
3 2 1217.8429505994243
85 3 3
Id
3
1 1 1.0
2 2 1.0
3 3 -0.9669055879336204
Nupdn
1
1 2 321.3885
Ntot
2
1 3 0.255134443034922
3 2 -1217.9944536342744
86 3 3
Id
3
1 1 1.0
2 2 1.0
3 3 -0.9669129068087285
Nupdn
1
1 2 321.3885
Ntot
2
1 3 -0.25510670443305716
3 2 1218.136110693409
87 3 3
Id
3
1 1 1.0
2 2 1.0
3 3 -0.966919747934536
Nupdn
1
1 2 321.3885
Ntot
2
1 3 0.25508077358792375
3 2 -1218.2685626909638
88 3 3
Id
3
1 1 1.0
2 2 1.0
3 3 -0.9669261426748883
Nupdn
1
1 2 321.3885
Ntot
2
1 3 -0.25505653218818286
3 2 1218.3924086907443
89 3 3
Id
3
1 1 1.0
2 2 1.0
3 3 -0.9669321203122088
Nupdn
1
1 2 321.3885
Ntot
2
1 3 0.2550338697281912
3 2 -1218.508208655431
90 3 3
Id
3
1 1 1.0
2 2 1.0
3 3 -0.9669377081884438
Nupdn
1
1 2 321.3885
Ntot
2
1 3 -0.25501268298514007
3 2 1218.6164860130914
91 3 3
Id
3
1 1 1.0
2 2 1.0
3 3 -0.9669429318361127
Nupdn
1
1 2 321.3885
Ntot
2
1 3 0.25499287553220584
3 2 -1218.7177300534465
92 3 3
Id
3
1 1 1.0
2 2 1.0
3 3 -0.9669478151001984
Nupdn
1
1 2 321.3885
Ntot
2
1 3 -0.2549743572851052
3 2 1218.812398165359
93 3 3
Id
3
1 1 1.0
2 2 1.0
3 3 -0.9669523802515629
Nupdn
1
1 2 321.3885
Ntot
2
1 3 0.25495704407966
3 2 -1218.9009179263232
94 3 3
Id
3
1 1 1.0
2 2 1.0
3 3 -0.9669566480924983
Nupdn
1
1 2 321.3885
Ntot
2
1 3 -0.25494085727815485
3 2 1218.9836890538486
95 3 3
Id
3
1 1 1.0
2 2 1.0
3 3 -0.9669606380550042
Nupdn
1
1 2 321.3885
Ntot
2
1 3 0.25492572340244396
3 2 -1219.061085228097
96 3 3
Id
3
1 1 1.0
2 2 1.0
3 3 -0.9669643682923001
Nupdn
1
1 2 321.3885
Ntot
2
1 3 -0.2549115737919181
3 2 1219.1334557943203
97 3 3
Id
3
1 1 1.0
2 2 1.0
3 3 -0.9669678557640775
Nupdn
1
1 2 321.3885
Ntot
2
1 3 0.25489834428458447
3 2 -1219.2011273532153
98 3 3
Id
3
1 1 1.0
2 2 1.0
3 3 -0.9669711163159236
Nupdn
1
1 2 321.3885
Ntot
2
1 3 -0.254885974919643
3 2 1219.2644052466057
99 3 3
Id
3
1 1 1.0
2 2 1.0
3 3 -0.9669741647533481
Nupdn
1
1 2 321.3885
Ntot
2
1 3 0.2548744096600622
3 2 -1219.3235749455007
100 3 3
Id
3
1 1 1.0
2 2 1.0
3 3 -0.9669770149107806
Nupdn
1
1 2 321.3885
Ntot
2
1 3 -0.25486359613376697
3 2 1219.378903346952
101 3 3
Id
3
1 1 1.0
2 2 1.0
3 3 -0.9669796797159029
Nupdn
1
1 2 321.3885
Ntot
2
1 3 0.2548534853921557
3 2 -1219.4306399858247
102 3 3
Id
3
1 1 1.0
2 2 1.0
3 3 -0.9669821712496367
Nupdn
1
1 2 321.3885
Ntot
2
1 3 -0.25484403168475006
3 2 1219.479018167098
103 3 3
Id
3
1 1 1.0
2 2 1.0
3 3 -0.9669845008020952
Nupdn
1
1 2 321.3885
Ntot
2
1 3 0.2548351922488788
3 2 -1219.5242560239492
104 3 3
Id
3
1 1 1.0
2 2 1.0
3 3 -0.9669866789247739
Nupdn
1
1 2 321.3885
Ntot
2
1 3 -0.2548269271133582
3 2 1219.5665575065632
105 3 3
Id
3
1 1 1.0
2 2 1.0
3 3 -0.966988715479246
Nupdn
1
1 2 321.3885
Ntot
2
1 3 0.25481919891522625
3 2 -1219.6061133062117
106 3 3
Id
3
1 1 1.0
2 2 1.0
3 3 -0.9669906196826015
Nupdn
1
1 2 321.3885
Ntot
2
1 3 -0.2548119727286356
3 2 1219.643101718887
107 3 3
Id
3
1 1 1.0
2 2 1.0
3 3 -0.966992400149846
Nupdn
1
1 2 321.3885
Ntot
2
1 3 0.25480521590509037
3 2 -1219.6776894524698
108 3 3
Id
3
1 1 1.0
2 2 1.0
3 3 -0.9669940649334854
Nupdn
1
1 2 321.3885
Ntot
2
1 3 -0.2547988979242519
3 2 1219.7100323811671
109 3 3
Id
3
1 1 1.0
2 2 1.0
3 3 -0.9669956215604674
Nupdn
1
1 2 321.3885
Ntot
2
1 3 0.2547929902546088
3 2 -1219.74027625065
110 3 3
Id
3
1 1 1.0
2 2 1.0
3 3 -0.9669970770666725
Nupdn
1
1 2 321.3885
Ntot
2
1 3 -0.25478746622334425
3 2 1219.7685573371703
111 3 3
Id
3
1 1 1.0
2 2 1.0
3 3 -0.9669984380291208
Nupdn
1
1 2 321.3885
Ntot
2
1 3 0.25478230089478454
3 2 -1219.7950030636664
112 3 3
Id
3
1 1 1.0
2 2 1.0
3 3 -0.966999710596042
Nupdn
1
1 2 321.3885
Ntot
2
1 3 -0.25477747095685555
3 2 1219.819732575664
113 3 3
Id
3
1 1 1.0
2 2 1.0
3 3 -0.967000900514956
Nupdn
1
1 2 321.3885
Ntot
2
1 3 0.25477295461501337
3 2 -1219.8428572796277
114 3 3
Id
3
1 1 1.0
2 2 1.0
3 3 -0.9670020131589043
Nupdn
1
1 2 321.3885
Ntot
2
1 3 -0.2547687314931449
3 2 1219.8644813462245
115 3 3
Id
3
1 1 1.0
2 2 1.0
3 3 -0.9670030535509417
Nupdn
1
1 2 321.3885
Ntot
2
1 3 0.254764782540983
3 2 -1219.8847021807755
116 3 3
Id
3
1 1 1.0
2 2 1.0
3 3 -0.9670040263870219
Nupdn
1
1 2 321.3885
Ntot
2
1 3 -0.2547610899475985
3 2 1219.9036108630644
117 3 3
Id
3
1 1 1.0
2 2 1.0
3 3 -0.9670049360573698
Nupdn
1
1 2 321.3885
Ntot
2
1 3 0.2547576370605635
3 2 -1219.921292558509
118 3 3
Id
3
1 1 1.0
2 2 1.0
3 3 -0.9670057866664545
Nupdn
1
1 2 321.3885
Ntot
2
1 3 -0.25475440831041785
3 2 1219.9378269025356
119 3 3
Id
3
1 1 1.0
2 2 1.0
3 3 -0.9670065820516431
Nupdn
1
1 2 321.3885
Ntot
2
1 3 0.25475138914007756
3 2 -1219.9532883599568
120 3 3
Id
3
1 1 1.0
2 2 1.0
3 3 -0.9670073258006309
Nupdn
1
1 2 321.3885
Ntot
2
1 3 -0.25474856593887213
3 2 1219.9677465609354
121 3 3
Id
3
1 1 1.0
2 2 1.0
3 3 -0.9670080212677341
Nupdn
1
1 2 321.3885
Ntot
2
1 3 0.25474592598088974
3 2 -1219.9812666151104
122 3 3
Id
3
1 1 1.0
2 2 1.0
3 3 -0.9670086715891046
Nupdn
1
1 2 321.3885
Ntot
2
1 3 -0.25474345736735743
3 2 1219.9939094052584
123 3 3
Id
3
1 1 1.0
2 2 1.0
3 3 -0.9670092796969545
Nupdn
1
1 2 321.3885
Ntot
2
1 3 0.2547411489727901
3 2 -1220.0057318618778
124 3 3
Id
3
1 1 1.0
2 2 1.0
3 3 -0.9670098483328462
Nupdn
1
1 2 321.3885
Ntot
2
1 3 -0.2547389903946497
3 2 1220.0167872198958
125 3 3
Id
3
1 1 1.0
2 2 1.0
3 3 -0.9670103800601151
Nupdn
1
1 2 321.3885
Ntot
2
1 3 0.25473697190629985
3 2 -1220.0271252587013
126 3 3
Id
3
1 1 1.0
2 2 1.0
3 3 -0.9670108772754771
Nupdn
1
1 2 321.3885
Ntot
2
1 3 -0.25473508441302745
3 2 1220.0367925265484
127 3 3
Id
3
1 1 1.0
2 2 1.0
3 3 -0.9670113422198781
Nupdn
1
1 2 321.3885
Ntot
2
1 3 0.25473331941092836
3 2 -1220.0458325503994
128 3 3
Id
3
1 1 1.0
2 2 1.0
3 3 -0.9670117769886357
Nupdn
1
1 2 321.3885
Ntot
2
1 3 -0.2547316689484864
3 2 1220.0542860321048
129 3 3
Id
3
1 1 1.0
2 2 1.0
3 3 -0.9670121835409178
Nupdn
1
1 2 321.3885
Ntot
2
1 3 0.25473012559064573
3 2 -1220.0621910318437
130 3 3
Id
3
1 1 1.0
2 2 1.0
3 3 -0.9670125637086022
Nupdn
1
1 2 321.3885
Ntot
2
1 3 -0.2547286823852327
3 2 1220.0695831396429
131 3 3
Id
3
1 1 1.0
2 2 1.0
3 3 -0.9670129192045571
Nupdn
1
1 2 321.3885
Ntot
2
1 3 0.2547273328315608
3 2 -1220.0764956357555
132 3 3
Id
3
1 1 1.0
2 2 1.0
3 3 -0.9670132516303844
Nupdn
1
1 2 321.3885
Ntot
2
1 3 -0.2547260708510827
3 2 1220.0829596406058
133 3 3
Id
3
1 1 1.0
2 2 1.0
3 3 -0.9670135624836547
Nupdn
1
1 2 321.3885
Ntot
2
1 3 0.254724890759954
3 2 -1220.0890042550086
134 3 3
Id
3
1 1 1.0
2 2 1.0
3 3 -0.9670138531646737
Nupdn
1
1 2 321.3885
Ntot
2
1 3 -0.25472378724338096
3 2 1220.0946566912762
135 3 3
Id
3
1 1 1.0
2 2 1.0
3 3 -0.967014124982803
Nupdn
1
1 2 321.3885
Ntot
2
1 3 0.25472275533164257
3 2 -1220.0999423957958
136 3 3
Id
3
1 1 1.0
2 2 1.0
3 3 -0.9670143791623766
Nupdn
1
1 2 321.3885
Ntot
2
1 3 -0.25472179037766546
3 2 1220.1048851636745
137 3 3
Id
3
1 1 1.0
2 2 1.0
3 3 -0.9670146168482239
Nupdn
1
1 2 321.3885
Ntot
2
1 3 0.2547208880360667
3 2 -1220.1095072459066
138 3 3
Id
3
1 1 1.0
2 2 1.0
3 3 -0.9670148391108391
Nupdn
1
1 2 321.3885
Ntot
2
1 3 -0.2547200442435537
3 2 1220.1138294495993
139 3 3
Id
3
1 1 1.0
2 2 1.0
3 3 -0.9670150469512107
Nupdn
1
1 2 321.3885
Ntot
2
1 3 0.2547192552005996
3 2 -1220.1178712316964
140 3 3
Id
3
1 1 1.0
2 2 1.0
3 3 -0.9670152413053374
Nupdn
1
1 2 321.3885
Ntot
2
1 3 -0.25471851735431367
3 2 1220.1216507865975
141 3 3
Id
3
1 1 1.0
2 2 1.0
3 3 -0.9670154230484527
Nupdn
1
1 2 321.3885
Ntot
2
1 3 0.25471782738242327
3 2 -1220.125185128104
142 3 3
Id
3
1 1 1.0
2 2 1.0
3 3 -0.9670155929989699
Nupdn
1
1 2 321.3885
Ntot
2
1 3 -0.25471718217829425
3 2 1220.128490166035
143 3 3
Id
3
1 1 1.0
2 2 1.0
3 3 -0.9670157519221747
Nupdn
1
1 2 321.3885
Ntot
2
1 3 0.25471657883693316
3 2 -1220.1315807778763
144 3 3
Id
3
1 1 1.0
2 2 1.0
3 3 -0.9670159005336745
Nupdn
1
1 2 321.3885
Ntot
2
1 3 -0.2547160146418889
3 2 1220.1344708757729
145 3 3
Id
3
1 1 1.0
2 2 1.0
3 3 -0.9670160395026268
Nupdn
1
1 2 321.3885
Ntot
2
1 3 0.2547154870530143
3 2 -1220.1371734691786
146 3 3
Id
3
1 1 1.0
2 2 1.0
3 3 -0.967016169454755
Nupdn
1
1 2 321.3885
Ntot
2
1 3 -0.25471499369501704
3 2 1220.1397007234339
147 3 3
Id
3
1 1 1.0
2 2 1.0
3 3 -0.9670162909751685
Nupdn
1
1 2 321.3885
Ntot
2
1 3 0.25471453234675906
3 2 -1220.14206401454
148 3 3
Id
3
1 1 1.0
2 2 1.0
3 3 -0.9670164046110008
Nupdn
1
1 2 321.3885
Ntot
2
1 3 -0.2547141009312474
3 2 1220.1442739803804
149 3 3
Id
3
1 1 1.0
2 2 1.0
3 3 -0.9670165108738733
Nupdn
1
1 2 321.3885
Ntot
2
1 3 0.25471369750627776
3 2 -1220.1463405686227
150 3 3
Id
3
1 1 1.0
2 2 1.0
3 3 -0.9670166102422055
Nupdn
1
1 2 321.3885
Ntot
2
1 3 -0.2547133202556833
3 2 1220.1482730815005
151 3 3
Id
3
1 1 1.0
2 2 1.0
3 3 -0.9670167031633654
Nupdn
1
1 2 321.3885
Ntot
2
1 3 0.25471296748115446
3 2 -1220.1500802177009
152 3 3
Id
3
1 1 1.0
2 2 1.0
3 3 -0.9670167900556885
Nupdn
1
1 2 321.3885
Ntot
2
1 3 -0.2547126375945895
3 2 1220.1517701115197
153 3 3
Id
3
1 1 1.0
2 2 1.0
3 3 -0.9670168713103615
Nupdn
1
1 2 321.3885
Ntot
2
1 3 0.2547123291109397
3 2 -1220.1533503694911
154 3 3
Id
3
1 1 1.0
2 2 1.0
3 3 -0.9670169472931855
Nupdn
1
1 2 321.3885
Ntot
2
1 3 -0.2547120406415224
3 2 1220.1548281046285
155 3 3
Id
3
1 1 1.0
2 2 1.0
3 3 -0.9670170183462228
Nupdn
1
1 2 321.3885
Ntot
2
1 3 0.2547117708877637
3 2 -1220.156209968444
156 3 3
Id
3
1 1 1.0
2 2 1.0
3 3 -0.9670170847893391
Nupdn
1
1 2 321.3885
Ntot
2
1 3 -0.2547115186353543
3 2 1220.157502180902
157 3 3
Id
3
1 1 1.0
2 2 1.0
3 3 -0.967017146921642
Nupdn
1
1 2 321.3885
Ntot
2
1 3 0.2547112827487767
3 2 -1220.1587105584094
158 3 3
Id
3
1 1 1.0
2 2 1.0
3 3 -0.9670172050228318
Nupdn
1
1 2 321.3885
Ntot
2
1 3 -0.2547110621661944
3 2 1220.1598405400082
159 3 3
Id
3
1 1 1.0
2 2 1.0
3 3 -0.9670172593544568
Nupdn
1
1 2 321.3885
Ntot
2
1 3 0.25471085589466974
3 2 -1220.1608972118543
160 3 3
Id
3
1 1 1.0
2 2 1.0
3 3 -0.9670173101610957
Nupdn
1
1 2 321.3885
Ntot
2
1 3 -0.25471066300569145
3 2 1220.161885330118
161 3 3
Id
3
1 1 1.0
2 2 1.0
3 3 -0.9670173576714562
Nupdn
1
1 2 321.3885
Ntot
2
1 3 0.25471048263099544
3 2 -1220.1628093423935
162 3 3
Id
3
1 1 1.0
2 2 1.0
3 3 -0.9670174020994058
Nupdn
1
1 2 321.3885
Ntot
2
1 3 -0.25471031395865407
3 2 1220.1636734077194
163 3 3
Id
3
1 1 1.0
2 2 1.0
3 3 -0.967017443644935
Nupdn
1
1 2 321.3885
Ntot
2
1 3 0.25471015622941995
3 2 -1220.1644814152964
164 3 3
Id
3
1 1 1.0
2 2 1.0
3 3 -0.9670174824950566
Nupdn
1
1 2 321.3885
Ntot
2
1 3 -0.2547100087333102
3 2 1220.1652370020045
165 3 3
Id
3
1 1 1.0
2 2 1.0
3 3 -0.9670175188246513
Nupdn
1
1 2 321.3885
Ntot
2
1 3 0.2547098708064051
3 2 -1220.1659435687654
166 3 3
Id
3
1 1 1.0
2 2 1.0
3 3 -0.9670175527972504
Nupdn
1
1 2 321.3885
Ntot
2
1 3 -0.2547097418278635
3 2 1220.166604295858
167 3 3
Id
3
1 1 1.0
2 2 1.0
3 3 -0.9670175845657765
Nupdn
1
1 2 321.3885
Ntot
2
1 3 0.254709621217124
3 2 -1220.1672221572248
168 3 3
Id
3
1 1 1.0
2 2 1.0
3 3 -0.9670176142732292
Nupdn
1
1 2 321.3885
Ntot
2
1 3 -0.25470950843129525
3 2 1220.1677999338704
169 3 3
Id
3
1 1 1.0
2 2 1.0
3 3 -0.9670176420533296
Nupdn
1
1 2 321.3885
Ntot
2
1 3 0.2547094029627071
3 2 -1220.1683402263704
170 3 3
Id
3
1 1 1.0
2 2 1.0
3 3 -0.9670176680311229
Nupdn
1
1 2 321.3885
Ntot
2
1 3 -0.25470930433662875
3 2 1220.1688454665791
171 3 3
Id
3
1 1 1.0
2 2 1.0
3 3 -0.9670176923235405
Nupdn
1
1 2 321.3885
Ntot
2
1 3 0.2547092121091301
3 2 -1220.1693179285821
172 3 3
Id
3
1 1 1.0
2 2 1.0
3 3 -0.9670177150399293
Nupdn
1
1 2 321.3885
Ntot
2
1 3 -0.25470912586508293
3 2 1220.169759738925
173 3 3
Id
3
1 1 1.0
2 2 1.0
3 3 -0.9670177362825381
Nupdn
1
1 2 321.3885
Ntot
2
1 3 0.25470904521629295
3 2 -1220.17017288619
174 3 3
Id
3
1 1 1.0
2 2 1.0
3 3 -0.9670177561469846
Nupdn
1
1 2 321.3885
Ntot
2
1 3 -0.2547089697997517
3 2 1220.1705592299415
175 3 3
Id
3
1 1 1.0
2 2 1.0
3 3 -0.9670177747226818
Nupdn
1
1 2 321.3885
Ntot
2
1 3 0.254708899276002
3 2 -1220.170920509104
176 3 3
Id
3
1 1 1.0
2 2 1.0
3 3 -0.967017792093241
Nupdn
1
1 2 321.3885
Ntot
2
1 3 -0.2547088333276124
3 2 1220.171258349785
177 3 3
Id
3
1 1 1.0
2 2 1.0
3 3 -0.9670178083368495
Nupdn
1
1 2 321.3885
Ntot
2
1 3 0.25470877165774314
3 2 -1220.171574272593
178 3 3
Id
3
1 1 1.0
2 2 1.0
3 3 -0.9670178235266211
Nupdn
1
1 2 321.3885
Ntot
2
1 3 -0.2547087139888159
3 2 1220.171869699486
179 3 3
Id
3
1 1 1.0
2 2 1.0
3 3 -0.9670178377309273
Nupdn
1
1 2 321.3885
Ntot
2
1 3 0.2547086600612588
3 2 -1220.1721459601683
180 3 3
Id
3
1 1 1.0
2 2 1.0
3 3 -0.967017851013702
Nupdn
1
1 2 321.3885
Ntot
2
1 3 -0.25470860963234343
3 2 1220.1724042980766
181 3 3
Id
3
1 1 1.0
2 2 1.0
3 3 -0.9670178634347326
Nupdn
1
1 2 321.3885
Ntot
2
1 3 0.2547085624750866
3 2 -1220.1726458759786
182 3 3
Id
3
1 1 1.0
2 2 1.0
3 3 -0.9670178750499263
Nupdn
1
1 2 321.3885
Ntot
2
1 3 -0.25470851837723235
3 2 1220.1728717812043
183 3 3
Id
3
1 1 1.0
2 2 1.0
3 3 -0.9670178859115641
Nupdn
1
1 2 321.3885
Ntot
2
1 3 0.25470847714029593
3 2 -1220.17308303054
184 3 3
Id
3
1 1 1.0
2 2 1.0
3 3 -0.9670178960685352
Nupdn
1
1 2 321.3885
Ntot
2
1 3 -0.2547084385786699
3 2 1220.173280574807
185 3 3
Id
3
1 1 1.0
2 2 1.0
3 3 -0.9670179055665558
Nupdn
1
1 2 321.3885
Ntot
2
1 3 0.254708402518787
3 2 -1220.1734653031444
186 3 3
Id
3
1 1 1.0
2 2 1.0
3 3 -0.9670179144483761
Nupdn
1
1 2 321.3885
Ntot
2
1 3 -0.2547083687983436
3 2 1220.1736380470008
187 3 3
Id
3
1 1 1.0
2 2 1.0
3 3 -0.9670179227539746
Nupdn
1
1 2 321.3885
Ntot
2
1 3 0.2547083372655628
3 2 -1220.1737995838864
188 3 3
Id
3
1 1 1.0
2 2 1.0
3 3 -0.9670179305207347
Nupdn
1
1 2 321.3885
Ntot
2
1 3 -0.2547083077785165
3 2 1220.173950640869
189 3 3
Id
3
1 1 1.0
2 2 1.0
3 3 -0.9670179377836141
Nupdn
1
1 2 321.3885
Ntot
2
1 3 0.2547082802044846
3 2 -1220.1740918978444
190 3 3
Id
3
1 1 1.0
2 2 1.0
3 3 -0.9670179445753033
Nupdn
1
1 2 321.3885
Ntot
2
1 3 -0.25470825441935613
3 2 1220.1742239906046
191 3 3
Id
3
1 1 1.0
2 2 1.0
3 3 -0.9670179509263717
Nupdn
1
1 2 321.3885
Ntot
2
1 3 0.2547082303070735
3 2 -1220.174347513688
192 3 3
Id
3
1 1 1.0
2 2 1.0
3 3 -0.9670179568654051
Nupdn
1
1 2 321.3885
Ntot
2
1 3 -0.2547082077591089
3 2 1220.174463023061
193 3 3
Id
3
1 1 1.0
2 2 1.0
3 3 -0.9670179624191355
Nupdn
1
1 2 321.3885
Ntot
2
1 3 0.25470818667397355
3 2 -1220.1745710386283
194 3 3
Id
3
1 1 1.0
2 2 1.0
3 3 -0.9670179676125596
Nupdn
1
1 2 321.3885
Ntot
2
1 3 -0.25470816695676407
3 2 1220.1746720465555
195 3 3
Id
3
1 1 1.0
2 2 1.0
3 3 -0.9670179724690529
Nupdn
1
1 2 321.3885
Ntot
2
1 3 0.25470814851873463
3 2 -1220.1747665014761
196 3 3
Id
3
1 1 1.0
2 2 1.0
3 3 -0.9670179770104748
Nupdn
1
1 2 321.3885
Ntot
2
1 3 -0.2547081312768964
3 2 1220.1748548285213
197 3 3
Id
3
1 1 1.0
2 2 1.0
3 3 -0.9670179812572661
Nupdn
1
1 2 321.3885
Ntot
2
1 3 0.2547081151536441
3 2 -1220.1749374252483
198 3 3
Id
3
1 1 1.0
2 2 1.0
3 3 -0.9670179852285408
Nupdn
1
1 2 321.3885
Ntot
2
1 3 -0.25470810007640887
3 2 1220.1750146634133
199 3 3
Id
3
1 1 1.0
2 2 1.0
3 3 -0.9670179889421735
Nupdn
1
1 2 321.3885
Ntot
2
1 3 0.25470808597732875
3 2 -1220.1750868906631
200 3 3
Id
3
1 1 1.0
2 2 1.0
3 3 -0.9670179924148798
Nupdn
1
1 2 321.3885
Ntot
2
1 3 -0.2547080727929435
3 2 1220.1751544320884
201 3 3
Id
3
1 1 1.0
2 2 1.0
3 3 -0.96701799566229
Nupdn
1
1 2 321.3885
Ntot
2
1 3 0.25470806046391165
3 2 -1220.1752175916838
202 3 3
Id
3
1 1 1.0
2 2 1.0
3 3 -0.9670179986990199
Nupdn
1
1 2 321.3885
Ntot
2
1 3 -0.2547080489347417
3 2 1220.175276653729
203 3 3
Id
3
1 1 1.0
2 2 1.0
3 3 -0.967018001538738
Nupdn
1
1 2 321.3885
Ntot
2
1 3 0.25470803815354043
3 2 -1220.175331884055
204 3 3
Id
3
1 1 1.0
2 2 1.0
3 3 -0.9670180041942262
Nupdn
1
1 2 321.3885
Ntot
2
1 3 -0.2547080280717827
3 2 1220.1753835312506
205 3 3
Id
3
1 1 1.0
2 2 1.0
3 3 -0.9670180066774359
Nupdn
1
1 2 321.3885
Ntot
2
1 3 0.2547080186440911
3 2 -1220.1754318277747
206 3 3
Id
3
1 1 1.0
2 2 1.0
3 3 -0.9670180089995442
Nupdn
1
1 2 321.3885
Ntot
2
1 3 -0.25470800982803277
3 2 1220.1754769910076
207 3 3
Id
3
1 1 1.0
2 2 1.0
3 3 -0.9670180111710032
Nupdn
1
1 2 321.3885
Ntot
2
1 3 0.25470800158392637
3 2 -1220.175519224225
208 3 3
Id
3
1 1 1.0
2 2 1.0
3 3 -0.9670180132015862
Nupdn
1
1 2 321.3885
Ntot
2
1 3 -0.25470799387466625
3 2 1220.1755587175135
209 3 3
Id
3
1 1 1.0
2 2 1.0
3 3 -0.9670180151004326
Nupdn
1
1 2 321.3885
Ntot
2
1 3 0.2547079866655534
3 2 -1220.1755956486302
210 3 3
Id
3
1 1 1.0
2 2 1.0
3 3 -0.9670180168760887
Nupdn
1
1 2 321.3885
Ntot
2
1 3 -0.25470797992414074
3 2 1220.1756301837986
211 3 3
Id
3
1 1 1.0
2 2 1.0
3 3 -0.9670180185365469
Nupdn
1
1 2 321.3885
Ntot
2
1 3 0.2547079736200848
3 2 -1220.1756624784587
212 3 3
Id
3
1 1 1.0
2 2 1.0
3 3 -0.9670180200892817
Nupdn
1
1 2 321.3885
Ntot
2
1 3 -0.25470796772501225
3 2 1220.1756926779663
213 3 3
Id
3
1 1 1.0
2 2 1.0
3 3 -0.9670180215412807
Nupdn
1
1 2 321.3885
Ntot
2
1 3 0.2547079622123889
3 2 -1220.1757209182488
214 3 3
Id
3
1 1 1.0
2 2 1.0
3 3 -0.9670180228990792
Nupdn
1
1 2 321.3885
Ntot
2
1 3 -0.2547079570574036
3 2 1220.175747326408
215 3 3
Id
3
1 1 1.0
2 2 1.0
3 3 -0.9670180241687889
Nupdn
1
1 2 321.3885
Ntot
2
1 3 0.25470795223685433
3 2 -1220.1757720213106
216 3 3
Id
3
1 1 1.0
2 2 1.0
3 3 -0.9670180253561251
Nupdn
1
1 2 321.3885
Ntot
2
1 3 -0.25470794772904326
3 2 1220.1757951141024
217 3 3
Id
3
1 1 1.0
2 2 1.0
3 3 -0.9670180264664308
Nupdn
1
1 2 321.3885
Ntot
2
1 3 0.2547079435136822
3 2 -1220.1758167087235
218 3 3
Id
3
1 1 1.0
2 2 1.0
3 3 -0.9670180275047044
Nupdn
1
1 2 321.3885
Ntot
2
1 3 -0.2547079395717976
3 2 1220.175836902369
219 3 3
Id
3
1 1 1.0
2 2 1.0
3 3 -0.9670180284756194
Nupdn
1
1 2 321.3885
Ntot
2
1 3 0.25470793588564583
3 2 -1220.1758557859307
220 3 3
Id
3
1 1 1.0
2 2 1.0
3 3 -0.9670180293835444
Nupdn
1
1 2 321.3885
Ntot
2
1 3 -0.254707932438639
3 2 1220.1758734443993
221 3 3
Id
3
1 1 1.0
2 2 1.0
3 3 -0.967018030232567
Nupdn
1
1 2 321.3885
Ntot
2
1 3 0.25470792921526003
3 2 -1220.1758899572544
222 3 3
Id
3
1 1 1.0
2 2 1.0
3 3 -0.9670180310265086
Nupdn
1
1 2 321.3885
Ntot
2
1 3 -0.2547079262010011
3 2 1220.1759053988205
223 3 3
Id
3
1 1 1.0
2 2 1.0
3 3 -0.9670180317689419
Nupdn
1
1 2 321.3885
Ntot
2
1 3 0.25470792338229636
3 2 -1220.1759198385964
224 3 3
Id
3
1 1 1.0
2 2 1.0
3 3 -0.9670180324632092
Nupdn
1
1 2 321.3885
Ntot
2
1 3 -0.254707920746458
3 2 1220.1759333415766
225 3 3
Id
3
1 1 1.0
2 2 1.0
3 3 -0.9670180331124347
Nupdn
1
1 2 321.3885
Ntot
2
1 3 0.2547079182816224
3 2 -1220.1759459685352
226 3 3
Id
3
1 1 1.0
2 2 1.0
3 3 -0.9670180337195413
Nupdn
1
1 2 321.3885
Ntot
2
1 3 -0.2547079159766963
3 2 1220.1759577763078
227 3 3
Id
3
1 1 1.0
2 2 1.0
3 3 -0.9670180342872612
Nupdn
1
1 2 321.3885
Ntot
2
1 3 0.254707913821305
3 2 -1220.1759688180357
228 3 3
Id
3
1 1 1.0
2 2 1.0
3 3 -0.9670180348181496
Nupdn
1
1 2 321.3885
Ntot
2
1 3 -0.25470791180574626
3 2 1220.175979143421
229 3 3
Id
3
1 1 1.0
2 2 1.0
3 3 -0.9670180353145958
Nupdn
1
1 2 321.3885
Ntot
2
1 3 0.25470790992095016
3 2 -1220.1759887989335
230 3 3
Id
3
1 1 1.0
2 2 1.0
3 3 -0.9670180357788347
Nupdn
1
1 2 321.3885
Ntot
2
1 3 -0.25470790815843175
3 2 1220.1759978280363
231 3 3
Id
3
1 1 1.0
2 2 1.0
3 3 -0.9670180362129557
Nupdn
1
1 2 321.3885
Ntot
2
1 3 0.25470790651025826
3 2 -1220.1760062713638
232 3 3
Id
3
1 1 1.0
2 2 1.0
3 3 -0.9670180366189123
Nupdn
1
1 2 321.3885
Ntot
2
1 3 -0.25470790496901313
3 2 1220.1760141669213
233 3 3
Id
3
1 1 1.0
2 2 1.0
3 3 -0.9670180369985324
Nupdn
1
1 2 321.3885
Ntot
2
1 3 0.2547079035277571
3 2 -1220.1760215502463
234 3 3
Id
3
1 1 1.0
2 2 1.0
3 3 -0.9670180373535242
Nupdn
1
1 2 321.3885
Ntot
2
1 3 -0.25470790218000416
3 2 1220.1760284545699
235 3 3
Id
3
1 1 1.0
2 2 1.0
3 3 -0.9670180376854849
Nupdn
1
1 2 321.3885
Ntot
2
1 3 0.25470790091968887
3 2 -1220.1760349109675
236 3 3
Id
3
1 1 1.0
2 2 1.0
3 3 -0.9670180379959097
Nupdn
1
1 2 321.3885
Ntot
2
1 3 -0.2547078997411371
3 2 1220.1760409484993
237 3 3
Id
3
1 1 1.0
2 2 1.0
3 3 -0.9670180382861955
Nupdn
1
1 2 321.3885
Ntot
2
1 3 0.2547078986390457
3 2 -1220.176046594341
238 3 3
Id
3
1 1 1.0
2 2 1.0
3 3 -0.9670180385576483
Nupdn
1
1 2 321.3885
Ntot
2
1 3 -0.25470789760845364
3 2 1220.1760518739
239 3 3
Id
3
1 1 1.0
2 2 1.0
3 3 -0.9670180388114904
Nupdn
1
1 2 321.3885
Ntot
2
1 3 0.25470789664472265
3 2 -1220.1760568109428
240 3 3
Id
3
1 1 1.0
2 2 1.0
3 3 -0.9670180390488645
Nupdn
1
1 2 321.3885
Ntot
2
1 3 -0.2547078957435144
3 2 1220.1760614276907
241 3 3
Id
3
1 1 1.0
2 2 1.0
3 3 -0.9670180392708385
Nupdn
1
1 2 321.3885
Ntot
2
1 3 0.2547078949007731
3 2 -1220.176065744921
242 3 3
Id
3
1 1 1.0
2 2 1.0
3 3 -0.9670180394784114
Nupdn
1
1 2 321.3885
Ntot
2
1 3 -0.2547078941127052
3 2 1220.1760697820664
243 3 3
Id
3
1 1 1.0
2 2 1.0
3 3 -0.9670180396725181
Nupdn
1
1 2 321.3885
Ntot
2
1 3 0.2547078933757646
3 2 -1220.1760735572973
244 3 3
Id
3
1 1 1.0
2 2 1.0
3 3 -0.967018039854032
Nupdn
1
1 2 321.3885
Ntot
2
1 3 -0.2547078926866335
3 2 1220.1760770876065
245 3 3
Id
3
1 1 1.0
2 2 1.0
3 3 -0.9670180400237698
Nupdn
1
1 2 321.3885
Ntot
2
1 3 0.25470789204221084
3 2 -1220.1760803888808
246 3 3
Id
3
1 1 1.0
2 2 1.0
3 3 -0.9670180401824957
Nupdn
1
1 2 321.3885
Ntot
2
1 3 -0.254707891439596
3 2 1220.176083475983
247 3 3
Id
3
1 1 1.0
2 2 1.0
3 3 -0.9670180403309241
Nupdn
1
1 2 321.3885
Ntot
2
1 3 0.25470789087607587
3 2 -1220.1760863628067
248 3 3
Id
3
1 1 1.0
2 2 1.0
3 3 -0.9670180404697231
Nupdn
1
1 2 321.3885
Ntot
2
1 3 -0.2547078903491153
3 2 1220.1760890623425
249 3 3
Id
3
1 1 1.0
2 2 1.0
3 3 -0.9670180405995172
Nupdn
1
1 2 321.3885
Ntot
2
1 3 0.2547078898563419
3 2 -1220.1760915867446
250 3 3
Id
3
1 1 1.0
2 2 1.0
3 3 -0.967018040720891
Nupdn
1
1 2 321.3885
Ntot
2
1 3 -0.2547078893955373
3 2 1220.1760939473734
251 3 3
Id
3
1 1 1.0
2 2 1.0
3 3 -0.9670180408343902
Nupdn
1
1 2 321.3885
Ntot
2
1 3 0.25470788896462837
3 2 -1220.1760961548523
252 3 3
Id
3
1 1 1.0
2 2 1.0
3 3 -0.967018040940526
Nupdn
1
1 2 321.3885
Ntot
2
1 3 -0.2547078885616747
3 2 1220.176098219119
253 3 3
Id
3
1 1 1.0
2 2 1.0
3 3 -0.9670180410397766
Nupdn
1
1 2 321.3885
Ntot
2
1 3 0.2547078881848632
3 2 -1220.1761001494658
254 3 3
Id
3
1 1 1.0
2 2 1.0
3 3 -0.9670180411325882
Nupdn
1
1 2 321.3885
Ntot
2
1 3 -0.25470788783249776
3 2 1220.1761019545777
255 3 3
Id
3
1 1 1.0
2 2 1.0
3 3 -0.9670180412193781
Nupdn
1
1 2 321.3885
Ntot
2
1 3 0.25470788750299256
3 2 -1220.1761036425821
256 3 3
Id
3
1 1 1.0
2 2 1.0
3 3 -0.9670180413005378
Nupdn
1
1 2 321.3885
Ntot
2
1 3 -0.25470788719486387
3 2 1220.1761052210747
257 3 3
Id
3
1 1 1.0
2 2 1.0
3 3 -0.9670180413764315
Nupdn
1
1 2 321.3885
Ntot
2
1 3 0.2547078869067259
3 2 -1220.1761066971599
258 3 3
Id
3
1 1 1.0
2 2 1.0
3 3 -0.9670180414474026
Nupdn
1
1 2 321.3885
Ntot
2
1 3 -0.2547078866372811
3 2 1220.1761080774836
259 3 3
Id
3
1 1 1.0
2 2 1.0
3 3 -0.9670180415137688
Nupdn
1
1 2 321.3885
Ntot
2
1 3 0.2547078863853167
3 2 -1220.1761093682555
260 3 3
Id
3
1 1 1.0
2 2 1.0
3 3 -0.9670180415758294
Nupdn
1
1 2 321.3885
Ntot
2
1 3 -0.25470788614969886
3 2 1220.1761105752894
261 3 3
Id
3
1 1 1.0
2 2 1.0
3 3 -0.9670180416338634
Nupdn
1
1 2 321.3885
Ntot
2
1 3 0.2547078859293669
3 2 -1220.176111704014
262 3 3
Id
3
1 1 1.0
2 2 1.0
3 3 -0.9670180416881327
Nupdn
1
1 2 321.3885
Ntot
2
1 3 -0.2547078857233294
3 2 1220.1761127595128
263 3 3
Id
3
1 1 1.0
2 2 1.0
3 3 -0.9670180417388814
Nupdn
1
1 2 321.3885
Ntot
2
1 3 0.25470788553065876
3 2 -1220.1761137465346
264 3 3
Id
3
1 1 1.0
2 2 1.0
3 3 -0.9670180417863377
Nupdn
1
1 2 321.3885
Ntot
2
1 3 -0.2547078853504881
3 2 1220.1761146695205
265 3 3
Id
3
1 1 1.0
2 2 1.0
3 3 -0.9670180418307148
Nupdn
1
1 2 321.3885
Ntot
2
1 3 0.2547078851820055
3 2 -1220.1761155326278
266 3 3
Id
3
1 1 1.0
2 2 1.0
3 3 -0.9670180418722132
Nupdn
1
1 2 321.3885
Ntot
2
1 3 -0.25470788502445413
3 2 1220.1761163397407
267 3 3
Id
3
1 1 1.0
2 2 1.0
3 3 -0.9670180419110193
Nupdn
1
1 2 321.3885
Ntot
2
1 3 0.25470788487712404
3 2 -1220.1761170944924
268 3 3
Id
3
1 1 1.0
2 2 1.0
3 3 -0.9670180419473078
Nupdn
1
1 2 321.3885
Ntot
2
1 3 -0.2547078847393517
3 2 1220.1761178002769
269 3 3
Id
3
1 1 1.0
2 2 1.0
3 3 -0.967018041981242
Nupdn
1
1 2 321.3885
Ntot
2
1 3 0.2547078846105174
3 2 -1220.1761184602738
270 3 3
Id
3
1 1 1.0
2 2 1.0
3 3 -0.9670180420129748
Nupdn
1
1 2 321.3885
Ntot
2
1 3 -0.254707884490042
3 2 1220.176119077451
271 3 3
Id
3
1 1 1.0
2 2 1.0
3 3 -0.9670180420426486
Nupdn
1
1 2 321.3885
Ntot
2
1 3 0.25470788437738273
3 2 -1220.1761196545883
272 3 3
Id
3
1 1 1.0
2 2 1.0
3 3 -0.9670180420703975
Nupdn
1
1 2 321.3885
Ntot
2
1 3 -0.25470788427203095
3 2 1220.1761201942845
273 3 3
Id
3
1 1 1.0
2 2 1.0
3 3 -0.9670180420963461
Nupdn
1
1 2 321.3885
Ntot
2
1 3 0.25470788417351575
3 2 -1220.1761206989681
274 3 3
Id
3
1 1 1.0
2 2 1.0
3 3 -0.9670180421206118
Nupdn
1
1 2 321.3885
Ntot
2
1 3 -0.2547078840813903
3 2 1220.1761211709074
275 3 3
Id
3
1 1 1.0
2 2 1.0
3 3 -0.9670180421433023
Nupdn
1
1 2 321.3885
Ntot
2
1 3 0.2547078839952427
3 2 -1220.176121612231
276 3 3
Id
3
1 1 1.0
2 2 1.0
3 3 -0.9670180421645214
Nupdn
1
1 2 321.3885
Ntot
2
1 3 -0.25470788391468296
3 2 1220.176122024923
277 3 3
Id
3
1 1 1.0
2 2 1.0
3 3 -0.9670180421843635
Nupdn
1
1 2 321.3885
Ntot
2
1 3 0.25470788383935056
3 2 -1220.1761224108395
278 3 3
Id
3
1 1 1.0
2 2 1.0
3 3 -0.9670180422029186
Nupdn
1
1 2 321.3885
Ntot
2
1 3 -0.25470788376890474
3 2 1220.1761227717218
279 3 3
Id
3
1 1 1.0
2 2 1.0
3 3 -0.9670180422202699
Nupdn
1
1 2 321.3885
Ntot
2
1 3 0.25470788370303005
3 2 -1220.1761231091893
280 3 3
Id
3
1 1 1.0
2 2 1.0
3 3 -0.9670180422364953
Nupdn
1
1 2 321.3885
Ntot
2
1 3 -0.2547078836414284
3 2 1220.176123424765
281 3 3
Id
3
1 1 1.0
2 2 1.0
3 3 -0.9670180422516685
Nupdn
1
1 2 321.3885
Ntot
2
1 3 0.25470788358382324
3 2 -1220.176123719865
282 3 3
Id
3
1 1 1.0
2 2 1.0
3 3 -0.967018042265857
Nupdn
1
1 2 321.3885
Ntot
2
1 3 -0.2547078835299553
3 2 1220.1761239958214
283 3 3
Id
3
1 1 1.0
2 2 1.0
3 3 -0.967018042279125
Nupdn
1
1 2 321.3885
Ntot
2
1 3 0.2547078834795826
3 2 -1220.1761242538748
284 3 3
Id
3
1 1 1.0
2 2 1.0
3 3 -0.9670180422915322
Nupdn
1
1 2 321.3885
Ntot
2
1 3 -0.25470788343247747
3 2 1220.176124495188
285 3 3
Id
3
1 1 1.0
2 2 1.0
3 3 -0.9670180423031347
Nupdn
1
1 2 321.3885
Ntot
2
1 3 0.254707883388428
3 2 -1220.1761247208442
286 3 3
Id
3
1 1 1.0
2 2 1.0
3 3 -0.9670180423139842
Nupdn
1
1 2 321.3885
Ntot
2
1 3 -0.2547078833472365
3 2 1220.1761249318606
287 3 3
Id
3
1 1 1.0
2 2 1.0
3 3 -0.9670180423241299
Nupdn
1
1 2 321.3885
Ntot
2
1 3 0.254707883308718
3 2 -1220.1761251291866
288 3 3
Id
3
1 1 1.0
2 2 1.0
3 3 -0.9670180423336177
Nupdn
1
1 2 321.3885
Ntot
2
1 3 -0.25470788327269733
3 2 1220.1761253137117
289 3 3
Id
3
1 1 1.0
2 2 1.0
3 3 -0.9670180423424892
Nupdn
1
1 2 321.3885
Ntot
2
1 3 0.25470788323901455
3 2 -1220.1761254862672
290 3 3
Id
3
1 1 1.0
2 2 1.0
3 3 -0.9670180423507859
Nupdn
1
1 2 321.3885
Ntot
2
1 3 -0.2547078832075164
3 2 1220.176125647625
291 3 3
Id
3
1 1 1.0
2 2 1.0
3 3 -0.9670180423585439
Nupdn
1
1 2 321.3885
Ntot
2
1 3 0.2547078831780618
3 2 -1220.1761257985174
292 3 3
Id
3
1 1 1.0
2 2 1.0
3 3 -0.9670180423657988
Nupdn
1
1 2 321.3885
Ntot
2
1 3 -0.2547078831505185
3 2 1220.1761259396178
293 3 3
Id
3
1 1 1.0
2 2 1.0
3 3 -0.9670180423725827
Nupdn
1
1 2 321.3885
Ntot
2
1 3 0.2547078831247616
3 2 -1220.1761260715666
294 3 3
Id
3
1 1 1.0
2 2 1.0
3 3 -0.967018042378927
Nupdn
1
1 2 321.3885
Ntot
2
1 3 -0.25470788310067594
3 2 1220.1761261949532
295 3 3
Id
3
1 1 1.0
2 2 1.0
3 3 -0.9670180423848591
Nupdn
1
1 2 321.3885
Ntot
2
1 3 0.254707883078153
3 2 -1220.1761263103356
296 3 3
Id
3
1 1 1.0
2 2 1.0
3 3 -0.9670180423904071
Nupdn
1
1 2 321.3885
Ntot
2
1 3 -0.25470788305709113
3 2 1220.176126418232
297 3 3
Id
3
1 1 1.0
2 2 1.0
3 3 -0.9670180423955947
Nupdn
1
1 2 321.3885
Ntot
2
1 3 0.25470788303739567
3 2 -1220.17612651913
298 3 3
Id
3
1 1 1.0
2 2 1.0
3 3 -0.9670180424004458
Nupdn
1
1 2 321.3885
Ntot
2
1 3 -0.2547078830189779
3 2 1220.1761266134813
299 3 3
Id
3
1 1 1.0
2 2 1.0
3 3 -0.9670180424049823
Nupdn
1
1 2 321.3885
Ntot
2
1 3 0.25470788300175523
3 2 -1220.1761267017116
300 3 3
Id
3
1 1 1.0
2 2 1.0
3 3 -0.9670180424092245
Nupdn
1
1 2 321.3885
Ntot
2
1 3 -0.254707882985649
3 2 1220.176126784217
301 3 3
Id
3
1 1 1.0
2 2 1.0
3 3 -0.9670180424131913
Nupdn
1
1 2 321.3885
Ntot
2
1 3 0.2547078829705886
3 2 -1220.1761268613707
302 3 3
Id
3
1 1 1.0
2 2 1.0
3 3 -0.9670180424169008
Nupdn
1
1 2 321.3885
Ntot
2
1 3 -0.25470788295650515
3 2 1220.1761269335186
303 3 3
Id
3
1 1 1.0
2 2 1.0
3 3 -0.96701804242037
Nupdn
1
1 2 321.3885
Ntot
2
1 3 0.25470788294333535
3 2 -1220.1761270009858
304 3 3
Id
3
1 1 1.0
2 2 1.0
3 3 -0.9670180424236137
Nupdn
1
1 2 321.3885
Ntot
2
1 3 -0.2547078829310199
3 2 1220.176127064076
305 3 3
Id
3
1 1 1.0
2 2 1.0
3 3 -0.9670180424266472
Nupdn
1
1 2 321.3885
Ntot
2
1 3 0.2547078829195033
3 2 -1220.1761271230714
306 3 3
Id
3
1 1 1.0
2 2 1.0
3 3 -0.9670180424294836
Nupdn
1
1 2 321.3885
Ntot
2
1 3 -0.25470788290873414
3 2 1220.1761271782416
307 3 3
Id
3
1 1 1.0
2 2 1.0
3 3 -0.9670180424321362
Nupdn
1
1 2 321.3885
Ntot
2
1 3 0.2547078828986632
3 2 -1220.176127229832
308 3 3
Id
3
1 1 1.0
2 2 1.0
3 3 -0.9670180424346166
Nupdn
1
1 2 321.3885
Ntot
2
1 3 -0.2547078828892459
3 2 1220.1761272780766
309 3 3
Id
3
1 1 1.0
2 2 1.0
3 3 -0.9670180424369363
Nupdn
1
1 2 321.3885
Ntot
2
1 3 0.25470788288043994
3 2 -1220.1761273231882
310 3 3
Id
3
1 1 1.0
2 2 1.0
3 3 -0.9670180424391053
Nupdn
1
1 2 321.3885
Ntot
2
1 3 -0.25470788287220464
3 2 1220.1761273653758
311 3 3
Id
3
1 1 1.0
2 2 1.0
3 3 -0.9670180424411334
Nupdn
1
1 2 321.3885
Ntot
2
1 3 0.2547078828645039
3 2 -1220.1761274048267
312 3 3
Id
3
1 1 1.0
2 2 1.0
3 3 -0.9670180424430304
Nupdn
1
1 2 321.3885
Ntot
2
1 3 -0.25470788285730256
3 2 1220.1761274417167
313 3 3
Id
3
1 1 1.0
2 2 1.0
3 3 -0.9670180424448043
Nupdn
1
1 2 321.3885
Ntot
2
1 3 0.2547078828505689
3 2 -1220.1761274762143
314 3 3
Id
3
1 1 1.0
2 2 1.0
3 3 -0.9670180424464627
Nupdn
1
1 2 321.3885
Ntot
2
1 3 -0.25470788284427154
3 2 1220.1761275084732
315 3 3
Id
3
1 1 1.0
2 2 1.0
3 3 -0.9670180424480141
Nupdn
1
1 2 321.3885
Ntot
2
1 3 0.2547078828383824
3 2 -1220.1761275386398
316 3 3
Id
3
1 1 1.0
2 2 1.0
3 3 -0.9670180424494641
Nupdn
1
1 2 321.3885
Ntot
2
1 3 -0.2547078828328763
3 2 1220.17612756685
317 3 3
Id
3
1 1 1.0
2 2 1.0
3 3 -0.9670180424508203
Nupdn
1
1 2 321.3885
Ntot
2
1 3 0.2547078828277269
3 2 -1220.1761275932286
318 3 3
Id
3
1 1 1.0
2 2 1.0
3 3 -0.9670180424520891
Nupdn
1
1 2 321.3885
Ntot
2
1 3 -0.25470788282291157
3 2 1220.1761276178963
319 3 3
Id
3
1 1 1.0
2 2 1.0
3 3 -0.967018042453275
Nupdn
1
1 2 321.3885
Ntot
2
1 3 0.25470788281840906
3 2 -1220.1761276409632
320 3 3
Id
3
1 1 1.0
2 2 1.0
3 3 -0.9670180424543839
Nupdn
1
1 2 321.3885
Ntot
2
1 3 -0.2547078828141986
3 2 1220.1761276625346
321 3 3
Id
3
1 1 1.0
2 2 1.0
3 3 -0.9670180424554209
Nupdn
1
1 2 321.3885
Ntot
2
1 3 0.2547078828102607
3 2 -1220.1761276827049
322 3 3
Id
3
1 1 1.0
2 2 1.0
3 3 -0.967018042456391
Nupdn
1
1 2 321.3885
Ntot
2
1 3 -0.25470788280657847
3 2 1220.1761277015678
323 3 3
Id
3
1 1 1.0
2 2 1.0
3 3 -0.9670180424572978
Nupdn
1
1 2 321.3885
Ntot
2
1 3 0.2547078828031355
3 2 -1220.1761277192063
324 3 3
Id
3
1 1 1.0
2 2 1.0
3 3 -0.9670180424581458
Nupdn
1
1 2 321.3885
Ntot
2
1 3 -0.2547078827999159
3 2 1220.176127735701
325 3 3
Id
3
1 1 1.0
2 2 1.0
3 3 -0.9670180424589387
Nupdn
1
1 2 321.3885
Ntot
2
1 3 0.25470788279690443
3 2 -1220.1761277511264
326 3 3
Id
3
1 1 1.0
2 2 1.0
3 3 -0.9670180424596804
Nupdn
1
1 2 321.3885
Ntot
2
1 3 -0.25470788279408935
3 2 1220.1761277655496
327 3 3
Id
3
1 1 1.0
2 2 1.0
3 3 -0.967018042460374
Nupdn
1
1 2 321.3885
Ntot
2
1 3 0.2547078827914563
3 2 -1220.1761277790376
328 3 3
Id
3
1 1 1.0
2 2 1.0
3 3 -0.9670180424610229
Nupdn
1
1 2 321.3885
Ntot
2
1 3 -0.25470788278899353
3 2 1220.1761277916526
329 3 3
Id
3
1 1 1.0
2 2 1.0
3 3 -0.9670180424616293
Nupdn
1
1 2 321.3885
Ntot
2
1 3 0.2547078827866917
3 2 -1220.1761278034458
330 3 3
Id
3
1 1 1.0
2 2 1.0
3 3 -0.9670180424621964
Nupdn
1
1 2 321.3885
Ntot
2
1 3 -0.2547078827845386
3 2 1220.1761278144766
331 3 3
Id
3
1 1 1.0
2 2 1.0
3 3 -0.9670180424627266
Nupdn
1
1 2 321.3885
Ntot
2
1 3 0.2547078827825254
3 2 -1220.1761278247902
332 3 3
Id
3
1 1 1.0
2 2 1.0
3 3 -0.9670180424632222
Nupdn
1
1 2 321.3885
Ntot
2
1 3 -0.25470788278064227
3 2 1220.176127834435
333 3 3
Id
3
1 1 1.0
2 2 1.0
3 3 -0.9670180424636861
Nupdn
1
1 2 321.3885
Ntot
2
1 3 0.2547078827788817
3 2 -1220.1761278434544
334 3 3
Id
3
1 1 1.0
2 2 1.0
3 3 -0.9670180424641195
Nupdn
1
1 2 321.3885
Ntot
2
1 3 -0.25470788277723533
3 2 1220.1761278518882
335 3 3
Id
3
1 1 1.0
2 2 1.0
3 3 -0.9670180424645252
Nupdn
1
1 2 321.3885
Ntot
2
1 3 0.2547078827756961
3 2 -1220.1761278597749
336 3 3
Id
3
1 1 1.0
2 2 1.0
3 3 -0.9670180424649044
Nupdn
1
1 2 321.3885
Ntot
2
1 3 -0.25470788277425627
3 2 1220.1761278671513
337 3 3
Id
3
1 1 1.0
2 2 1.0
3 3 -0.9670180424652592
Nupdn
1
1 2 321.3885
Ntot
2
1 3 0.2547078827729102
3 2 -1220.1761278740466
338 3 3
Id
3
1 1 1.0
2 2 1.0
3 3 -0.9670180424655905
Nupdn
1
1 2 321.3885
Ntot
2
1 3 -0.254707882771651
3 2 1220.1761278804977
339 3 3
Id
3
1 1 1.0
2 2 1.0
3 3 -0.9670180424659007
Nupdn
1
1 2 321.3885
Ntot
2
1 3 0.25470788277047335
3 2 -1220.1761278865274
340 3 3
Id
3
1 1 1.0
2 2 1.0
3 3 -0.9670180424661907
Nupdn
1
1 2 321.3885
Ntot
2
1 3 -0.25470788276937334
3 2 1220.1761278921676
341 3 3
Id
3
1 1 1.0
2 2 1.0
3 3 -0.9670180424664621
Nupdn
1
1 2 321.3885
Ntot
2
1 3 0.2547078827683429
3 2 -1220.1761278974411
342 3 3
Id
3
1 1 1.0
2 2 1.0
3 3 -0.9670180424667156
Nupdn
1
1 2 321.3885
Ntot
2
1 3 -0.25470788276738054
3 2 1220.176127902373
343 3 3
Id
3
1 1 1.0
2 2 1.0
3 3 -0.9670180424669523
Nupdn
1
1 2 321.3885
Ntot
2
1 3 0.2547078827664807
3 2 -1220.1761279069856
344 3 3
Id
3
1 1 1.0
2 2 1.0
3 3 -0.9670180424671742
Nupdn
1
1 2 321.3885
Ntot
2
1 3 -0.25470788276563877
3 2 1220.1761279112977
345 3 3
Id
3
1 1 1.0
2 2 1.0
3 3 -0.9670180424673815
Nupdn
1
1 2 321.3885
Ntot
2
1 3 0.25470788276485135
3 2 -1220.1761279153297
346 3 3
Id
3
1 1 1.0
2 2 1.0
3 3 -0.9670180424675756
Nupdn
1
1 2 321.3885
Ntot
2
1 3 -0.25470788276411516
3 2 1220.1761279191016
347 3 3
Id
3
1 1 1.0
2 2 1.0
3 3 -0.9670180424677566
Nupdn
1
1 2 321.3885
Ntot
2
1 3 0.2547078827634269
3 2 -1220.1761279226282
348 3 3
Id
3
1 1 1.0
2 2 1.0
3 3 -0.9670180424679262
Nupdn
1
1 2 321.3885
Ntot
2
1 3 -0.2547078827627831
3 2 1220.1761279259265
349 3 3
Id
3
1 1 1.0
2 2 1.0
3 3 -0.9670180424680852
Nupdn
1
1 2 321.3885
Ntot
2
1 3 0.25470788276218076
3 2 -1220.1761279290108
350 3 3
Id
3
1 1 1.0
2 2 1.0
3 3 -0.9670180424682331
Nupdn
1
1 2 321.3885
Ntot
2
1 3 -0.2547078827616181
3 2 1220.176127931892
351 3 3
Id
3
1 1 1.0
2 2 1.0
3 3 -0.9670180424683721
Nupdn
1
1 2 321.3885
Ntot
2
1 3 0.2547078827610918
3 2 -1220.17612793459
352 3 3
Id
3
1 1 1.0
2 2 1.0
3 3 -0.9670180424685015
Nupdn
1
1 2 321.3885
Ntot
2
1 3 -0.25470788276059964
3 2 1220.176127937111
353 3 3
Id
3
1 1 1.0
2 2 1.0
3 3 -0.9670180424686228
Nupdn
1
1 2 321.3885
Ntot
2
1 3 0.25470788276013917
3 2 -1220.1761279394698
354 3 3
Id
3
1 1 1.0
2 2 1.0
3 3 -0.967018042468736
Nupdn
1
1 2 321.3885
Ntot
2
1 3 -0.25470788275970874
3 2 1220.1761279416735
355 3 3
Id
3
1 1 1.0
2 2 1.0
3 3 -0.9670180424688422
Nupdn
1
1 2 321.3885
Ntot
2
1 3 0.2547078827593065
3 2 -1220.176127943737
356 3 3
Id
3
1 1 1.0
2 2 1.0
3 3 -0.9670180424689414
Nupdn
1
1 2 321.3885
Ntot
2
1 3 -0.25470788275893025
3 2 1220.176127945663
357 3 3
Id
3
1 1 1.0
2 2 1.0
3 3 -0.9670180424690338
Nupdn
1
1 2 321.3885
Ntot
2
1 3 0.2547078827585787
3 2 -1220.1761279474676
358 3 3
Id
3
1 1 1.0
2 2 1.0
3 3 -0.9670180424691208
Nupdn
1
1 2 321.3885
Ntot
2
1 3 -0.25470788275824857
3 2 1220.1761279491539
359 3 3
Id
3
1 1 1.0
2 2 1.0
3 3 -0.9670180424692016
Nupdn
1
1 2 321.3885
Ntot
2
1 3 0.2547078827579412
3 2 -1220.176127950731
360 3 3
Id
3
1 1 1.0
2 2 1.0
3 3 -0.9670180424692776
Nupdn
1
1 2 321.3885
Ntot
2
1 3 -0.2547078827576529
3 2 1220.1761279522043
361 3 3
Id
3
1 1 1.0
2 2 1.0
3 3 -0.9670180424693484
Nupdn
1
1 2 321.3885
Ntot
2
1 3 0.254707882757384
3 2 -1220.1761279535835
362 3 3
Id
3
1 1 1.0
2 2 1.0
3 3 -0.9670180424694146
Nupdn
1
1 2 321.3885
Ntot
2
1 3 -0.2547078827571325
3 2 1220.1761279548723
363 3 3
Id
3
1 1 1.0
2 2 1.0
3 3 -0.9670180424694768
Nupdn
1
1 2 321.3885
Ntot
2
1 3 0.25470788275689693
3 2 -1220.1761279560783
364 3 3
Id
3
1 1 1.0
2 2 1.0
3 3 -0.9670180424695347
Nupdn
1
1 2 321.3885
Ntot
2
1 3 -0.25470788275667716
3 2 1220.1761279572065
365 3 3
Id
3
1 1 1.0
2 2 1.0
3 3 -0.9670180424695889
Nupdn
1
1 2 321.3885
Ntot
2
1 3 0.25470788275647144
3 2 -1220.1761279582602
366 3 3
Id
3
1 1 1.0
2 2 1.0
3 3 -0.9670180424696397
Nupdn
1
1 2 321.3885
Ntot
2
1 3 -0.25470788275627865
3 2 1220.1761279592452
367 3 3
Id
3
1 1 1.0
2 2 1.0
3 3 -0.967018042469687
Nupdn
1
1 2 321.3885
Ntot
2
1 3 0.25470788275609874
3 2 -1220.1761279601674
368 3 3
Id
3
1 1 1.0
2 2 1.0
3 3 -0.9670180424697314
Nupdn
1
1 2 321.3885
Ntot
2
1 3 -0.25470788275593037
3 2 1220.1761279610294
369 3 3
Id
3
1 1 1.0
2 2 1.0
3 3 -0.9670180424697727
Nupdn
1
1 2 321.3885
Ntot
2
1 3 0.2547078827557732
3 2 -1220.1761279618372
370 3 3
Id
3
1 1 1.0
2 2 1.0
3 3 -0.9670180424698118
Nupdn
1
1 2 321.3885
Ntot
2
1 3 -0.25470788275562584
3 2 1220.1761279625896
371 3 3
Id
3
1 1 1.0
2 2 1.0
3 3 -0.9670180424698478
Nupdn
1
1 2 321.3885
Ntot
2
1 3 0.2547078827554885
3 2 -1220.176127963296
372 3 3
Id
3
1 1 1.0
2 2 1.0
3 3 -0.9670180424698818
Nupdn
1
1 2 321.3885
Ntot
2
1 3 -0.2547078827553596
3 2 1220.1761279639538
373 3 3
Id
3
1 1 1.0
2 2 1.0
3 3 -0.9670180424699137
Nupdn
1
1 2 321.3885
Ntot
2
1 3 0.25470788275523937
3 2 -1220.176127964571
374 3 3
Id
3
1 1 1.0
2 2 1.0
3 3 -0.9670180424699433
Nupdn
1
1 2 321.3885
Ntot
2
1 3 -0.25470788275512674
3 2 1220.1761279651482
375 3 3
Id
3
1 1 1.0
2 2 1.0
3 3 -0.9670180424699708
Nupdn
1
1 2 321.3885
Ntot
2
1 3 0.25470788275502143
3 2 -1220.1761279656862
376 3 3
Id
3
1 1 1.0
2 2 1.0
3 3 -0.9670180424699968
Nupdn
1
1 2 321.3885
Ntot
2
1 3 -0.2547078827549233
3 2 1220.1761279661916
377 3 3
Id
3
1 1 1.0
2 2 1.0
3 3 -0.967018042470021
Nupdn
1
1 2 321.3885
Ntot
2
1 3 0.2547078827548316
3 2 -1220.1761279666619
378 3 3
Id
3
1 1 1.0
2 2 1.0
3 3 -0.9670180424700439
Nupdn
1
1 2 321.3885
Ntot
2
1 3 -0.25470788275474476
3 2 1220.1761279671025
379 3 3
Id
3
1 1 1.0
2 2 1.0
3 3 -0.9670180424700647
Nupdn
1
1 2 321.3885
Ntot
2
1 3 0.2547078827546648
3 2 -1220.1761279675145
380 3 3
Id
3
1 1 1.0
2 2 1.0
3 3 -0.9670180424700847
Nupdn
1
1 2 321.3885
Ntot
2
1 3 -0.25470788275458905
3 2 1220.1761279679
381 3 3
Id
3
1 1 1.0
2 2 1.0
3 3 -0.9670180424701031
Nupdn
1
1 2 321.3885
Ntot
2
1 3 0.2547078827545191
3 2 -1220.1761279682612
382 3 3
Id
3
1 1 1.0
2 2 1.0
3 3 -0.9670180424701205
Nupdn
1
1 2 321.3885
Ntot
2
1 3 -0.25470788275445294
3 2 1220.176127968598
383 3 3
Id
3
1 1 1.0
2 2 1.0
3 3 -0.9670180424701365
Nupdn
1
1 2 321.3885
Ntot
2
1 3 0.25470788275439155
3 2 -1220.1761279689126
384 3 3
Id
3
1 1 1.0
2 2 1.0
3 3 -0.9670180424701518
Nupdn
1
1 2 321.3885
Ntot
2
1 3 -0.2547078827543341
3 2 1220.1761279692075
385 3 3
Id
3
1 1 1.0
2 2 1.0
3 3 -0.967018042470166
Nupdn
1
1 2 321.3885
Ntot
2
1 3 0.2547078827542802
3 2 -1220.176127969484
386 3 3
Id
3
1 1 1.0
2 2 1.0
3 3 -0.9670180424701793
Nupdn
1
1 2 321.3885
Ntot
2
1 3 -0.25470788275423034
3 2 1220.1761279697414
387 3 3
Id
3
1 1 1.0
2 2 1.0
3 3 -0.967018042470192
Nupdn
1
1 2 321.3885
Ntot
2
1 3 0.25470788275418277
3 2 -1220.176127969983
388 3 3
Id
3
1 1 1.0
2 2 1.0
3 3 -0.9670180424702033
Nupdn
1
1 2 321.3885
Ntot
2
1 3 -0.25470788275413914
3 2 1220.176127970207
389 3 3
Id
3
1 1 1.0
2 2 1.0
3 3 -0.967018042470214
Nupdn
1
1 2 321.3885
Ntot
2
1 3 0.2547078827540976
3 2 -1220.1761279704183
390 3 3
Id
3
1 1 1.0
2 2 1.0
3 3 -0.9670180424702244
Nupdn
1
1 2 321.3885
Ntot
2
1 3 -0.2547078827540595
3 2 1220.1761279706163
391 3 3
Id
3
1 1 1.0
2 2 1.0
3 3 -0.9670180424702335
Nupdn
1
1 2 321.3885
Ntot
2
1 3 0.25470788275402356
3 2 -1220.1761279708
392 3 3
Id
3
1 1 1.0
2 2 1.0
3 3 -0.9670180424702426
Nupdn
1
1 2 321.3885
Ntot
2
1 3 -0.25470788275399003
3 2 1220.1761279709726
393 3 3
Id
3
1 1 1.0
2 2 1.0
3 3 -0.9670180424702506
Nupdn
1
1 2 321.3885
Ntot
2
1 3 0.2547078827539586
3 2 -1220.1761279711322
394 3 3
Id
3
1 1 1.0
2 2 1.0
3 3 -0.9670180424702584
Nupdn
1
1 2 321.3885
Ntot
2
1 3 -0.2547078827539286
3 2 1220.1761279712841
395 3 3
Id
3
1 1 1.0
2 2 1.0
3 3 -0.9670180424702659
Nupdn
1
1 2 321.3885
Ntot
2
1 3 0.25470788275390155
3 2 -1220.1761279714246
396 3 3
Id
3
1 1 1.0
2 2 1.0
3 3 -0.9670180424702728
Nupdn
1
1 2 321.3885
Ntot
2
1 3 -0.2547078827538757
3 2 1220.1761279715554
397 3 3
Id
3
1 1 1.0
2 2 1.0
3 3 -0.967018042470279
Nupdn
1
1 2 321.3885
Ntot
2
1 3 0.2547078827538518
3 2 -1220.1761279716786
398 3 3
Id
3
1 1 1.0
2 2 1.0
3 3 -0.9670180424702852
Nupdn
1
1 2 321.3885
Ntot
2
1 3 -0.25470788275382883
3 2 1220.1761279717964
399 3 3
Id
3
1 1 1.0
2 2 1.0
3 3 -0.9670180424702903
Nupdn
1
1 2 321.3885
Ntot
2
1 3 0.25470788275380796
3 2 -1220.1761279719044
400 3 3
Id
3
1 1 1.0
2 2 1.0
3 3 -0.9670180424702954
Nupdn
1
1 2 321.3885
Ntot
2
1 3 -0.2547078827537884
3 2 1220.1761279720047
401 3 3
Id
3
1 1 1.0
2 2 1.0
3 3 -0.9670180424703008
Nupdn
1
1 2 321.3885
Ntot
2
1 3 0.25470788275376993
3 2 -1220.1761279720981
402 3 3
Id
3
1 1 1.0
2 2 1.0
3 3 -0.9670180424703052
Nupdn
1
1 2 321.3885
Ntot
2
1 3 -0.2547078827537527
3 2 1220.1761279721861
403 3 3
Id
3
1 1 1.0
2 2 1.0
3 3 -0.9670180424703092
Nupdn
1
1 2 321.3885
Ntot
2
1 3 0.2547078827537367
3 2 -1220.1761279722687
404 3 3
Id
3
1 1 1.0
2 2 1.0
3 3 -0.9670180424703132
Nupdn
1
1 2 321.3885
Ntot
2
1 3 -0.2547078827537214
3 2 1220.176127972346
405 3 3
Id
3
1 1 1.0
2 2 1.0
3 3 -0.967018042470317
Nupdn
1
1 2 321.3885
Ntot
2
1 3 0.25470788275370765
3 2 -1220.1761279724174
406 3 3
Id
3
1 1 1.0
2 2 1.0
3 3 -0.9670180424703205
Nupdn
1
1 2 321.3885
Ntot
2
1 3 -0.25470788275369427
3 2 1220.1761279724863
407 3 3
Id
3
1 1 1.0
2 2 1.0
3 3 -0.9670180424703236
Nupdn
1
1 2 321.3885
Ntot
2
1 3 0.254707882753682
3 2 -1220.176127972549
408 3 3
Id
3
1 1 1.0
2 2 1.0
3 3 -0.9670180424703265
Nupdn
1
1 2 321.3885
Ntot
2
1 3 -0.25470788275367073
3 2 1220.176127972608
409 3 3
Id
3
1 1 1.0
2 2 1.0
3 3 -0.9670180424703294
Nupdn
1
1 2 321.3885
Ntot
2
1 3 0.2547078827536598
3 2 -1220.176127972663
410 3 3
Id
3
1 1 1.0
2 2 1.0
3 3 -0.9670180424703323
Nupdn
1
1 2 321.3885
Ntot
2
1 3 -0.2547078827536497
3 2 1220.176127972714
411 3 3
Id
3
1 1 1.0
2 2 1.0
3 3 -0.9670180424703345
Nupdn
1
1 2 321.3885
Ntot
2
1 3 0.2547078827536404
3 2 -1220.176127972762
412 3 3
Id
3
1 1 1.0
2 2 1.0
3 3 -0.9670180424703365
Nupdn
1
1 2 321.3885
Ntot
2
1 3 -0.25470788275363143
3 2 1220.1761279728064
413 3 3
Id
3
1 1 1.0
2 2 1.0
3 3 -0.9670180424703392
Nupdn
1
1 2 321.3885
Ntot
2
1 3 0.2547078827536232
3 2 -1220.1761279728494
414 3 3
Id
3
1 1 1.0
2 2 1.0
3 3 -0.9670180424703407
Nupdn
1
1 2 321.3885
Ntot
2
1 3 -0.2547078827536154
3 2 1220.1761279728892
415 3 3
Id
3
1 1 1.0
2 2 1.0
3 3 -0.9670180424703427
Nupdn
1
1 2 321.3885
Ntot
2
1 3 0.25470788275360834
3 2 -1220.176127972927
416 3 3
Id
3
1 1 1.0
2 2 1.0
3 3 -0.9670180424703447
Nupdn
1
1 2 321.3885
Ntot
2
1 3 -0.2547078827536018
3 2 1220.1761279729603
417 3 3
Id
3
1 1 1.0
2 2 1.0
3 3 -0.9670180424703465
Nupdn
1
1 2 321.3885
Ntot
2
1 3 0.2547078827535952
3 2 -1220.1761279729913
418 3 3
Id
3
1 1 1.0
2 2 1.0
3 3 -0.9670180424703478
Nupdn
1
1 2 321.3885
Ntot
2
1 3 -0.2547078827535895
3 2 1220.1761279730229
419 3 3
Id
3
1 1 1.0
2 2 1.0
3 3 -0.9670180424703496
Nupdn
1
1 2 321.3885
Ntot
2
1 3 0.25470788275358436
3 2 -1220.1761279730495
420 3 3
Id
3
1 1 1.0
2 2 1.0
3 3 -0.9670180424703505
Nupdn
1
1 2 321.3885
Ntot
2
1 3 -0.2547078827535791
3 2 1220.1761279730758
421 3 3
Id
3
1 1 1.0
2 2 1.0
3 3 -0.9670180424703518
Nupdn
1
1 2 321.3885
Ntot
2
1 3 0.25470788275357453
3 2 -1220.176127973101
422 3 3
Id
3
1 1 1.0
2 2 1.0
3 3 -0.967018042470353
Nupdn
1
1 2 321.3885
Ntot
2
1 3 -0.2547078827535697
3 2 1220.176127973123
423 3 3
Id
3
1 1 1.0
2 2 1.0
3 3 -0.9670180424703545
Nupdn
1
1 2 321.3885
Ntot
2
1 3 0.2547078827535655
3 2 -1220.1761279731463
424 3 3
Id
3
1 1 1.0
2 2 1.0
3 3 -0.9670180424703554
Nupdn
1
1 2 321.3885
Ntot
2
1 3 -0.2547078827535615
3 2 1220.1761279731675
425 3 3
Id
3
1 1 1.0
2 2 1.0
3 3 -0.9670180424703563
Nupdn
1
1 2 321.3885
Ntot
2
1 3 0.2547078827535577
3 2 -1220.1761279731847
426 3 3
Id
3
1 1 1.0
2 2 1.0
3 3 -0.9670180424703572
Nupdn
1
1 2 321.3885
Ntot
2
1 3 -0.2547078827535543
3 2 1220.176127973203
427 3 3
Id
3
1 1 1.0
2 2 1.0
3 3 -0.967018042470358
Nupdn
1
1 2 321.3885
Ntot
2
1 3 0.2547078827535512
3 2 -1220.1761279732182
428 3 3
Id
3
1 1 1.0
2 2 1.0
3 3 -0.9670180424703589
Nupdn
1
1 2 321.3885
Ntot
2
1 3 -0.2547078827535483
3 2 1220.1761279732345
429 3 3
Id
3
1 1 1.0
2 2 1.0
3 3 -0.9670180424703594
Nupdn
1
1 2 321.3885
Ntot
2
1 3 0.25470788275354517
3 2 -1220.1761279732493
430 3 3
Id
3
1 1 1.0
2 2 1.0
3 3 -0.9670180424703603
Nupdn
1
1 2 321.3885
Ntot
2
1 3 -0.2547078827535428
3 2 1220.1761279732618
431 3 3
Id
3
1 1 1.0
2 2 1.0
3 3 -0.9670180424703609
Nupdn
1
1 2 321.3885
Ntot
2
1 3 0.2547078827535405
3 2 -1220.1761279732737
432 3 3
Id
3
1 1 1.0
2 2 1.0
3 3 -0.9670180424703616
Nupdn
1
1 2 321.3885
Ntot
2
1 3 -0.2547078827535379
3 2 1220.1761279732857
433 3 3
Id
3
1 1 1.0
2 2 1.0
3 3 -0.967018042470362
Nupdn
1
1 2 321.3885
Ntot
2
1 3 0.2547078827535357
3 2 -1220.176127973298
434 3 3
Id
3
1 1 1.0
2 2 1.0
3 3 -0.9670180424703625
Nupdn
1
1 2 321.3885
Ntot
2
1 3 -0.2547078827535338
3 2 1220.1761279733084
435 3 3
Id
3
1 1 1.0
2 2 1.0
3 3 -0.9670180424703632
Nupdn
1
1 2 321.3885
Ntot
2
1 3 0.25470788275353173
3 2 -1220.176127973318
436 3 3
Id
3
1 1 1.0
2 2 1.0
3 3 -0.9670180424703634
Nupdn
1
1 2 321.3885
Ntot
2
1 3 -0.2547078827535305
3 2 1220.1761279733269
437 3 3
Id
3
1 1 1.0
2 2 1.0
3 3 -0.967018042470364
Nupdn
1
1 2 321.3885
Ntot
2
1 3 0.25470788275352846
3 2 -1220.1761279733344
438 3 3
Id
3
1 1 1.0
2 2 1.0
3 3 -0.9670180424703643
Nupdn
1
1 2 321.3885
Ntot
2
1 3 -0.25470788275352707
3 2 1220.1761279733416
439 3 3
Id
3
1 1 1.0
2 2 1.0
3 3 -0.9670180424703649
Nupdn
1
1 2 321.3885
Ntot
2
1 3 0.2547078827535256
3 2 -1220.1761279733491
440 3 3
Id
3
1 1 1.0
2 2 1.0
3 3 -0.9670180424703649
Nupdn
1
1 2 321.3885
Ntot
2
1 3 -0.2547078827535243
3 2 1220.1761279733562
441 3 3
Id
3
1 1 1.0
2 2 1.0
3 3 -0.9670180424703658
Nupdn
1
1 2 321.3885
Ntot
2
1 3 0.25470788275352313
3 2 -1220.176127973363
442 3 3
Id
3
1 1 1.0
2 2 1.0
3 3 -0.9670180424703656
Nupdn
1
1 2 321.3885
Ntot
2
1 3 -0.25470788275352185
3 2 1220.1761279733696
443 3 3
Id
3
1 1 1.0
2 2 1.0
3 3 -0.967018042470366
Nupdn
1
1 2 321.3885
Ntot
2
1 3 0.2547078827535207
3 2 -1220.1761279733753
444 3 3
Id
3
1 1 1.0
2 2 1.0
3 3 -0.9670180424703663
Nupdn
1
1 2 321.3885
Ntot
2
1 3 -0.2547078827535199
3 2 1220.17612797338
445 3 3
Id
3
1 1 1.0
2 2 1.0
3 3 -0.9670180424703663
Nupdn
1
1 2 321.3885
Ntot
2
1 3 0.2547078827535187
3 2 -1220.1761279733853
446 3 3
Id
3
1 1 1.0
2 2 1.0
3 3 -0.9670180424703667
Nupdn
1
1 2 321.3885
Ntot
2
1 3 -0.25470788275351774
3 2 1220.1761279733887
447 3 3
Id
3
1 1 1.0
2 2 1.0
3 3 -0.9670180424703672
Nupdn
1
1 2 321.3885
Ntot
2
1 3 0.2547078827535169
3 2 -1220.176127973394
448 3 3
Id
3
1 1 1.0
2 2 1.0
3 3 -0.9670180424703672
Nupdn
1
1 2 321.3885
Ntot
2
1 3 -0.2547078827535161
3 2 1220.176127973397
449 3 3
Id
3
1 1 1.0
2 2 1.0
3 3 -0.9670180424703678
Nupdn
1
1 2 321.3885
Ntot
2
1 3 0.2547078827535152
3 2 -1220.1761279734021
450 3 3
Id
3
1 1 1.0
2 2 1.0
3 3 -0.9670180424703678
Nupdn
1
1 2 321.3885
Ntot
2
1 3 -0.25470788275351464
3 2 1220.176127973407
451 3 3
Id
3
1 1 1.0
2 2 1.0
3 3 -0.9670180424703676
Nupdn
1
1 2 321.3885
Ntot
2
1 3 0.2547078827535141
3 2 -1220.176127973408
452 3 3
Id
3
1 1 1.0
2 2 1.0
3 3 -0.967018042470368
Nupdn
1
1 2 321.3885
Ntot
2
1 3 -0.25470788275351347
3 2 1220.1761279734121
453 3 3
Id
3
1 1 1.0
2 2 1.0
3 3 -0.9670180424703683
Nupdn
1
1 2 321.3885
Ntot
2
1 3 0.25470788275351314
3 2 -1220.1761279734144
454 3 3
Id
3
1 1 1.0
2 2 1.0
3 3 -0.9670180424703683
Nupdn
1
1 2 321.3885
Ntot
2
1 3 -0.25470788275351247
3 2 1220.1761279734174
455 3 3
Id
3
1 1 1.0
2 2 1.0
3 3 -0.9670180424703687
Nupdn
1
1 2 321.3885
Ntot
2
1 3 0.25470788275351175
3 2 -1220.176127973419
456 3 3
Id
3
1 1 1.0
2 2 1.0
3 3 -0.967018042470368
Nupdn
1
1 2 321.3885
Ntot
2
1 3 -0.2547078827535114
3 2 1220.1761279734214
457 3 3
Id
3
1 1 1.0
2 2 1.0
3 3 -0.9670180424703689
Nupdn
1
1 2 321.3885
Ntot
2
1 3 0.25470788275351114
3 2 -1220.1761279734249
458 3 3
Id
3
1 1 1.0
2 2 1.0
3 3 -0.9670180424703685
Nupdn
1
1 2 321.3885
Ntot
2
1 3 -0.2547078827535106
3 2 1220.176127973426
459 3 3
Id
3
1 1 1.0
2 2 1.0
3 3 -0.9670180424703689
Nupdn
1
1 2 321.3885
Ntot
2
1 3 0.2547078827535101
3 2 -1220.1761279734294
460 3 3
Id
3
1 1 1.0
2 2 1.0
3 3 -0.9670180424703687
Nupdn
1
1 2 321.3885
Ntot
2
1 3 -0.25470788275351003
3 2 1220.1761279734305
461 3 3
Id
3
1 1 1.0
2 2 1.0
3 3 -0.9670180424703692
Nupdn
1
1 2 321.3885
Ntot
2
1 3 0.2547078827535093
3 2 -1220.1761279734333
462 3 3
Id
3
1 1 1.0
2 2 1.0
3 3 -0.9670180424703692
Nupdn
1
1 2 321.3885
Ntot
2
1 3 -0.2547078827535088
3 2 1220.1761279734365
463 3 3
Id
3
1 1 1.0
2 2 1.0
3 3 -0.9670180424703692
Nupdn
1
1 2 321.3885
Ntot
2
1 3 0.254707882753509
3 2 -1220.176127973436
464 3 3
Id
3
1 1 1.0
2 2 1.0
3 3 -0.9670180424703694
Nupdn
1
1 2 321.3885
Ntot
2
1 3 -0.2547078827535084
3 2 1220.1761279734383
465 3 3
Id
3
1 1 1.0
2 2 1.0
3 3 -0.9670180424703696
Nupdn
1
1 2 321.3885
Ntot
2
1 3 0.2547078827535083
3 2 -1220.1761279734378
466 3 3
Id
3
1 1 1.0
2 2 1.0
3 3 -0.9670180424703696
Nupdn
1
1 2 321.3885
Ntot
2
1 3 -0.2547078827535079
3 2 1220.17612797344
467 3 3
Id
3
1 1 1.0
2 2 1.0
3 3 -0.9670180424703692
Nupdn
1
1 2 321.3885
Ntot
2
1 3 0.25470788275350775
3 2 -1220.1761279734408
468 3 3
Id
3
1 1 1.0
2 2 1.0
3 3 -0.9670180424703698
Nupdn
1
1 2 321.3885
Ntot
2
1 3 -0.2547078827535074
3 2 1220.1761279734433
469 3 3
Id
3
1 1 1.0
2 2 1.0
3 3 -0.9670180424703696
Nupdn
1
1 2 321.3885
Ntot
2
1 3 0.25470788275350753
3 2 -1220.1761279734421
470 3 3
Id
3
1 1 1.0
2 2 1.0
3 3 -0.9670180424703696
Nupdn
1
1 2 321.3885
Ntot
2
1 3 -0.2547078827535069
3 2 1220.1761279734458
471 3 3
Id
3
1 1 1.0
2 2 1.0
3 3 -0.9670180424703698
Nupdn
1
1 2 321.3885
Ntot
2
1 3 0.2547078827535072
3 2 -1220.1761279734444
472 3 3
Id
3
1 1 1.0
2 2 1.0
3 3 -0.9670180424703698
Nupdn
1
1 2 321.3885
Ntot
2
1 3 -0.2547078827535068
3 2 1220.1761279734471
473 3 3
Id
3
1 1 1.0
2 2 1.0
3 3 -0.9670180424703698
Nupdn
1
1 2 321.3885
Ntot
2
1 3 0.25470788275350675
3 2 -1220.1761279734458
474 3 3
Id
3
1 1 1.0
2 2 1.0
3 3 -0.9670180424703698
Nupdn
1
1 2 321.3885
Ntot
2
1 3 -0.2547078827535066
3 2 1220.1761279734483
475 3 3
Id
3
1 1 1.0
2 2 1.0
3 3 -0.9670180424703698
Nupdn
1
1 2 321.3885
Ntot
2
1 3 0.25470788275350675
3 2 -1220.1761279734471
476 3 3
Id
3
1 1 1.0
2 2 1.0
3 3 -0.96701804247037
Nupdn
1
1 2 321.3885
Ntot
2
1 3 -0.2547078827535064
3 2 1220.1761279734476
477 3 3
Id
3
1 1 1.0
2 2 1.0
3 3 -0.96701804247037
Nupdn
1
1 2 321.3885
Ntot
2
1 3 0.2547078827535064
3 2 -1220.1761279734476
478 3 3
Id
3
1 1 1.0
2 2 1.0
3 3 -0.9670180424703698
Nupdn
1
1 2 321.3885
Ntot
2
1 3 -0.2547078827535061
3 2 1220.1761279734494
479 3 3
Id
3
1 1 1.0
2 2 1.0
3 3 -0.9670180424703698
Nupdn
1
1 2 321.3885
Ntot
2
1 3 0.2547078827535062
3 2 -1220.1761279734485
480 3 3
Id
3
1 1 1.0
2 2 1.0
3 3 -0.96701804247037
Nupdn
1
1 2 321.3885
Ntot
2
1 3 -0.2547078827535061
3 2 1220.1761279734496
481 3 3
Id
3
1 1 1.0
2 2 1.0
3 3 -0.96701804247037
Nupdn
1
1 2 321.3885
Ntot
2
1 3 0.25470788275350614
3 2 -1220.1761279734508
482 3 3
Id
3
1 1 1.0
2 2 1.0
3 3 -0.96701804247037
Nupdn
1
1 2 321.3885
Ntot
2
1 3 -0.25470788275350587
3 2 1220.176127973451
483 3 3
Id
3
1 1 1.0
2 2 1.0
3 3 -0.96701804247037
Nupdn
1
1 2 321.3885
Ntot
2
1 3 0.2547078827535059
3 2 -1220.176127973451
484 3 3
Id
3
1 1 1.0
2 2 1.0
3 3 -0.96701804247037
Nupdn
1
1 2 321.3885
Ntot
2
1 3 -0.2547078827535058
3 2 1220.1761279734521
485 3 3
Id
3
1 1 1.0
2 2 1.0
3 3 -0.9670180424703703
Nupdn
1
1 2 321.3885
Ntot
2
1 3 0.25470788275350603
3 2 -1220.17612797345
486 3 3
Id
3
1 1 1.0
2 2 1.0
3 3 -0.9670180424703698
Nupdn
1
1 2 321.3885
Ntot
2
1 3 -0.2547078827535054
3 2 1220.1761279734515
487 3 3
Id
3
1 1 1.0
2 2 1.0
3 3 -0.9670180424703703
Nupdn
1
1 2 321.3885
Ntot
2
1 3 0.2547078827535056
3 2 -1220.1761279734508
488 3 3
Id
3
1 1 1.0
2 2 1.0
3 3 -0.9670180424703698
Nupdn
1
1 2 321.3885
Ntot
2
1 3 -0.25470788275350537
3 2 1220.1761279734535
489 3 3
Id
3
1 1 1.0
2 2 1.0
3 3 -0.9670180424703703
Nupdn
1
1 2 321.3885
Ntot
2
1 3 0.25470788275350537
3 2 -1220.1761279734542
490 3 3
Id
3
1 1 1.0
2 2 1.0
3 3 -0.9670180424703703
Nupdn
1
1 2 321.3885
Ntot
2
1 3 -0.25470788275350537
3 2 1220.1761279734535
491 3 3
Id
3
1 1 1.0
2 2 1.0
3 3 -0.9670180424703703
Nupdn
1
1 2 321.3885
Ntot
2
1 3 0.25470788275350525
3 2 -1220.1761279734549
492 3 3
Id
3
1 1 1.0
2 2 1.0
3 3 -0.96701804247037
Nupdn
1
1 2 321.3885
Ntot
2
1 3 -0.2547078827535055
3 2 1220.176127973453
493 3 3
Id
3
1 1 1.0
2 2 1.0
3 3 -0.96701804247037
Nupdn
1
1 2 321.3885
Ntot
2
1 3 0.2547078827535052
3 2 -1220.1761279734549
494 3 3
Id
3
1 1 1.0
2 2 1.0
3 3 -0.96701804247037
Nupdn
1
1 2 321.3885
Ntot
2
1 3 -0.2547078827535053
3 2 1220.1761279734544
495 3 3
Id
3
1 1 1.0
2 2 1.0
3 3 -0.9670180424703705
Nupdn
1
1 2 321.3885
Ntot
2
1 3 0.25470788275350525
3 2 -1220.176127973454
496 3 3
Id
3
1 1 1.0
2 2 1.0
3 3 -0.96701804247037
Nupdn
1
1 2 321.3885
Ntot
2
1 3 -0.25470788275350525
3 2 1220.1761279734537
497 3 3
Id
3
1 1 1.0
2 2 1.0
3 3 -0.9670180424703703
Nupdn
1
1 2 321.3885
Ntot
2
1 3 0.25470788275350525
3 2 -1220.1761279734544
498 3 3
Id
3
1 1 1.0
2 2 1.0
3 3 -0.96701804247037
Nupdn
1
1 2 321.3885
Ntot
2
1 3 -0.25470788275350525
3 2 1220.176127973453
499 3 3
Id
3
1 1 1.0
2 2 1.0
3 3 -0.9670180424703703
Nupdn
1
1 2 321.3885
Ntot
2
1 3 0.25470788275350514
3 2 -1220.1761279734544
500 3 3
Id
3
1 1 1.0
2 2 1.0
3 3 -0.96701804247037
Nupdn
1
1 2 321.3885
Ntot
2
1 3 -0.2547078827535053
3 2 1220.176127973455
501 3 3
Id
3
1 1 1.0
2 2 1.0
3 3 -0.9670180424703703
Nupdn
1
1 2 321.3885
Ntot
2
1 3 0.2547078827535052
3 2 -1220.1761279734553
502 3 3
Id
3
1 1 1.0
2 2 1.0
3 3 -0.96701804247037
Nupdn
1
1 2 321.3885
Ntot
2
1 3 -0.25470788275350525
3 2 1220.1761279734537
503 3 3
Id
3
1 1 1.0
2 2 1.0
3 3 -0.9670180424703703
Nupdn
1
1 2 321.3885
Ntot
2
1 3 0.25470788275350514
3 2 -1220.176127973455
504 3 3
Id
3
1 1 1.0
2 2 1.0
3 3 -0.9670180424703705
Nupdn
1
1 2 321.3885
Ntot
2
1 3 -0.2547078827535052
3 2 1220.176127973454
505 3 3
Id
3
1 1 1.0
2 2 1.0
3 3 -0.9670180424703705
Nupdn
1
1 2 321.3885
Ntot
2
1 3 0.254707882753505
3 2 -1220.176127973456
506 3 3
Id
3
1 1 1.0
2 2 1.0
3 3 -0.9670180424703698
Nupdn
1
1 2 321.3885
Ntot
2
1 3 -0.25470788275350525
3 2 1220.1761279734535
507 3 3
Id
3
1 1 1.0
2 2 1.0
3 3 -0.9670180424703703
Nupdn
1
1 2 321.3885
Ntot
2
1 3 0.25470788275350503
3 2 -1220.1761279734556
508 3 3
Id
3
1 1 1.0
2 2 1.0
3 3 -0.96701804247037
Nupdn
1
1 2 321.3885
Ntot
2
1 3 -0.2547078827535052
3 2 1220.1761279734542
509 3 3
Id
3
1 1 1.0
2 2 1.0
3 3 -0.9670180424703705
Nupdn
1
1 2 321.3885
Ntot
2
1 3 0.2547078827535049
3 2 -1220.1761279734556
510 3 3
Id
3
1 1 1.0
2 2 1.0
3 3 -0.96701804247037
Nupdn
1
1 2 321.3885
Ntot
2
1 3 -0.2547078827535051
3 2 1220.1761279734542
511 3 3
Id
3
1 1 1.0
2 2 1.0
3 3 -0.9670180424703703
Nupdn
1
1 2 321.3885
Ntot
2
1 3 0.25470788275350487
3 2 -1220.1761279734565
512 3 3
Id
3
1 1 1.0
2 2 1.0
3 3 -0.9670180424703703
Nupdn
1
1 2 321.3885
Ntot
2
1 3 -0.25470788275350514
3 2 1220.1761279734546
513 3 1
Id
1
2 1 1.0
Nupdn
1
1 1 321.3885
Ntot
1
3 1 -1220.1761279734565
