input
{
Np = 2
Ne = 2
R = 25
nsweeps = 40
sweeps
    {
    maxm  minm  cutoff  niter   noise
    2     1      1E-11    5     0 
    2     1      1E-11    5     0
    2     1      1E-11    5     0
    2     1      1E-11    5     0 
    4     1      1E-11    5     0
    4     1      1E-11    5     0
    4     1      1E-11    5     0 
    4     1      1E-11    5     0 
    8     1      1E-11    4     0 
    8     1      1E-11    4     0
    8     1      1E-11    4     0
    8     1      1E-11    4     0 
    16    1      1E-11    4     0 
    16    1      1E-11    4     0 
    16    1      1E-11    4     0
    16    1      1E-11    4     0
    32    1      1E-11    4     0
    32    1      1E-11    4     0
    32    1      1E-11    4     0
    32    1      1E-11    4     0
    64    1      1E-11    4     0
    64    1      1E-11    4     0
    64    1      1E-11    4     0
    64    1      1E-11    4     0
   }
}
