513
1 1 3
Id
1
1 1 1.0
Nupdn
1
1 2 1071.295
Ntot
1
1 3 1.0
2 3 3
Id
3
1 1 1.0
2 2 1.0
3 3 -0.6951526607370009
Nupdn
1
1 2 1071.295
Ntot
2
1 3 -0.718862141352755
3 2 1035.9615938082961
3 3 3
Id
3
1 1 1.0
2 2 1.0
3 3 -0.8025428276211648
Nupdn
1
1 2 1071.295
Ntot
2
1 3 0.5965945103953146
3 2 -1441.1130232269866
4 3 3
Id
3
1 1 1.0
2 2 1.0
3 3 -0.8510659796103748
Nupdn
1
1 2 1071.295
Ntot
2
1 3 -0.5250587570451842
3 2 1736.4584751573532
5 3 3
Id
3
1 1 1.0
2 2 1.0
3 3 -0.8788129971899845
Nupdn
1
1 2 1071.295
Ntot
2
1 3 0.47716633993813523
3 2 -1973.0393597056868
6 3 3
Id
3
1 1 1.0
2 2 1.0
3 3 -0.89676757627927
Nupdn
1
1 2 1071.295
Ntot
2
1 3 -0.442501880373636
3 2 2171.0701428407724
7 3 3
Id
3
1 1 1.0
2 2 1.0
3 3 -0.9093192133378398
Nupdn
1
1 2 1071.295
Ntot
2
1 3 0.41609922885611383
3 2 -2341.1461956581015
8 3 3
Id
3
1 1 1.0
2 2 1.0
3 3 -0.9185721315563797
Nupdn
1
1 2 1071.295
Ntot
2
1 3 -0.3952533859791323
3 2 2489.698422792629
9 3 3
Id
3
1 1 1.0
2 2 1.0
3 3 -0.9256626129715377
Nupdn
1
1 2 1071.295
Ntot
2
1 3 0.37835000587644385
3 2 -2621.0062470229896
10 3 3
Id
3
1 1 1.0
2 2 1.0
3 3 -0.9312585821981718
Nupdn
1
1 2 1071.295
Ntot
2
1 3 -0.36435896185252675
3 2 2738.1038131835157
11 3 3
Id
3
1 1 1.0
2 2 1.0
3 3 -0.9357785299591383
Nupdn
1
1 2 1071.295
Ntot
2
1 3 0.35258834760597796
3 2 -2843.244443724146
12 3 3
Id
3
1 1 1.0
2 2 1.0
3 3 -0.9394980749734232
Nupdn
1
1 2 1071.295
Ntot
2
1 3 -0.3425541812928752
3 2 2938.161742559899
13 3 3
Id
3
1 1 1.0
2 2 1.0
3 3 -0.9426061727554786
Nupdn
1
1 2 1071.295
Ntot
2
1 3 0.3339065783767497
3 2 -3024.2269701638065
14 3 3
Id
3
1 1 1.0
2 2 1.0
3 3 -0.9452367137139668
Nupdn
1
1 2 1071.295
Ntot
2
1 3 -0.32638559258524313
3 2 3102.549218540439
15 3 3
Id
3
1 1 1.0
2 2 1.0
3 3 -0.9474872311416329
Nupdn
1
1 2 1071.295
Ntot
2
1 3 0.31979360034803955
3 2 -3174.04204518534
16 3 3
Id
3
1 1 1.0
2 2 1.0
3 3 -0.9494304650159453
Nupdn
1
1 2 1071.295
Ntot
2
1 3 -0.313977375139684
3 2 3239.46943491312
17 3 3
Id
3
1 1 1.0
2 2 1.0
3 3 -0.9511217748337806
Nupdn
1
1 2 1071.295
Ntot
2
1 3 0.30881607703783714
3 2 -3299.4784842296676
18 3 3
Id
3
1 1 1.0
2 2 1.0
3 3 -0.9526040420945874
Nupdn
1
1 2 1071.295
Ntot
2
1 3 -0.30421298293309823
3 2 3354.623255839645
19 3 3
Id
3
1 1 1.0
2 2 1.0
3 3 -0.9539110014447922
Nupdn
1
1 2 1071.295
Ntot
2
1 3 0.30008965547414895
3 2 -3405.382583675333
20 3 3
Id
3
1 1 1.0
2 2 1.0
3 3 -0.9550695583685052
Nupdn
1
1 2 1071.295
Ntot
2
1 3 -0.29638174484571106
3 2 3452.1736251502925
21 3 3
Id
3
1 1 1.0
2 2 1.0
3 3 -0.9561014358359416
Nupdn
1
1 2 1071.295
Ntot
2
1 3 0.29303590973198274
3 2 -3495.362355557999
22 3 3
Id
3
1 1 1.0
2 2 1.0
3 3 -0.9570243661748483
Nupdn
1
1 2 1071.295
Ntot
2
1 3 -0.2900075215363044
3 2 3535.2718196067135
23 3 3
Id
3
1 1 1.0
2 2 1.0
3 3 -0.9578529682713326
Nupdn
1
1 2 1071.295
Ntot
2
1 3 0.28725892705675465
3 2 -3572.1887084870255
24 3 3
Id
3
1 1 1.0
2 2 1.0
3 3 -0.9585994029512399
Nupdn
1
1 2 1071.295
Ntot
2
1 3 -0.28475811605909707
3 2 3606.368666842571
25 3 3
Id
3
1 1 1.0
2 2 1.0
3 3 -0.9592738693451361
Nupdn
1
1 2 1071.295
Ntot
2
1 3 0.2824776868915672
3 2 -3638.040622495539
26 3 3
Id
3
1 1 1.0
2 2 1.0
3 3 -0.9598849855071474
Nupdn
1
1 2 1071.295
Ntot
2
1 3 -0.2803940345263129
3 2 3667.41035445381
27 3 3
Id
3
1 1 1.0
2 2 1.0
3 3 -0.9604400836043574
Nupdn
1
1 2 1071.295
Ntot
2
1 3 0.27848670669540937
3 2 -3694.6634601496057
28 3 3
Id
3
1 1 1.0
2 2 1.0
3 3 -0.9609454412454363
Nupdn
1
1 2 1071.295
Ntot
2
1 3 -0.27673788853283815
3 2 3719.967843712417
29 3 3
Id
3
1 1 1.0
2 2 1.0
3 3 -0.9614064645102938
Nupdn
1
1 2 1071.295
Ntot
2
1 3 0.27513198650432796
3 2 -3743.4758185826327
30 3 3
Id
3
1 1 1.0
2 2 1.0
3 3 -0.9618278340544775
Nupdn
1
1 2 1071.295
Ntot
2
1 3 -0.2736552898046594
3 2 3765.32589674737
31 3 3
Id
3
1 1 1.0
2 2 1.0
3 3 -0.9622136227007756
Nupdn
1
1 2 1071.295
Ntot
2
1 3 0.2722956927478836
3 2 -3785.6443211742253
32 3 3
Id
3
1 1 1.0
2 2 1.0
3 3 -0.9625673908092269
Nupdn
1
1 2 1071.295
Ntot
2
1 3 -0.2710424655855915
3 2 3804.5463861504504
33 3 3
Id
3
1 1 1.0
2 2 1.0
3 3 -0.9628922641789113
Nupdn
1
1 2 1071.295
Ntot
2
1 3 0.2698860640796589
3 2 -3822.137581172325
34 3 3
Id
3
1 1 1.0
2 2 1.0
3 3 -0.9631909981073394
Nupdn
1
1 2 1071.295
Ntot
2
1 3 -0.2688179703163225
3 2 3838.5145870389297
35 3 3
Id
3
1 1 1.0
2 2 1.0
3 3 -0.9634660303980076
Nupdn
1
1 2 1071.295
Ntot
2
1 3 0.26783055887838014
3 2 -3853.766147364564
36 3 3
Id
3
1 1 1.0
2 2 1.0
3 3 -0.9637195254817479
Nupdn
1
1 2 1071.295
Ntot
2
1 3 -0.2669169837332098
3 2 3867.973834452238
37 3 3
Id
3
1 1 1.0
2 2 1.0
3 3 -0.9639534113457626
Nupdn
1
1 2 1071.295
Ntot
2
1 3 0.2660710821469833
3 2 -3881.212725091203
38 3 3
Id
3
1 1 1.0
2 2 1.0
3 3 -0.964169410604979
Nupdn
1
1 2 1071.295
Ntot
2
1 3 -0.2652872926727698
3 2 3893.5519991458787
39 3 3
Id
3
1 1 1.0
2 2 1.0
3 3 -0.9643690667746132
Nupdn
1
1 2 1071.295
Ntot
2
1 3 0.264560584835046
3 2 -3905.055471639754
40 3 3
Id
3
1 1 1.0
2 2 1.0
3 3 -0.964553766589547
Nupdn
1
1 2 1071.295
Ntot
2
1 3 -0.26388639858453916
3 2 3915.782067287984
41 3 3
Id
3
1 1 1.0
2 2 1.0
3 3 -0.9647247590499508
Nupdn
1
1 2 1071.295
Ntot
2
1 3 0.2632605919540835
3 2 -3925.7862450095677
42 3 3
Id
3
1 1 1.0
2 2 1.0
3 3 -0.9648831717422917
Nupdn
1
1 2 1071.295
Ntot
2
1 3 -0.2626793956299865
3 2 3935.118378784856
43 3 3
Id
3
1 1 1.0
2 2 1.0
3 3 -0.9650300248819708
Nupdn
1
1 2 1071.295
Ntot
2
1 3 0.26213937338046517
3 2 -3943.8251002661946
44 3 3
Id
3
1 1 1.0
2 2 1.0
3 3 -0.9651662434421604
Nupdn
1
1 2 1071.295
Ntot
2
1 3 -0.26163738746545423
3 2 3951.949607755855
45 3 3
Id
3
1 1 1.0
2 2 1.0
3 3 -0.9652926676681539
Nupdn
1
1 2 1071.295
Ntot
2
1 3 0.26117056829991164
3 2 -3959.531945506376
46 3 3
Id
3
1 1 1.0
2 2 1.0
3 3 -0.9654100622241262
Nupdn
1
1 2 1071.295
Ntot
2
1 3 -0.26073628776295965
3 2 3966.6092567469605
47 3 3
Id
3
1 1 1.0
2 2 1.0
3 3 -0.9655191241769043
Nupdn
1
1 2 1071.295
Ntot
2
1 3 0.2603321356434187
3 2 -3973.216013377119
48 3 3
Id
3
1 1 1.0
2 2 1.0
3 3 -0.9656204899870136
Nupdn
1
1 2 1071.295
Ntot
2
1 3 -0.25995589879292913
3 2 3979.3842248782835
49 3 3
Id
3
1 1 1.0
2 2 1.0
3 3 -0.9657147416492806
Nupdn
1
1 2 1071.295
Ntot
2
1 3 0.2596055426243113
3 2 -3985.1436286641206
50 3 3
Id
3
1 1 1.0
2 2 1.0
3 3 -0.9658024121023607
Nupdn
1
1 2 1071.295
Ntot
2
1 3 -0.25927919464789584
3 2 3990.5218638089254
51 3 3
Id
3
1 1 1.0
2 2 1.0
3 3 -0.965883990007713
Nupdn
1
1 2 1071.295
Ntot
2
1 3 0.25897512978427123
3 2 -3995.5446298540974
52 3 3
Id
3
1 1 1.0
2 2 1.0
3 3 -0.9659599239829726
Nupdn
1
1 2 1071.295
Ntot
2
1 3 -0.25869175723012433
3 2 4000.2358321869024
53 3 3
Id
3
1 1 1.0
2 2 1.0
3 3 -0.9660306263617817
Nupdn
1
1 2 1071.295
Ntot
2
1 3 0.2584276086858059
3 2 -4004.6177153094814
54 3 3
Id
3
1 1 1.0
2 2 1.0
3 3 -0.9660964765413822
Nupdn
1
1 2 1071.295
Ntot
2
1 3 -0.25818132778016045
3 2 4008.71098516339
55 3 3
Id
3
1 1 1.0
2 2 1.0
3 3 -0.9661578239703221
Nupdn
1
1 2 1071.295
Ntot
2
1 3 0.25795166055083374
3 2 -4012.53492154323
56 3 3
Id
3
1 1 1.0
2 2 1.0
3 3 -0.9662149908210904
Nupdn
1
1 2 1071.295
Ntot
2
1 3 -0.2577374468574566
3 2 4016.10748151839
57 3 3
Id
3
1 1 1.0
2 2 1.0
3 3 -0.9662682743861872
Nupdn
1
1 2 1071.295
Ntot
2
1 3 0.25753761262141817
3 2 -4019.4453946819763
58 3 3
Id
3
1 1 1.0
2 2 1.0
3 3 -0.9663179492307894
Nupdn
1
1 2 1071.295
Ntot
2
1 3 -0.2573511627997854
3 2 4022.5642509591953
59 3 3
Id
3
1 1 1.0
2 2 1.0
3 3 -0.9663642691306598
Nupdn
1
1 2 1071.295
Ntot
2
1 3 0.2571771750128025
3 2 -4025.4785816307094
60 3 3
Id
3
1 1 1.0
2 2 1.0
3 3 -0.9664074688201223
Nupdn
1
1 2 1071.295
Ntot
2
1 3 -0.2570147937545308
3 2 4028.2019341596824
61 3 3
Id
3
1 1 1.0
2 2 1.0
3 3 -0.9664477655716452
Nupdn
1
1 2 1071.295
Ntot
2
1 3 0.2568632251249174
3 2 -4030.7469413520193
62 3 3
Id
3
1 1 1.0
2 2 1.0
3 3 -0.9664853606258037
Nupdn
1
1 2 1071.295
Ntot
2
1 3 -0.25672173202907894
3 2 4033.1253853271064
63 3 3
Id
3
1 1 1.0
2 2 1.0
3 3 -0.9665204404880006
Nupdn
1
1 2 1071.295
Ntot
2
1 3 0.2565896297960651
3 2 -4035.3482567301785
64 3 3
Id
3
1 1 1.0
2 2 1.0
3 3 -0.9665531781062775
Nupdn
1
1 2 1071.295
Ntot
2
1 3 -0.2564662821749769
3 2 4037.4258095764326
65 3 3
Id
3
1 1 1.0
2 2 1.0
3 3 -0.9665837339427878
Nupdn
1
1 2 1071.295
Ntot
2
1 3 0.25635109767117853
3 2 -4039.3676120804816
66 3 3
Id
3
1 1 1.0
2 2 1.0
3 3 -0.9666122569499807
Nupdn
1
1 2 1071.295
Ntot
2
1 3 -0.2562435261895697
3 2 4041.1825937922217
67 3 3
Id
3
1 1 1.0
2 2 1.0
3 3 -0.966638885461234
Nupdn
1
1 2 1071.295
Ntot
2
1 3 0.2561430559555786
3 2 -4042.8790893311702
68 3 3
Id
3
1 1 1.0
2 2 1.0
3 3 -0.9666637480045368
Nupdn
1
1 2 1071.295
Ntot
2
1 3 -0.2560492106877542
3 2 4044.4648789852668
69 3 3
Id
3
1 1 1.0
2 2 1.0
3 3 -0.9666869640468179
Nupdn
1
1 2 1071.295
Ntot
2
1 3 0.2559615469986572
3 2 -4045.947226416666
70 3 3
Id
3
1 1 1.0
2 2 1.0
3 3 -0.9667086446756876
Nupdn
1
1 2 1071.295
Ntot
2
1 3 -0.2558796520032312
3 2 4047.3329136963293
71 3 3
Id
3
1 1 1.0
2 2 1.0
3 3 -0.9667288932245619
Nupdn
1
1 2 1071.295
Ntot
2
1 3 0.25580314111600355
3 2 -4048.628273869987
72 3 3
Id
3
1 1 1.0
2 2 1.0
3 3 -0.9667478058465238
Nupdn
1
1 2 1071.295
Ntot
2
1 3 -0.25573165602039166
3 2 4049.8392212412214
73 3 3
Id
3
1 1 1.0
2 2 1.0
3 3 -0.9667654720416798
Nupdn
1
1 2 1071.295
Ntot
2
1 3 0.2556648627950806
3 2 -4050.9712795418995
74 3 3
Id
3
1 1 1.0
2 2 1.0
3 3 -0.9667819751422588
Nupdn
1
1 2 1071.295
Ntot
2
1 3 -0.25560245018393846
3 2 4052.0296081461743
75 3 3
Id
3
1 1 1.0
2 2 1.0
3 3 -0.9667973927592679
Nupdn
1
1 2 1071.295
Ntot
2
1 3 0.2555441279972644
3 2 -4053.019026471733
76 3 3
Id
3
1 1 1.0
2 2 1.0
3 3 -0.9668117971941257
Nupdn
1
1 2 1071.295
Ntot
2
1 3 -0.2554896256333406
3 2 4053.9440367003244
77 3 3
Id
3
1 1 1.0
2 2 1.0
3 3 -0.9668252558183399
Nupdn
1
1 2 1071.295
Ntot
2
1 3 0.2554386907103184
3 2 -4054.808844939282
78 3 3
Id
3
1 1 1.0
2 2 1.0
3 3 -0.9668378314239896
Nupdn
1
1 2 1071.295
Ntot
2
1 3 -0.25539108779939285
3 2 4055.6173809359716
79 3 3
Id
3
1 1 1.0
2 2 1.0
3 3 -0.9668495825475134
Nupdn
1
1 2 1071.295
Ntot
2
1 3 0.2553465972510685
3 2 -4056.373316448816
80 3 3
Id
3
1 1 1.0
2 2 1.0
3 3 -0.9668605637690451
Nupdn
1
1 2 1071.295
Ntot
2
1 3 -0.2553050141070558
3 2 4057.0800823701165
81 3 3
Id
3
1 1 1.0
2 2 1.0
3 3 -0.9668708259893393
Nupdn
1
1 2 1071.295
Ntot
2
1 3 0.2552661470910172
3 2 -4057.7408846889684
82 3 3
Id
3
1 1 1.0
2 2 1.0
3 3 -0.9668804166861225
Nupdn
1
1 2 1071.295
Ntot
2
1 3 -0.25522981767197594
3 2 4058.3587193757994
83 3 3
Id
3
1 1 1.0
2 2 1.0
3 3 -0.9668893801515526
Nupdn
1
1 2 1071.295
Ntot
2
1 3 0.2551958591947492
3 2 -4058.9363862639384
84 3 3
Id
3
1 1 1.0
2 2 1.0
3 3 -0.9668977577122975
Nupdn
1
1 2 1071.295
Ntot
2
1 3 -0.2551641160722466
3 2 4059.476501998077
85 3 3
Id
3
1 1 1.0
2 2 1.0
3 3 -0.9669055879336206
Nupdn
1
1 2 1071.295
Ntot
2
1 3 0.25513444303492183
3 2 -4059.981512114246
86 3 3
Id
3
1 1 1.0
2 2 1.0
3 3 -0.9669129068087285
Nupdn
1
1 2 1071.295
Ntot
2
1 3 -0.25510670443305716
3 2 4060.4537023113594
87 3 3
Id
3
1 1 1.0
2 2 1.0
3 3 -0.9669197479345357
Nupdn
1
1 2 1071.295
Ntot
2
1 3 0.2550807735879238
3 2 -4060.8952089698732
88 3 3
Id
3
1 1 1.0
2 2 1.0
3 3 -0.9669261426748883
Nupdn
1
1 2 1071.295
Ntot
2
1 3 -0.2550565321881829
3 2 4061.308028969142
89 3 3
Id
3
1 1 1.0
2 2 1.0
3 3 -0.9669321203122088
Nupdn
1
1 2 1071.295
Ntot
2
1 3 0.25503386972819114
3 2 -4061.6940288514293
90 3 3
Id
3
1 1 1.0
2 2 1.0
3 3 -0.966937708188444
Nupdn
1
1 2 1071.295
Ntot
2
1 3 -0.2550126829851401
3 2 4062.054953376969
91 3 3
Id
3
1 1 1.0
2 2 1.0
3 3 -0.9669429318361127
Nupdn
1
1 2 1071.295
Ntot
2
1 3 0.2549928755322058
3 2 -4062.3924335114857
92 3 3
Id
3
1 1 1.0
2 2 1.0
3 3 -0.9669478151001987
Nupdn
1
1 2 1071.295
Ntot
2
1 3 -0.2549743572851052
3 2 4062.707993884527
93 3 3
Id
3
1 1 1.0
2 2 1.0
3 3 -0.9669523802515623
Nupdn
1
1 2 1071.295
Ntot
2
1 3 0.25495704407966
3 2 -4063.003059754404
94 3 3
Id
3
1 1 1.0
2 2 1.0
3 3 -0.9669566480924983
Nupdn
1
1 2 1071.295
Ntot
2
1 3 -0.2549408572781548
3 2 4063.2789635128283
95 3 3
Id
3
1 1 1.0
2 2 1.0
3 3 -0.966960638055004
Nupdn
1
1 2 1071.295
Ntot
2
1 3 0.25492572340244396
3 2 -4063.5369507603145
96 3 3
Id
3
1 1 1.0
2 2 1.0
3 3 -0.9669643682923001
Nupdn
1
1 2 1071.295
Ntot
2
1 3 -0.25491157379191814
3 2 4063.7781859810657
97 3 3
Id
3
1 1 1.0
2 2 1.0
3 3 -0.9669678557640775
Nupdn
1
1 2 1071.295
Ntot
2
1 3 0.25489834428458424
3 2 -4064.0037578440515
98 3 3
Id
3
1 1 1.0
2 2 1.0
3 3 -0.9669711163159236
Nupdn
1
1 2 1071.295
Ntot
2
1 3 -0.2548859749196431
3 2 4064.2146841553554
99 3 3
Id
3
1 1 1.0
2 2 1.0
3 3 -0.9669741647533479
Nupdn
1
1 2 1071.295
Ntot
2
1 3 0.2548744096600626
3 2 -4064.4119164850017
100 3 3
Id
3
1 1 1.0
2 2 1.0
3 3 -0.9669770149107806
Nupdn
1
1 2 1071.295
Ntot
2
1 3 -0.2548635961337672
3 2 4064.596344489838
101 3 3
Id
3
1 1 1.0
2 2 1.0
3 3 -0.9669796797159029
Nupdn
1
1 2 1071.295
Ntot
2
1 3 0.2548534853921559
3 2 -4064.768799952748
102 3 3
Id
3
1 1 1.0
2 2 1.0
3 3 -0.9669821712496367
Nupdn
1
1 2 1071.295
Ntot
2
1 3 -0.25484403168475045
3 2 4064.9300605569892
103 3 3
Id
3
1 1 1.0
2 2 1.0
3 3 -0.966984500802095
Nupdn
1
1 2 1071.295
Ntot
2
1 3 0.254835192248879
3 2 -4065.080853413163
104 3 3
Id
3
1 1 1.0
2 2 1.0
3 3 -0.9669866789247734
Nupdn
1
1 2 1071.295
Ntot
2
1 3 -0.25482692711335864
3 2 4065.2218583552126
105 3 3
Id
3
1 1 1.0
2 2 1.0
3 3 -0.966988715479246
Nupdn
1
1 2 1071.295
Ntot
2
1 3 0.25481919891522625
3 2 -4065.353711020706
106 3 3
Id
3
1 1 1.0
2 2 1.0
3 3 -0.9669906196826012
Nupdn
1
1 2 1071.295
Ntot
2
1 3 -0.2548119727286359
3 2 4065.477005729624
107 3 3
Id
3
1 1 1.0
2 2 1.0
3 3 -0.966992400149846
Nupdn
1
1 2 1071.295
Ntot
2
1 3 0.25480521590509064
3 2 -4065.592298174902
108 3 3
Id
3
1 1 1.0
2 2 1.0
3 3 -0.9669940649334858
Nupdn
1
1 2 1071.295
Ntot
2
1 3 -0.2547988979242523
3 2 4065.700107937225
109 3 3
Id
3
1 1 1.0
2 2 1.0
3 3 -0.9669956215604674
Nupdn
1
1 2 1071.295
Ntot
2
1 3 0.2547929902546092
3 2 -4065.800920835503
110 3 3
Id
3
1 1 1.0
2 2 1.0
3 3 -0.9669970770666725
Nupdn
1
1 2 1071.295
Ntot
2
1 3 -0.25478746622334447
3 2 4065.8951911239024
111 3 3
Id
3
1 1 1.0
2 2 1.0
3 3 -0.9669984380291208
Nupdn
1
1 2 1071.295
Ntot
2
1 3 0.25478230089478454
3 2 -4065.9833435455607
112 3 3
Id
3
1 1 1.0
2 2 1.0
3 3 -0.9669997105960417
Nupdn
1
1 2 1071.295
Ntot
2
1 3 -0.2547774709568558
3 2 4066.0657752522147
113 3 3
Id
3
1 1 1.0
2 2 1.0
3 3 -0.9670009005149562
Nupdn
1
1 2 1071.295
Ntot
2
1 3 0.25477295461501337
3 2 -4066.14285759876
114 3 3
Id
3
1 1 1.0
2 2 1.0
3 3 -0.9670020131589043
Nupdn
1
1 2 1071.295
Ntot
2
1 3 -0.2547687314931451
3 2 4066.214937820746
115 3 3
Id
3
1 1 1.0
2 2 1.0
3 3 -0.9670030535509417
Nupdn
1
1 2 1071.295
Ntot
2
1 3 0.25476478254098334
3 2 -4066.2823406025846
116 3 3
Id
3
1 1 1.0
2 2 1.0
3 3 -0.9670040263870217
Nupdn
1
1 2 1071.295
Ntot
2
1 3 -0.25476108994759833
3 2 4066.3453695435496
117 3 3
Id
3
1 1 1.0
2 2 1.0
3 3 -0.96700493605737
Nupdn
1
1 2 1071.295
Ntot
2
1 3 0.25475763706056354
3 2 -4066.4043085283624
118 3 3
Id
3
1 1 1.0
2 2 1.0
3 3 -0.9670057866664545
Nupdn
1
1 2 1071.295
Ntot
2
1 3 -0.25475440831041773
3 2 4066.4594230084485
119 3 3
Id
3
1 1 1.0
2 2 1.0
3 3 -0.9670065820516431
Nupdn
1
1 2 1071.295
Ntot
2
1 3 0.2547513891400776
3 2 -4066.510961199849
120 3 3
Id
3
1 1 1.0
2 2 1.0
3 3 -0.9670073258006313
Nupdn
1
1 2 1071.295
Ntot
2
1 3 -0.2547485659388727
3 2 4066.5591552031174
121 3 3
Id
3
1 1 1.0
2 2 1.0
3 3 -0.9670080212677343
Nupdn
1
1 2 1071.295
Ntot
2
1 3 0.2547459259808901
3 2 -4066.604222050367
122 3 3
Id
3
1 1 1.0
2 2 1.0
3 3 -0.9670086715891046
Nupdn
1
1 2 1071.295
Ntot
2
1 3 -0.2547434573673578
3 2 4066.6463646841953
123 3 3
Id
3
1 1 1.0
2 2 1.0
3 3 -0.9670092796969545
Nupdn
1
1 2 1071.295
Ntot
2
1 3 0.25474114897279043
3 2 -4066.685772872927
124 3 3
Id
3
1 1 1.0
2 2 1.0
3 3 -0.9670098483328462
Nupdn
1
1 2 1071.295
Ntot
2
1 3 -0.2547389903946502
3 2 4066.7226240663203
125 3 3
Id
3
1 1 1.0
2 2 1.0
3 3 -0.9670103800601151
Nupdn
1
1 2 1071.295
Ntot
2
1 3 0.25473697190630035
3 2 -4066.7570841956704
126 3 3
Id
3
1 1 1.0
2 2 1.0
3 3 -0.9670108772754773
Nupdn
1
1 2 1071.295
Ntot
2
1 3 -0.2547350844130272
3 2 4066.7893084218263
127 3 3
Id
3
1 1 1.0
2 2 1.0
3 3 -0.9670113422198781
Nupdn
1
1 2 1071.295
Ntot
2
1 3 0.2547333194109283
3 2 -4066.819441834667
128 3 3
Id
3
1 1 1.0
2 2 1.0
3 3 -0.9670117769886355
Nupdn
1
1 2 1071.295
Ntot
2
1 3 -0.25473166894848637
3 2 4066.847620107013
129 3 3
Id
3
1 1 1.0
2 2 1.0
3 3 -0.9670121835409176
Nupdn
1
1 2 1071.295
Ntot
2
1 3 0.2547301255906462
3 2 -4066.8739701061413
130 3 3
Id
3
1 1 1.0
2 2 1.0
3 3 -0.967012563708602
Nupdn
1
1 2 1071.295
Ntot
2
1 3 -0.2547286823852331
3 2 4066.8986104654805
131 3 3
Id
3
1 1 1.0
2 2 1.0
3 3 -0.9670129192045569
Nupdn
1
1 2 1071.295
Ntot
2
1 3 0.25472733283156124
3 2 -4066.9216521191875
132 3 3
Id
3
1 1 1.0
2 2 1.0
3 3 -0.9670132516303844
Nupdn
1
1 2 1071.295
Ntot
2
1 3 -0.25472607085108284
3 2 4066.943198802016
133 3 3
Id
3
1 1 1.0
2 2 1.0
3 3 -0.9670135624836551
Nupdn
1
1 2 1071.295
Ntot
2
1 3 0.2547248907599539
3 2 -4066.963347516699
134 3 3
Id
3
1 1 1.0
2 2 1.0
3 3 -0.9670138531646735
Nupdn
1
1 2 1071.295
Ntot
2
1 3 -0.2547237872433809
3 2 4066.982188970915
135 3 3
Id
3
1 1 1.0
2 2 1.0
3 3 -0.9670141249828033
Nupdn
1
1 2 1071.295
Ntot
2
1 3 0.2547227553316424
3 2 -4066.999807985986
136 3 3
Id
3
1 1 1.0
2 2 1.0
3 3 -0.9670143791623764
Nupdn
1
1 2 1071.295
Ntot
2
1 3 -0.25472179037766574
3 2 4067.0162838789192
137 3 3
Id
3
1 1 1.0
2 2 1.0
3 3 -0.9670146168482241
Nupdn
1
1 2 1071.295
Ntot
2
1 3 0.2547208880360671
3 2 -4067.031690819688
138 3 3
Id
3
1 1 1.0
2 2 1.0
3 3 -0.9670148391108391
Nupdn
1
1 2 1071.295
Ntot
2
1 3 -0.2547200442435535
3 2 4067.046098165332
139 3 3
Id
3
1 1 1.0
2 2 1.0
3 3 -0.9670150469512102
Nupdn
1
1 2 1071.295
Ntot
2
1 3 0.2547192552005999
3 2 -4067.0595707723214
140 3 3
Id
3
1 1 1.0
2 2 1.0
3 3 -0.9670152413053374
Nupdn
1
1 2 1071.295
Ntot
2
1 3 -0.2547185173543139
3 2 4067.0721692886664
141 3 3
Id
3
1 1 1.0
2 2 1.0
3 3 -0.9670154230484527
Nupdn
1
1 2 1071.295
Ntot
2
1 3 0.25471782738242293
3 2 -4067.083950427012
142 3 3
Id
3
1 1 1.0
2 2 1.0
3 3 -0.9670155929989699
Nupdn
1
1 2 1071.295
Ntot
2
1 3 -0.2547171821782943
3 2 4067.0949672201173
143 3 3
Id
3
1 1 1.0
2 2 1.0
3 3 -0.9670157519221745
Nupdn
1
1 2 1071.295
Ntot
2
1 3 0.25471657883693316
3 2 -4067.1052692595854
144 3 3
Id
3
1 1 1.0
2 2 1.0
3 3 -0.9670159005336745
Nupdn
1
1 2 1071.295
Ntot
2
1 3 -0.2547160146418889
3 2 4067.1149029192425
145 3 3
Id
3
1 1 1.0
2 2 1.0
3 3 -0.9670160395026268
Nupdn
1
1 2 1071.295
Ntot
2
1 3 0.2547154870530143
3 2 -4067.1239115639273
146 3 3
Id
3
1 1 1.0
2 2 1.0
3 3 -0.9670161694547548
Nupdn
1
1 2 1071.295
Ntot
2
1 3 -0.254714993695017
3 2 4067.1323357447814
147 3 3
Id
3
1 1 1.0
2 2 1.0
3 3 -0.9670162909751687
Nupdn
1
1 2 1071.295
Ntot
2
1 3 0.2547145323467587
3 2 -4067.140213381801
148 3 3
Id
3
1 1 1.0
2 2 1.0
3 3 -0.9670164046110006
Nupdn
1
1 2 1071.295
Ntot
2
1 3 -0.2547141009312477
3 2 4067.1475799346003
149 3 3
Id
3
1 1 1.0
2 2 1.0
3 3 -0.9670165108738735
Nupdn
1
1 2 1071.295
Ntot
2
1 3 0.25471369750627804
3 2 -4067.1544685620743
150 3 3
Id
3
1 1 1.0
2 2 1.0
3 3 -0.9670166102422055
Nupdn
1
1 2 1071.295
Ntot
2
1 3 -0.25471332025568333
3 2 4067.160910271669
151 3 3
Id
3
1 1 1.0
2 2 1.0
3 3 -0.9670167031633654
Nupdn
1
1 2 1071.295
Ntot
2
1 3 0.2547129674811544
3 2 -4067.1669340590033
152 3 3
Id
3
1 1 1.0
2 2 1.0
3 3 -0.9670167900556885
Nupdn
1
1 2 1071.295
Ntot
2
1 3 -0.25471263759458984
3 2 4067.1725670383985
153 3 3
Id
3
1 1 1.0
2 2 1.0
3 3 -0.9670168713103615
Nupdn
1
1 2 1071.295
Ntot
2
1 3 0.2547123291109406
3 2 -4067.1778345649695
154 3 3
Id
3
1 1 1.0
2 2 1.0
3 3 -0.9670169472931855
Nupdn
1
1 2 1071.295
Ntot
2
1 3 -0.2547120406415226
3 2 4067.182760348761
155 3 3
Id
3
1 1 1.0
2 2 1.0
3 3 -0.9670170183462228
Nupdn
1
1 2 1071.295
Ntot
2
1 3 0.25471177088776437
3 2 -4067.187366561481
156 3 3
Id
3
1 1 1.0
2 2 1.0
3 3 -0.9670170847893387
Nupdn
1
1 2 1071.295
Ntot
2
1 3 -0.25471151863535474
3 2 4067.19167393634
157 3 3
Id
3
1 1 1.0
2 2 1.0
3 3 -0.9670171469216422
Nupdn
1
1 2 1071.295
Ntot
2
1 3 0.25471128274877697
3 2 -4067.1957018613684
158 3 3
Id
3
1 1 1.0
2 2 1.0
3 3 -0.9670172050228312
Nupdn
1
1 2 1071.295
Ntot
2
1 3 -0.2547110621661948
3 2 4067.199468466699
159 3 3
Id
3
1 1 1.0
2 2 1.0
3 3 -0.9670172593544568
Nupdn
1
1 2 1071.295
Ntot
2
1 3 0.2547108558946701
3 2 -4067.2029907061824
160 3 3
Id
3
1 1 1.0
2 2 1.0
3 3 -0.9670173101610957
Nupdn
1
1 2 1071.295
Ntot
2
1 3 -0.2547106630056914
3 2 4067.2062844337343
161 3 3
Id
3
1 1 1.0
2 2 1.0
3 3 -0.9670173576714562
Nupdn
1
1 2 1071.295
Ntot
2
1 3 0.2547104826309958
3 2 -4067.209364474654
162 3 3
Id
3
1 1 1.0
2 2 1.0
3 3 -0.9670174020994058
Nupdn
1
1 2 1071.295
Ntot
2
1 3 -0.25471031395865407
3 2 4067.2122446924013
163 3 3
Id
3
1 1 1.0
2 2 1.0
3 3 -0.9670174436449344
Nupdn
1
1 2 1071.295
Ntot
2
1 3 0.2547101562294206
3 2 -4067.214938050988
164 3 3
Id
3
1 1 1.0
2 2 1.0
3 3 -0.9670174824950566
Nupdn
1
1 2 1071.295
Ntot
2
1 3 -0.25471000873331057
3 2 4067.21745667335
165 3 3
Id
3
1 1 1.0
2 2 1.0
3 3 -0.967017518824651
Nupdn
1
1 2 1071.295
Ntot
2
1 3 0.25470987080640545
3 2 -4067.2198118958954
166 3 3
Id
3
1 1 1.0
2 2 1.0
3 3 -0.9670175527972504
Nupdn
1
1 2 1071.295
Ntot
2
1 3 -0.25470974182786327
3 2 4067.222014319531
167 3 3
Id
3
1 1 1.0
2 2 1.0
3 3 -0.9670175845657767
Nupdn
1
1 2 1071.295
Ntot
2
1 3 0.25470962121712426
3 2 -4067.224073857428
168 3 3
Id
3
1 1 1.0
2 2 1.0
3 3 -0.9670176142732294
Nupdn
1
1 2 1071.295
Ntot
2
1 3 -0.25470950843129553
3 2 4067.225999779579
169 3 3
Id
3
1 1 1.0
2 2 1.0
3 3 -0.9670176420533296
Nupdn
1
1 2 1071.295
Ntot
2
1 3 0.25470940296270717
3 2 -4067.2278007545747
170 3 3
Id
3
1 1 1.0
2 2 1.0
3 3 -0.9670176680311227
Nupdn
1
1 2 1071.295
Ntot
2
1 3 -0.2547093043366288
3 2 4067.229484888605
171 3 3
Id
3
1 1 1.0
2 2 1.0
3 3 -0.9670176923235407
Nupdn
1
1 2 1071.295
Ntot
2
1 3 0.25470921210913017
3 2 -4067.2310597619453
172 3 3
Id
3
1 1 1.0
2 2 1.0
3 3 -0.9670177150399291
Nupdn
1
1 2 1071.295
Ntot
2
1 3 -0.2547091258650827
3 2 4067.232532463092
173 3 3
Id
3
1 1 1.0
2 2 1.0
3 3 -0.9670177362825381
Nupdn
1
1 2 1071.295
Ntot
2
1 3 0.25470904521629295
3 2 -4067.2339096206347
174 3 3
Id
3
1 1 1.0
2 2 1.0
3 3 -0.9670177561469848
Nupdn
1
1 2 1071.295
Ntot
2
1 3 -0.25470896979975144
3 2 4067.2351974331427
175 3 3
Id
3
1 1 1.0
2 2 1.0
3 3 -0.9670177747226816
Nupdn
1
1 2 1071.295
Ntot
2
1 3 0.25470889927600243
3 2 -4067.236401697016
176 3 3
Id
3
1 1 1.0
2 2 1.0
3 3 -0.967017792093241
Nupdn
1
1 2 1071.295
Ntot
2
1 3 -0.25470883332761257
3 2 4067.237527832623
177 3 3
Id
3
1 1 1.0
2 2 1.0
3 3 -0.9670178083368492
Nupdn
1
1 2 1071.295
Ntot
2
1 3 0.2547087716577436
3 2 -4067.2385809086527
178 3 3
Id
3
1 1 1.0
2 2 1.0
3 3 -0.9670178235266209
Nupdn
1
1 2 1071.295
Ntot
2
1 3 -0.25470871398881606
3 2 4067.2395656649624
179 3 3
Id
3
1 1 1.0
2 2 1.0
3 3 -0.9670178377309271
Nupdn
1
1 2 1071.295
Ntot
2
1 3 0.25470866006125936
3 2 -4067.240486533904
180 3 3
Id
3
1 1 1.0
2 2 1.0
3 3 -0.967017851013702
Nupdn
1
1 2 1071.295
Ntot
2
1 3 -0.2547086096323435
3 2 4067.2413476602655
181 3 3
Id
3
1 1 1.0
2 2 1.0
3 3 -0.9670178634347324
Nupdn
1
1 2 1071.295
Ntot
2
1 3 0.254708562475086
3 2 -4067.2421529199364
182 3 3
Id
3
1 1 1.0
2 2 1.0
3 3 -0.9670178750499265
Nupdn
1
1 2 1071.295
Ntot
2
1 3 -0.25470851837723196
3 2 4067.242905937348
183 3 3
Id
3
1 1 1.0
2 2 1.0
3 3 -0.9670178859115646
Nupdn
1
1 2 1071.295
Ntot
2
1 3 0.2547084771402959
3 2 -4067.243610101805
184 3 3
Id
3
1 1 1.0
2 2 1.0
3 3 -0.9670178960685354
Nupdn
1
1 2 1071.295
Ntot
2
1 3 -0.2547084385786696
3 2 4067.244268582694
185 3 3
Id
3
1 1 1.0
2 2 1.0
3 3 -0.9670179055665553
Nupdn
1
1 2 1071.295
Ntot
2
1 3 0.25470840251878724
3 2 -4067.244884343816
186 3 3
Id
3
1 1 1.0
2 2 1.0
3 3 -0.9670179144483759
Nupdn
1
1 2 1071.295
Ntot
2
1 3 -0.2547083687983439
3 2 4067.245460156669
187 3 3
Id
3
1 1 1.0
2 2 1.0
3 3 -0.9670179227539748
Nupdn
1
1 2 1071.295
Ntot
2
1 3 0.25470833726556324
3 2 -4067.2459986129616
188 3 3
Id
3
1 1 1.0
2 2 1.0
3 3 -0.9670179305207347
Nupdn
1
1 2 1071.295
Ntot
2
1 3 -0.25470830777851644
3 2 4067.2465021362323
189 3 3
Id
3
1 1 1.0
2 2 1.0
3 3 -0.9670179377836143
Nupdn
1
1 2 1071.295
Ntot
2
1 3 0.2547082802044843
3 2 -4067.246972992823
190 3 3
Id
3
1 1 1.0
2 2 1.0
3 3 -0.9670179445753031
Nupdn
1
1 2 1071.295
Ntot
2
1 3 -0.25470825441935635
3 2 4067.247413302018
191 3 3
Id
3
1 1 1.0
2 2 1.0
3 3 -0.9670179509263717
Nupdn
1
1 2 1071.295
Ntot
2
1 3 0.25470823030707407
3 2 -4067.247825045627
192 3 3
Id
3
1 1 1.0
2 2 1.0
3 3 -0.9670179568654051
Nupdn
1
1 2 1071.295
Ntot
2
1 3 -0.2547082077591092
3 2 4067.2482100768757
193 3 3
Id
3
1 1 1.0
2 2 1.0
3 3 -0.9670179624191353
Nupdn
1
1 2 1071.295
Ntot
2
1 3 0.2547081866739737
3 2 -4067.2485701287596
194 3 3
Id
3
1 1 1.0
2 2 1.0
3 3 -0.9670179676125594
Nupdn
1
1 2 1071.295
Ntot
2
1 3 -0.2547081669567641
3 2 4067.2489068218574
195 3 3
Id
3
1 1 1.0
2 2 1.0
3 3 -0.9670179724690531
Nupdn
1
1 2 1071.295
Ntot
2
1 3 0.2547081485187346
3 2 -4067.2492216715927
196 3 3
Id
3
1 1 1.0
2 2 1.0
3 3 -0.9670179770104748
Nupdn
1
1 2 1071.295
Ntot
2
1 3 -0.2547081312768962
3 2 4067.249516095079
197 3 3
Id
3
1 1 1.0
2 2 1.0
3 3 -0.9670179812572659
Nupdn
1
1 2 1071.295
Ntot
2
1 3 0.25470811515364483
3 2 -4067.249791417493
198 3 3
Id
3
1 1 1.0
2 2 1.0
3 3 -0.9670179852285405
Nupdn
1
1 2 1071.295
Ntot
2
1 3 -0.25470810007640926
3 2 4067.25004887805
199 3 3
Id
3
1 1 1.0
2 2 1.0
3 3 -0.9670179889421735
Nupdn
1
1 2 1071.295
Ntot
2
1 3 0.25470808597732864
3 2 -4067.250289635552
200 3 3
Id
3
1 1 1.0
2 2 1.0
3 3 -0.9670179924148796
Nupdn
1
1 2 1071.295
Ntot
2
1 3 -0.25470807279294383
3 2 4067.2505147736324
201 3 3
Id
3
1 1 1.0
2 2 1.0
3 3 -0.9670179956622897
Nupdn
1
1 2 1071.295
Ntot
2
1 3 0.2547080604639119
3 2 -4067.250725305618
202 3 3
Id
3
1 1 1.0
2 2 1.0
3 3 -0.9670179986990197
Nupdn
1
1 2 1071.295
Ntot
2
1 3 -0.25470804893474136
3 2 4067.2509221790983
203 3 3
Id
3
1 1 1.0
2 2 1.0
3 3 -0.9670180015387377
Nupdn
1
1 2 1071.295
Ntot
2
1 3 0.2547080381535403
3 2 -4067.2511062801864
204 3 3
Id
3
1 1 1.0
2 2 1.0
3 3 -0.9670180041942262
Nupdn
1
1 2 1071.295
Ntot
2
1 3 -0.25470802807178233
3 2 4067.251278437508
205 3 3
Id
3
1 1 1.0
2 2 1.0
3 3 -0.9670180066774356
Nupdn
1
1 2 1071.295
Ntot
2
1 3 0.25470801864409115
3 2 -4067.251439425925
206 3 3
Id
3
1 1 1.0
2 2 1.0
3 3 -0.9670180089995446
Nupdn
1
1 2 1071.295
Ntot
2
1 3 -0.25470800982803243
3 2 4067.251589970035
207 3 3
Id
3
1 1 1.0
2 2 1.0
3 3 -0.9670180111710032
Nupdn
1
1 2 1071.295
Ntot
2
1 3 0.25470800158392637
3 2 -4067.251730747419
208 3 3
Id
3
1 1 1.0
2 2 1.0
3 3 -0.9670180132015862
Nupdn
1
1 2 1071.295
Ntot
2
1 3 -0.2547079938746662
3 2 4067.251862391717
209 3 3
Id
3
1 1 1.0
2 2 1.0
3 3 -0.9670180151004324
Nupdn
1
1 2 1071.295
Ntot
2
1 3 0.2547079866655539
3 2 -4067.2519854954376
210 3 3
Id
3
1 1 1.0
2 2 1.0
3 3 -0.9670180168760887
Nupdn
1
1 2 1071.295
Ntot
2
1 3 -0.25470797992414074
3 2 4067.252100612662
211 3 3
Id
3
1 1 1.0
2 2 1.0
3 3 -0.9670180185365473
Nupdn
1
1 2 1071.295
Ntot
2
1 3 0.25470797362008474
3 2 -4067.2522082615355
212 3 3
Id
3
1 1 1.0
2 2 1.0
3 3 -0.9670180200892815
Nupdn
1
1 2 1071.295
Ntot
2
1 3 -0.25470796772501225
3 2 4067.252308926562
213 3 3
Id
3
1 1 1.0
2 2 1.0
3 3 -0.9670180215412802
Nupdn
1
1 2 1071.295
Ntot
2
1 3 0.25470796221238906
3 2 -4067.2524030608297
214 3 3
Id
3
1 1 1.0
2 2 1.0
3 3 -0.967018022899079
Nupdn
1
1 2 1071.295
Ntot
2
1 3 -0.2547079570574034
3 2 4067.252491088032
215 3 3
Id
3
1 1 1.0
2 2 1.0
3 3 -0.9670180241687889
Nupdn
1
1 2 1071.295
Ntot
2
1 3 0.25470795223685416
3 2 -4067.2525734043743
216 3 3
Id
3
1 1 1.0
2 2 1.0
3 3 -0.9670180253561249
Nupdn
1
1 2 1071.295
Ntot
2
1 3 -0.2547079477290433
3 2 4067.252650380343
217 3 3
Id
3
1 1 1.0
2 2 1.0
3 3 -0.9670180264664312
Nupdn
1
1 2 1071.295
Ntot
2
1 3 0.25470794351368214
3 2 -4067.252722362415
218 3 3
Id
3
1 1 1.0
2 2 1.0
3 3 -0.9670180275047049
Nupdn
1
1 2 1071.295
Ntot
2
1 3 -0.2547079395717969
3 2 4067.252789674573
219 3 3
Id
3
1 1 1.0
2 2 1.0
3 3 -0.9670180284756191
Nupdn
1
1 2 1071.295
Ntot
2
1 3 0.2547079358856458
3 2 -4067.2528526197707
220 3 3
Id
3
1 1 1.0
2 2 1.0
3 3 -0.9670180293835444
Nupdn
1
1 2 1071.295
Ntot
2
1 3 -0.25470793243863876
3 2 4067.2529114813315
221 3 3
Id
3
1 1 1.0
2 2 1.0
3 3 -0.9670180302325673
Nupdn
1
1 2 1071.295
Ntot
2
1 3 0.25470792921525987
3 2 -4067.2529665241823
222 3 3
Id
3
1 1 1.0
2 2 1.0
3 3 -0.9670180310265084
Nupdn
1
1 2 1071.295
Ntot
2
1 3 -0.2547079262010014
3 2 4067.2530179960704
223 3 3
Id
3
1 1 1.0
2 2 1.0
3 3 -0.9670180317689419
Nupdn
1
1 2 1071.295
Ntot
2
1 3 0.254707923382296
3 2 -4067.2530661286614
224 3 3
Id
3
1 1 1.0
2 2 1.0
3 3 -0.9670180324632092
Nupdn
1
1 2 1071.295
Ntot
2
1 3 -0.2547079207464578
3 2 4067.253111138592
225 3 3
Id
3
1 1 1.0
2 2 1.0
3 3 -0.967018033112435
Nupdn
1
1 2 1071.295
Ntot
2
1 3 0.25470791828162226
3 2 -4067.2531532284584
226 3 3
Id
3
1 1 1.0
2 2 1.0
3 3 -0.9670180337195413
Nupdn
1
1 2 1071.295
Ntot
2
1 3 -0.25470791597669606
3 2 4067.2531925876924
227 3 3
Id
3
1 1 1.0
2 2 1.0
3 3 -0.9670180342872612
Nupdn
1
1 2 1071.295
Ntot
2
1 3 0.2547079138213049
3 2 -4067.2532293934564
228 3 3
Id
3
1 1 1.0
2 2 1.0
3 3 -0.9670180348181496
Nupdn
1
1 2 1071.295
Ntot
2
1 3 -0.254707911805746
3 2 4067.253263811408
229 3 3
Id
3
1 1 1.0
2 2 1.0
3 3 -0.9670180353145963
Nupdn
1
1 2 1071.295
Ntot
2
1 3 0.2547079099209494
3 2 -4067.253295996456
230 3 3
Id
3
1 1 1.0
2 2 1.0
3 3 -0.9670180357788349
Nupdn
1
1 2 1071.295
Ntot
2
1 3 -0.2547079081584314
3 2 4067.2533260934542
231 3 3
Id
3
1 1 1.0
2 2 1.0
3 3 -0.9670180362129557
Nupdn
1
1 2 1071.295
Ntot
2
1 3 0.25470790651025843
3 2 -4067.2533542378865
232 3 3
Id
3
1 1 1.0
2 2 1.0
3 3 -0.9670180366189125
Nupdn
1
1 2 1071.295
Ntot
2
1 3 -0.25470790496901263
3 2 4067.253380556408
233 3 3
Id
3
1 1 1.0
2 2 1.0
3 3 -0.9670180369985326
Nupdn
1
1 2 1071.295
Ntot
2
1 3 0.2547079035277566
3 2 -4067.2534051674947
234 3 3
Id
3
1 1 1.0
2 2 1.0
3 3 -0.9670180373535238
Nupdn
1
1 2 1071.295
Ntot
2
1 3 -0.25470790218000416
3 2 4067.2534281819044
235 3 3
Id
3
1 1 1.0
2 2 1.0
3 3 -0.9670180376854849
Nupdn
1
1 2 1071.295
Ntot
2
1 3 0.2547079009196881
3 2 -4067.253449703234
236 3 3
Id
3
1 1 1.0
2 2 1.0
3 3 -0.9670180379959097
Nupdn
1
1 2 1071.295
Ntot
2
1 3 -0.25470789974113683
3 2 4067.253469828341
237 3 3
Id
3
1 1 1.0
2 2 1.0
3 3 -0.9670180382861955
Nupdn
1
1 2 1071.295
Ntot
2
1 3 0.2547078986390456
3 2 -4067.2534886478043
238 3 3
Id
3
1 1 1.0
2 2 1.0
3 3 -0.9670180385576483
Nupdn
1
1 2 1071.295
Ntot
2
1 3 -0.25470789760845375
3 2 4067.2535062463385
239 3 3
Id
3
1 1 1.0
2 2 1.0
3 3 -0.9670180388114906
Nupdn
1
1 2 1071.295
Ntot
2
1 3 0.25470789664472215
3 2 -4067.2535227031503
240 3 3
Id
3
1 1 1.0
2 2 1.0
3 3 -0.9670180390488643
Nupdn
1
1 2 1071.295
Ntot
2
1 3 -0.25470789574351393
3 2 4067.2535380923055
241 3 3
Id
3
1 1 1.0
2 2 1.0
3 3 -0.9670180392708387
Nupdn
1
1 2 1071.295
Ntot
2
1 3 0.2547078949007727
3 2 -4067.2535524830746
242 3 3
Id
3
1 1 1.0
2 2 1.0
3 3 -0.9670180394784118
Nupdn
1
1 2 1071.295
Ntot
2
1 3 -0.2547078941127049
3 2 4067.253565940222
243 3 3
Id
3
1 1 1.0
2 2 1.0
3 3 -0.9670180396725183
Nupdn
1
1 2 1071.295
Ntot
2
1 3 0.2547078933757638
3 2 -4067.2535785243226
244 3 3
Id
3
1 1 1.0
2 2 1.0
3 3 -0.967018039854032
Nupdn
1
1 2 1071.295
Ntot
2
1 3 -0.25470789268663363
3 2 4067.2535902920204
245 3 3
Id
3
1 1 1.0
2 2 1.0
3 3 -0.9670180400237696
Nupdn
1
1 2 1071.295
Ntot
2
1 3 0.25470789204221156
3 2 -4067.2536012962746
246 3 3
Id
3
1 1 1.0
2 2 1.0
3 3 -0.9670180401824955
Nupdn
1
1 2 1071.295
Ntot
2
1 3 -0.2547078914395961
3 2 4067.253611586611
247 3 3
Id
3
1 1 1.0
2 2 1.0
3 3 -0.9670180403309241
Nupdn
1
1 2 1071.295
Ntot
2
1 3 0.25470789087607615
3 2 -4067.253621209353
248 3 3
Id
3
1 1 1.0
2 2 1.0
3 3 -0.9670180404697231
Nupdn
1
1 2 1071.295
Ntot
2
1 3 -0.2547078903491157
3 2 4067.25363020781
249 3 3
Id
3
1 1 1.0
2 2 1.0
3 3 -0.9670180405995172
Nupdn
1
1 2 1071.295
Ntot
2
1 3 0.2547078898563416
3 2 -4067.2536386224842
250 3 3
Id
3
1 1 1.0
2 2 1.0
3 3 -0.967018040720891
Nupdn
1
1 2 1071.295
Ntot
2
1 3 -0.2547078893955371
3 2 4067.2536464912423
251 3 3
Id
3
1 1 1.0
2 2 1.0
3 3 -0.9670180408343905
Nupdn
1
1 2 1071.295
Ntot
2
1 3 0.2547078889646281
3 2 -4067.253653849508
252 3 3
Id
3
1 1 1.0
2 2 1.0
3 3 -0.9670180409405265
Nupdn
1
1 2 1071.295
Ntot
2
1 3 -0.25470788856167437
3 2 4067.2536607304023
253 3 3
Id
3
1 1 1.0
2 2 1.0
3 3 -0.9670180410397768
Nupdn
1
1 2 1071.295
Ntot
2
1 3 0.254707888184863
3 2 -4067.2536671648836
254 3 3
Id
3
1 1 1.0
2 2 1.0
3 3 -0.9670180411325882
Nupdn
1
1 2 1071.295
Ntot
2
1 3 -0.2547078878324974
3 2 4067.253673181925
255 3 3
Id
3
1 1 1.0
2 2 1.0
3 3 -0.9670180412193781
Nupdn
1
1 2 1071.295
Ntot
2
1 3 0.25470788750299256
3 2 -4067.253678808602
256 3 3
Id
3
1 1 1.0
2 2 1.0
3 3 -0.9670180413005376
Nupdn
1
1 2 1071.295
Ntot
2
1 3 -0.25470788719486426
3 2 4067.253684070246
257 3 3
Id
3
1 1 1.0
2 2 1.0
3 3 -0.9670180413764318
Nupdn
1
1 2 1071.295
Ntot
2
1 3 0.2547078869067261
3 2 -4067.2536889905323
258 3 3
Id
3
1 1 1.0
2 2 1.0
3 3 -0.9670180414474026
Nupdn
1
1 2 1071.295
Ntot
2
1 3 -0.254707886637281
3 2 4067.2536935916137
259 3 3
Id
3
1 1 1.0
2 2 1.0
3 3 -0.9670180415137684
Nupdn
1
1 2 1071.295
Ntot
2
1 3 0.25470788638531683
3 2 -4067.2536978941876
260 3 3
Id
3
1 1 1.0
2 2 1.0
3 3 -0.9670180415758287
Nupdn
1
1 2 1071.295
Ntot
2
1 3 -0.2547078861496995
3 2 4067.253701917633
261 3 3
Id
3
1 1 1.0
2 2 1.0
3 3 -0.9670180416338636
Nupdn
1
1 2 1071.295
Ntot
2
1 3 0.254707885929367
3 2 -4067.253705680047
262 3 3
Id
3
1 1 1.0
2 2 1.0
3 3 -0.9670180416881329
Nupdn
1
1 2 1071.295
Ntot
2
1 3 -0.2547078857233297
3 2 4067.2537091983754
263 3 3
Id
3
1 1 1.0
2 2 1.0
3 3 -0.9670180417388812
Nupdn
1
1 2 1071.295
Ntot
2
1 3 0.2547078855306595
3 2 -4067.2537124884507
264 3 3
Id
3
1 1 1.0
2 2 1.0
3 3 -0.9670180417863377
Nupdn
1
1 2 1071.295
Ntot
2
1 3 -0.25470788535048816
3 2 4067.2537155650707
265 3 3
Id
3
1 1 1.0
2 2 1.0
3 3 -0.9670180418307146
Nupdn
1
1 2 1071.295
Ntot
2
1 3 0.2547078851820056
3 2 -4067.253718442098
266 3 3
Id
3
1 1 1.0
2 2 1.0
3 3 -0.9670180418722132
Nupdn
1
1 2 1071.295
Ntot
2
1 3 -0.25470788502445413
3 2 4067.2537211324716
267 3 3
Id
3
1 1 1.0
2 2 1.0
3 3 -0.9670180419110193
Nupdn
1
1 2 1071.295
Ntot
2
1 3 0.25470788487712365
3 2 -4067.253723648305
268 3 3
Id
3
1 1 1.0
2 2 1.0
3 3 -0.967018041947308
Nupdn
1
1 2 1071.295
Ntot
2
1 3 -0.2547078847393513
3 2 4067.2537260009212
269 3 3
Id
3
1 1 1.0
2 2 1.0
3 3 -0.967018041981242
Nupdn
1
1 2 1071.295
Ntot
2
1 3 0.2547078846105177
3 2 -4067.253728200907
270 3 3
Id
3
1 1 1.0
2 2 1.0
3 3 -0.9670180420129746
Nupdn
1
1 2 1071.295
Ntot
2
1 3 -0.2547078844900419
3 2 4067.2537302581704
271 3 3
Id
3
1 1 1.0
2 2 1.0
3 3 -0.9670180420426486
Nupdn
1
1 2 1071.295
Ntot
2
1 3 0.2547078843773829
3 2 -4067.253732181962
272 3 3
Id
3
1 1 1.0
2 2 1.0
3 3 -0.967018042070398
Nupdn
1
1 2 1071.295
Ntot
2
1 3 -0.25470788427203034
3 2 4067.253733980949
273 3 3
Id
3
1 1 1.0
2 2 1.0
3 3 -0.9670180420963466
Nupdn
1
1 2 1071.295
Ntot
2
1 3 0.25470788417351503
3 2 -4067.253735663223
274 3 3
Id
3
1 1 1.0
2 2 1.0
3 3 -0.9670180421206114
Nupdn
1
1 2 1071.295
Ntot
2
1 3 -0.25470788408139056
3 2 4067.253737236358
275 3 3
Id
3
1 1 1.0
2 2 1.0
3 3 -0.9670180421433026
Nupdn
1
1 2 1071.295
Ntot
2
1 3 0.2547078839952425
3 2 -4067.2537387074362
276 3 3
Id
3
1 1 1.0
2 2 1.0
3 3 -0.9670180421645214
Nupdn
1
1 2 1071.295
Ntot
2
1 3 -0.25470788391468363
3 2 4067.2537400830715
277 3 3
Id
3
1 1 1.0
2 2 1.0
3 3 -0.9670180421843637
Nupdn
1
1 2 1071.295
Ntot
2
1 3 0.2547078838393508
3 2 -4067.253741369467
278 3 3
Id
3
1 1 1.0
2 2 1.0
3 3 -0.9670180422029189
Nupdn
1
1 2 1071.295
Ntot
2
1 3 -0.2547078837689051
3 2 4067.2537425724026
279 3 3
Id
3
1 1 1.0
2 2 1.0
3 3 -0.9670180422202701
Nupdn
1
1 2 1071.295
Ntot
2
1 3 0.2547078837030297
3 2 -4067.2537436972966
280 3 3
Id
3
1 1 1.0
2 2 1.0
3 3 -0.9670180422364958
Nupdn
1
1 2 1071.295
Ntot
2
1 3 -0.2547078836414281
3 2 4067.25374474921
281 3 3
Id
3
1 1 1.0
2 2 1.0
3 3 -0.9670180422516685
Nupdn
1
1 2 1071.295
Ntot
2
1 3 0.25470788358382335
3 2 -4067.253745732885
282 3 3
Id
3
1 1 1.0
2 2 1.0
3 3 -0.9670180422658567
Nupdn
1
1 2 1071.295
Ntot
2
1 3 -0.2547078835299557
3 2 4067.2537466527383
283 3 3
Id
3
1 1 1.0
2 2 1.0
3 3 -0.9670180422791248
Nupdn
1
1 2 1071.295
Ntot
2
1 3 0.25470788347958273
3 2 -4067.2537475129184
284 3 3
Id
3
1 1 1.0
2 2 1.0
3 3 -0.967018042291532
Nupdn
1
1 2 1071.295
Ntot
2
1 3 -0.25470788343247797
3 2 4067.253748317288
285 3 3
Id
3
1 1 1.0
2 2 1.0
3 3 -0.9670180423031343
Nupdn
1
1 2 1071.295
Ntot
2
1 3 0.254707883388429
3 2 -4067.2537490694785
286 3 3
Id
3
1 1 1.0
2 2 1.0
3 3 -0.967018042313984
Nupdn
1
1 2 1071.295
Ntot
2
1 3 -0.25470788334723665
3 2 4067.2537497728695
287 3 3
Id
3
1 1 1.0
2 2 1.0
3 3 -0.9670180423241299
Nupdn
1
1 2 1071.295
Ntot
2
1 3 0.2547078833087179
3 2 -4067.2537504306233
288 3 3
Id
3
1 1 1.0
2 2 1.0
3 3 -0.9670180423336172
Nupdn
1
1 2 1071.295
Ntot
2
1 3 -0.2547078832726976
3 2 4067.2537510457096
289 3 3
Id
3
1 1 1.0
2 2 1.0
3 3 -0.9670180423424892
Nupdn
1
1 2 1071.295
Ntot
2
1 3 0.2547078832390147
3 2 -4067.253751620887
290 3 3
Id
3
1 1 1.0
2 2 1.0
3 3 -0.9670180423507857
Nupdn
1
1 2 1071.295
Ntot
2
1 3 -0.2547078832075169
3 2 4067.2537521587496
291 3 3
Id
3
1 1 1.0
2 2 1.0
3 3 -0.9670180423585439
Nupdn
1
1 2 1071.295
Ntot
2
1 3 0.25470788317806237
3 2 -4067.2537526617207
292 3 3
Id
3
1 1 1.0
2 2 1.0
3 3 -0.9670180423657988
Nupdn
1
1 2 1071.295
Ntot
2
1 3 -0.2547078831505186
3 2 4067.253753132059
293 3 3
Id
3
1 1 1.0
2 2 1.0
3 3 -0.9670180423725829
Nupdn
1
1 2 1071.295
Ntot
2
1 3 0.2547078831247618
3 2 -4067.2537535718866
294 3 3
Id
3
1 1 1.0
2 2 1.0
3 3 -0.9670180423789272
Nupdn
1
1 2 1071.295
Ntot
2
1 3 -0.25470788310067605
3 2 4067.2537539831765
295 3 3
Id
3
1 1 1.0
2 2 1.0
3 3 -0.9670180423848596
Nupdn
1
1 2 1071.295
Ntot
2
1 3 0.25470788307815334
3 2 -4067.2537543677854
296 3 3
Id
3
1 1 1.0
2 2 1.0
3 3 -0.9670180423904076
Nupdn
1
1 2 1071.295
Ntot
2
1 3 -0.25470788305709047
3 2 4067.25375472744
297 3 3
Id
3
1 1 1.0
2 2 1.0
3 3 -0.9670180423955947
Nupdn
1
1 2 1071.295
Ntot
2
1 3 0.25470788303739444
3 2 -4067.2537550637658
298 3 3
Id
3
1 1 1.0
2 2 1.0
3 3 -0.967018042400446
Nupdn
1
1 2 1071.295
Ntot
2
1 3 -0.2547078830189777
3 2 4067.253755378268
299 3 3
Id
3
1 1 1.0
2 2 1.0
3 3 -0.9670180424049823
Nupdn
1
1 2 1071.295
Ntot
2
1 3 0.25470788300175506
3 2 -4067.2537556723696
300 3 3
Id
3
1 1 1.0
2 2 1.0
3 3 -0.9670180424092247
Nupdn
1
1 2 1071.295
Ntot
2
1 3 -0.25470788298564967
3 2 4067.253755947385
301 3 3
Id
3
1 1 1.0
2 2 1.0
3 3 -0.9670180424131916
Nupdn
1
1 2 1071.295
Ntot
2
1 3 0.2547078829705886
3 2 -4067.2537562045636
302 3 3
Id
3
1 1 1.0
2 2 1.0
3 3 -0.9670180424169008
Nupdn
1
1 2 1071.295
Ntot
2
1 3 -0.254707882956505
3 2 4067.2537564450586
303 3 3
Id
3
1 1 1.0
2 2 1.0
3 3 -0.9670180424203698
Nupdn
1
1 2 1071.295
Ntot
2
1 3 0.25470788294333546
3 2 -4067.2537566699493
304 3 3
Id
3
1 1 1.0
2 2 1.0
3 3 -0.9670180424236134
Nupdn
1
1 2 1071.295
Ntot
2
1 3 -0.2547078829310199
3 2 4067.253756880251
305 3 3
Id
3
1 1 1.0
2 2 1.0
3 3 -0.9670180424266472
Nupdn
1
1 2 1071.295
Ntot
2
1 3 0.25470788291950314
3 2 -4067.2537570769055
306 3 3
Id
3
1 1 1.0
2 2 1.0
3 3 -0.9670180424294839
Nupdn
1
1 2 1071.295
Ntot
2
1 3 -0.2547078829087337
3 2 4067.253757260807
307 3 3
Id
3
1 1 1.0
2 2 1.0
3 3 -0.9670180424321362
Nupdn
1
1 2 1071.295
Ntot
2
1 3 0.25470788289866364
3 2 -4067.2537574327744
308 3 3
Id
3
1 1 1.0
2 2 1.0
3 3 -0.9670180424346166
Nupdn
1
1 2 1071.295
Ntot
2
1 3 -0.2547078828892463
3 2 4067.253757593583
309 3 3
Id
3
1 1 1.0
2 2 1.0
3 3 -0.9670180424369363
Nupdn
1
1 2 1071.295
Ntot
2
1 3 0.2547078828804397
3 2 -4067.2537577439643
310 3 3
Id
3
1 1 1.0
2 2 1.0
3 3 -0.9670180424391055
Nupdn
1
1 2 1071.295
Ntot
2
1 3 -0.2547078828722045
3 2 4067.2537578845872
311 3 3
Id
3
1 1 1.0
2 2 1.0
3 3 -0.9670180424411339
Nupdn
1
1 2 1071.295
Ntot
2
1 3 0.25470788286450374
3 2 -4067.2537580160847
312 3 3
Id
3
1 1 1.0
2 2 1.0
3 3 -0.9670180424430304
Nupdn
1
1 2 1071.295
Ntot
2
1 3 -0.2547078828573026
3 2 4067.2537581390525
313 3 3
Id
3
1 1 1.0
2 2 1.0
3 3 -0.9670180424448038
Nupdn
1
1 2 1071.295
Ntot
2
1 3 0.254707882850569
3 2 -4067.2537582540435
314 3 3
Id
3
1 1 1.0
2 2 1.0
3 3 -0.9670180424464627
Nupdn
1
1 2 1071.295
Ntot
2
1 3 -0.25470788284427187
3 2 4067.2537583615767
315 3 3
Id
3
1 1 1.0
2 2 1.0
3 3 -0.9670180424480135
Nupdn
1
1 2 1071.295
Ntot
2
1 3 0.25470788283838325
3 2 -4067.2537584621296
316 3 3
Id
3
1 1 1.0
2 2 1.0
3 3 -0.9670180424494639
Nupdn
1
1 2 1071.295
Ntot
2
1 3 -0.25470788283287654
3 2 4067.2537585561618
317 3 3
Id
3
1 1 1.0
2 2 1.0
3 3 -0.9670180424508203
Nupdn
1
1 2 1071.295
Ntot
2
1 3 0.2547078828277275
3 2 -4067.25375864409
318 3 3
Id
3
1 1 1.0
2 2 1.0
3 3 -0.9670180424520887
Nupdn
1
1 2 1071.295
Ntot
2
1 3 -0.25470788282291135
3 2 4067.2537587263178
319 3 3
Id
3
1 1 1.0
2 2 1.0
3 3 -0.967018042453275
Nupdn
1
1 2 1071.295
Ntot
2
1 3 0.25470788281840895
3 2 -4067.2537588032114
320 3 3
Id
3
1 1 1.0
2 2 1.0
3 3 -0.9670180424543839
Nupdn
1
1 2 1071.295
Ntot
2
1 3 -0.2547078828141984
3 2 4067.253758875114
321 3 3
Id
3
1 1 1.0
2 2 1.0
3 3 -0.9670180424554213
Nupdn
1
1 2 1071.295
Ntot
2
1 3 0.25470788281026063
3 2 -4067.2537589423487
322 3 3
Id
3
1 1 1.0
2 2 1.0
3 3 -0.9670180424563906
Nupdn
1
1 2 1071.295
Ntot
2
1 3 -0.25470788280657863
3 2 4067.253759005225
323 3 3
Id
3
1 1 1.0
2 2 1.0
3 3 -0.9670180424572976
Nupdn
1
1 2 1071.295
Ntot
2
1 3 0.2547078828031354
3 2 -4067.2537590640245
324 3 3
Id
3
1 1 1.0
2 2 1.0
3 3 -0.967018042458146
Nupdn
1
1 2 1071.295
Ntot
2
1 3 -0.254707882799916
3 2 4067.2537591190044
325 3 3
Id
3
1 1 1.0
2 2 1.0
3 3 -0.967018042458939
Nupdn
1
1 2 1071.295
Ntot
2
1 3 0.25470788279690487
3 2 -4067.2537591704163
326 3 3
Id
3
1 1 1.0
2 2 1.0
3 3 -0.9670180424596804
Nupdn
1
1 2 1071.295
Ntot
2
1 3 -0.2547078827940891
3 2 4067.2537592184985
327 3 3
Id
3
1 1 1.0
2 2 1.0
3 3 -0.9670180424603745
Nupdn
1
1 2 1071.295
Ntot
2
1 3 0.25470788279145573
3 2 -4067.2537592634617
328 3 3
Id
3
1 1 1.0
2 2 1.0
3 3 -0.9670180424610224
Nupdn
1
1 2 1071.295
Ntot
2
1 3 -0.2547078827889939
3 2 4067.253759305503
329 3 3
Id
3
1 1 1.0
2 2 1.0
3 3 -0.967018042461629
Nupdn
1
1 2 1071.295
Ntot
2
1 3 0.2547078827866912
3 2 -4067.253759344822
330 3 3
Id
3
1 1 1.0
2 2 1.0
3 3 -0.9670180424621964
Nupdn
1
1 2 1071.295
Ntot
2
1 3 -0.2547078827845387
3 2 4067.2537593815864
331 3 3
Id
3
1 1 1.0
2 2 1.0
3 3 -0.9670180424627264
Nupdn
1
1 2 1071.295
Ntot
2
1 3 0.25470788278252565
3 2 -4067.2537594159685
332 3 3
Id
3
1 1 1.0
2 2 1.0
3 3 -0.9670180424632222
Nupdn
1
1 2 1071.295
Ntot
2
1 3 -0.25470788278064227
3 2 4067.2537594481164
333 3 3
Id
3
1 1 1.0
2 2 1.0
3 3 -0.9670180424636863
Nupdn
1
1 2 1071.295
Ntot
2
1 3 0.25470788277888173
3 2 -4067.253759478179
334 3 3
Id
3
1 1 1.0
2 2 1.0
3 3 -0.9670180424641199
Nupdn
1
1 2 1071.295
Ntot
2
1 3 -0.2547078827772349
3 2 4067.253759506291
335 3 3
Id
3
1 1 1.0
2 2 1.0
3 3 -0.9670180424645254
Nupdn
1
1 2 1071.295
Ntot
2
1 3 0.25470788277569567
3 2 -4067.253759532582
336 3 3
Id
3
1 1 1.0
2 2 1.0
3 3 -0.9670180424649044
Nupdn
1
1 2 1071.295
Ntot
2
1 3 -0.2547078827742562
3 2 4067.253759557167
337 3 3
Id
3
1 1 1.0
2 2 1.0
3 3 -0.967018042465259
Nupdn
1
1 2 1071.295
Ntot
2
1 3 0.2547078827729102
3 2 -4067.2537595801555
338 3 3
Id
3
1 1 1.0
2 2 1.0
3 3 -0.9670180424655905
Nupdn
1
1 2 1071.295
Ntot
2
1 3 -0.25470788277165163
3 2 4067.25375960165
339 3 3
Id
3
1 1 1.0
2 2 1.0
3 3 -0.9670180424659007
Nupdn
1
1 2 1071.295
Ntot
2
1 3 0.2547078827704737
3 2 -4067.253759621758
340 3 3
Id
3
1 1 1.0
2 2 1.0
3 3 -0.9670180424661907
Nupdn
1
1 2 1071.295
Ntot
2
1 3 -0.25470788276937273
3 2 4067.2537596405546
341 3 3
Id
3
1 1 1.0
2 2 1.0
3 3 -0.9670180424664618
Nupdn
1
1 2 1071.295
Ntot
2
1 3 0.25470788276834344
3 2 -4067.2537596581356
342 3 3
Id
3
1 1 1.0
2 2 1.0
3 3 -0.9670180424667154
Nupdn
1
1 2 1071.295
Ntot
2
1 3 -0.2547078827673809
3 2 4067.2537596745747
343 3 3
Id
3
1 1 1.0
2 2 1.0
3 3 -0.9670180424669526
Nupdn
1
1 2 1071.295
Ntot
2
1 3 0.25470788276648043
3 2 -4067.253759689947
344 3 3
Id
3
1 1 1.0
2 2 1.0
3 3 -0.9670180424671744
Nupdn
1
1 2 1071.295
Ntot
2
1 3 -0.25470788276563827
3 2 4067.253759704319
345 3 3
Id
3
1 1 1.0
2 2 1.0
3 3 -0.9670180424673813
Nupdn
1
1 2 1071.295
Ntot
2
1 3 0.2547078827648516
3 2 -4067.253759717765
346 3 3
Id
3
1 1 1.0
2 2 1.0
3 3 -0.9670180424675756
Nupdn
1
1 2 1071.295
Ntot
2
1 3 -0.2547078827641153
3 2 4067.253759730335
347 3 3
Id
3
1 1 1.0
2 2 1.0
3 3 -0.967018042467757
Nupdn
1
1 2 1071.295
Ntot
2
1 3 0.2547078827634269
3 2 -4067.2537597420906
348 3 3
Id
3
1 1 1.0
2 2 1.0
3 3 -0.9670180424679264
Nupdn
1
1 2 1071.295
Ntot
2
1 3 -0.2547078827627835
3 2 4067.2537597530836
349 3 3
Id
3
1 1 1.0
2 2 1.0
3 3 -0.9670180424680848
Nupdn
1
1 2 1071.295
Ntot
2
1 3 0.25470788276218176
3 2 -4067.2537597633604
350 3 3
Id
3
1 1 1.0
2 2 1.0
3 3 -0.9670180424682331
Nupdn
1
1 2 1071.295
Ntot
2
1 3 -0.254707882761618
3 2 4067.2537597729743
351 3 3
Id
3
1 1 1.0
2 2 1.0
3 3 -0.9670180424683716
Nupdn
1
1 2 1071.295
Ntot
2
1 3 0.2547078827610919
3 2 -4067.25375978196
352 3 3
Id
3
1 1 1.0
2 2 1.0
3 3 -0.9670180424685018
Nupdn
1
1 2 1071.295
Ntot
2
1 3 -0.2547078827606
3 2 4067.253759790368
353 3 3
Id
3
1 1 1.0
2 2 1.0
3 3 -0.9670180424686228
Nupdn
1
1 2 1071.295
Ntot
2
1 3 0.2547078827601392
3 2 -4067.253759798227
354 3 3
Id
3
1 1 1.0
2 2 1.0
3 3 -0.9670180424687362
Nupdn
1
1 2 1071.295
Ntot
2
1 3 -0.2547078827597089
3 2 4067.2537598055787
355 3 3
Id
3
1 1 1.0
2 2 1.0
3 3 -0.9670180424688422
Nupdn
1
1 2 1071.295
Ntot
2
1 3 0.2547078827593066
3 2 -4067.253759812452
356 3 3
Id
3
1 1 1.0
2 2 1.0
3 3 -0.9670180424689414
Nupdn
1
1 2 1071.295
Ntot
2
1 3 -0.25470788275892986
3 2 4067.2537598188806
357 3 3
Id
3
1 1 1.0
2 2 1.0
3 3 -0.967018042469034
Nupdn
1
1 2 1071.295
Ntot
2
1 3 0.25470788275857825
3 2 -4067.253759824891
358 3 3
Id
3
1 1 1.0
2 2 1.0
3 3 -0.9670180424691206
Nupdn
1
1 2 1071.295
Ntot
2
1 3 -0.254707882758249
3 2 4067.253759830508
359 3 3
Id
3
1 1 1.0
2 2 1.0
3 3 -0.9670180424692019
Nupdn
1
1 2 1071.295
Ntot
2
1 3 0.2547078827579412
3 2 -4067.2537598357626
360 3 3
Id
3
1 1 1.0
2 2 1.0
3 3 -0.9670180424692776
Nupdn
1
1 2 1071.295
Ntot
2
1 3 -0.2547078827576532
3 2 4067.253759840679
361 3 3
Id
3
1 1 1.0
2 2 1.0
3 3 -0.9670180424693484
Nupdn
1
1 2 1071.295
Ntot
2
1 3 0.25470788275738426
3 2 -4067.2537598452755
362 3 3
Id
3
1 1 1.0
2 2 1.0
3 3 -0.9670180424694148
Nupdn
1
1 2 1071.295
Ntot
2
1 3 -0.2547078827571325
3 2 4067.25375984957
363 3 3
Id
3
1 1 1.0
2 2 1.0
3 3 -0.9670180424694768
Nupdn
1
1 2 1071.295
Ntot
2
1 3 0.2547078827568966
3 2 -4067.253759853595
364 3 3
Id
3
1 1 1.0
2 2 1.0
3 3 -0.9670180424695347
Nupdn
1
1 2 1071.295
Ntot
2
1 3 -0.25470788275667694
3 2 4067.25375985735
365 3 3
Id
3
1 1 1.0
2 2 1.0
3 3 -0.9670180424695891
Nupdn
1
1 2 1071.295
Ntot
2
1 3 0.2547078827564716
3 2 -4067.2537598608633
366 3 3
Id
3
1 1 1.0
2 2 1.0
3 3 -0.9670180424696395
Nupdn
1
1 2 1071.295
Ntot
2
1 3 -0.2547078827562787
3 2 4067.25375986415
367 3 3
Id
3
1 1 1.0
2 2 1.0
3 3 -0.9670180424696868
Nupdn
1
1 2 1071.295
Ntot
2
1 3 0.25470788275609907
3 2 -4067.2537598672216
368 3 3
Id
3
1 1 1.0
2 2 1.0
3 3 -0.9670180424697312
Nupdn
1
1 2 1071.295
Ntot
2
1 3 -0.2547078827559308
3 2 4067.2537598700997
369 3 3
Id
3
1 1 1.0
2 2 1.0
3 3 -0.9670180424697727
Nupdn
1
1 2 1071.295
Ntot
2
1 3 0.2547078827557735
3 2 -4067.2537598727854
370 3 3
Id
3
1 1 1.0
2 2 1.0
3 3 -0.9670180424698116
Nupdn
1
1 2 1071.295
Ntot
2
1 3 -0.2547078827556264
3 2 4067.2537598752965
371 3 3
Id
3
1 1 1.0
2 2 1.0
3 3 -0.9670180424698476
Nupdn
1
1 2 1071.295
Ntot
2
1 3 0.25470788275548845
3 2 -4067.2537598776435
372 3 3
Id
3
1 1 1.0
2 2 1.0
3 3 -0.9670180424698815
Nupdn
1
1 2 1071.295
Ntot
2
1 3 -0.2547078827553594
3 2 4067.2537598798444
373 3 3
Id
3
1 1 1.0
2 2 1.0
3 3 -0.9670180424699137
Nupdn
1
1 2 1071.295
Ntot
2
1 3 0.2547078827552393
3 2 -4067.253759881902
374 3 3
Id
3
1 1 1.0
2 2 1.0
3 3 -0.9670180424699433
Nupdn
1
1 2 1071.295
Ntot
2
1 3 -0.2547078827551265
3 2 4067.2537598838226
375 3 3
Id
3
1 1 1.0
2 2 1.0
3 3 -0.9670180424699706
Nupdn
1
1 2 1071.295
Ntot
2
1 3 0.2547078827550217
3 2 -4067.253759885624
376 3 3
Id
3
1 1 1.0
2 2 1.0
3 3 -0.9670180424699968
Nupdn
1
1 2 1071.295
Ntot
2
1 3 -0.25470788275492284
3 2 4067.253759887303
377 3 3
Id
3
1 1 1.0
2 2 1.0
3 3 -0.967018042470021
Nupdn
1
1 2 1071.295
Ntot
2
1 3 0.25470788275483147
3 2 -4067.2537598888744
378 3 3
Id
3
1 1 1.0
2 2 1.0
3 3 -0.9670180424700436
Nupdn
1
1 2 1071.295
Ntot
2
1 3 -0.2547078827547446
3 2 4067.2537598903427
379 3 3
Id
3
1 1 1.0
2 2 1.0
3 3 -0.967018042470065
Nupdn
1
1 2 1071.295
Ntot
2
1 3 0.25470788275466466
3 2 -4067.2537598917143
380 3 3
Id
3
1 1 1.0
2 2 1.0
3 3 -0.9670180424700847
Nupdn
1
1 2 1071.295
Ntot
2
1 3 -0.2547078827545898
3 2 4067.253759892997
381 3 3
Id
3
1 1 1.0
2 2 1.0
3 3 -0.9670180424701031
Nupdn
1
1 2 1071.295
Ntot
2
1 3 0.2547078827545193
3 2 -4067.2537598942044
382 3 3
Id
3
1 1 1.0
2 2 1.0
3 3 -0.9670180424701205
Nupdn
1
1 2 1071.295
Ntot
2
1 3 -0.2547078827544535
3 2 4067.2537598953227
383 3 3
Id
3
1 1 1.0
2 2 1.0
3 3 -0.9670180424701367
Nupdn
1
1 2 1071.295
Ntot
2
1 3 0.25470788275439166
3 2 -4067.2537598963763
384 3 3
Id
3
1 1 1.0
2 2 1.0
3 3 -0.9670180424701518
Nupdn
1
1 2 1071.295
Ntot
2
1 3 -0.2547078827543346
3 2 4067.2537598973554
385 3 3
Id
3
1 1 1.0
2 2 1.0
3 3 -0.967018042470166
Nupdn
1
1 2 1071.295
Ntot
2
1 3 0.2547078827542805
3 2 -4067.253759898276
386 3 3
Id
3
1 1 1.0
2 2 1.0
3 3 -0.9670180424701791
Nupdn
1
1 2 1071.295
Ntot
2
1 3 -0.2547078827542303
3 2 4067.253759899134
387 3 3
Id
3
1 1 1.0
2 2 1.0
3 3 -0.9670180424701913
Nupdn
1
1 2 1071.295
Ntot
2
1 3 0.25470788275418293
3 2 -4067.253759899938
388 3 3
Id
3
1 1 1.0
2 2 1.0
3 3 -0.9670180424702028
Nupdn
1
1 2 1071.295
Ntot
2
1 3 -0.2547078827541391
3 2 4067.2537599006905
389 3 3
Id
3
1 1 1.0
2 2 1.0
3 3 -0.967018042470214
Nupdn
1
1 2 1071.295
Ntot
2
1 3 0.2547078827540981
3 2 -4067.253759901396
390 3 3
Id
3
1 1 1.0
2 2 1.0
3 3 -0.9670180424702242
Nupdn
1
1 2 1071.295
Ntot
2
1 3 -0.25470788275405976
3 2 4067.253759902054
391 3 3
Id
3
1 1 1.0
2 2 1.0
3 3 -0.9670180424702337
Nupdn
1
1 2 1071.295
Ntot
2
1 3 0.2547078827540233
3 2 -4067.2537599026678
392 3 3
Id
3
1 1 1.0
2 2 1.0
3 3 -0.9670180424702426
Nupdn
1
1 2 1071.295
Ntot
2
1 3 -0.2547078827539897
3 2 4067.2537599032366
393 3 3
Id
3
1 1 1.0
2 2 1.0
3 3 -0.9670180424702508
Nupdn
1
1 2 1071.295
Ntot
2
1 3 0.25470788275395817
3 2 -4067.2537599037773
394 3 3
Id
3
1 1 1.0
2 2 1.0
3 3 -0.9670180424702586
Nupdn
1
1 2 1071.295
Ntot
2
1 3 -0.25470788275392886
3 2 4067.253759904283
395 3 3
Id
3
1 1 1.0
2 2 1.0
3 3 -0.9670180424702657
Nupdn
1
1 2 1071.295
Ntot
2
1 3 0.25470788275390155
3 2 -4067.2537599047505
396 3 3
Id
3
1 1 1.0
2 2 1.0
3 3 -0.9670180424702728
Nupdn
1
1 2 1071.295
Ntot
2
1 3 -0.2547078827538758
3 2 4067.253759905188
397 3 3
Id
3
1 1 1.0
2 2 1.0
3 3 -0.967018042470279
Nupdn
1
1 2 1071.295
Ntot
2
1 3 0.2547078827538517
3 2 -4067.2537599056022
398 3 3
Id
3
1 1 1.0
2 2 1.0
3 3 -0.967018042470285
Nupdn
1
1 2 1071.295
Ntot
2
1 3 -0.25470788275382905
3 2 4067.253759905986
399 3 3
Id
3
1 1 1.0
2 2 1.0
3 3 -0.9670180424702903
Nupdn
1
1 2 1071.295
Ntot
2
1 3 0.254707882753808
3 2 -4067.2537599063453
400 3 3
Id
3
1 1 1.0
2 2 1.0
3 3 -0.9670180424702957
Nupdn
1
1 2 1071.295
Ntot
2
1 3 -0.25470788275378814
3 2 4067.2537599066795
401 3 3
Id
3
1 1 1.0
2 2 1.0
3 3 -0.9670180424703005
Nupdn
1
1 2 1071.295
Ntot
2
1 3 0.2547078827537698
3 2 -4067.2537599069988
402 3 3
Id
3
1 1 1.0
2 2 1.0
3 3 -0.967018042470305
Nupdn
1
1 2 1071.295
Ntot
2
1 3 -0.25470788275375256
3 2 4067.2537599072875
403 3 3
Id
3
1 1 1.0
2 2 1.0
3 3 -0.9670180424703092
Nupdn
1
1 2 1071.295
Ntot
2
1 3 0.25470788275373685
3 2 -4067.253759907562
404 3 3
Id
3
1 1 1.0
2 2 1.0
3 3 -0.9670180424703132
Nupdn
1
1 2 1071.295
Ntot
2
1 3 -0.2547078827537216
3 2 4067.2537599078214
405 3 3
Id
3
1 1 1.0
2 2 1.0
3 3 -0.967018042470317
Nupdn
1
1 2 1071.295
Ntot
2
1 3 0.2547078827537075
3 2 -4067.253759908061
406 3 3
Id
3
1 1 1.0
2 2 1.0
3 3 -0.9670180424703203
Nupdn
1
1 2 1071.295
Ntot
2
1 3 -0.25470788275369427
3 2 4067.253759908281
407 3 3
Id
3
1 1 1.0
2 2 1.0
3 3 -0.9670180424703234
Nupdn
1
1 2 1071.295
Ntot
2
1 3 0.2547078827536822
3 2 -4067.2537599084967
408 3 3
Id
3
1 1 1.0
2 2 1.0
3 3 -0.9670180424703265
Nupdn
1
1 2 1071.295
Ntot
2
1 3 -0.25470788275367084
3 2 4067.253759908688
409 3 3
Id
3
1 1 1.0
2 2 1.0
3 3 -0.9670180424703292
Nupdn
1
1 2 1071.295
Ntot
2
1 3 0.2547078827536597
3 2 -4067.2537599088732
410 3 3
Id
3
1 1 1.0
2 2 1.0
3 3 -0.9670180424703321
Nupdn
1
1 2 1071.295
Ntot
2
1 3 -0.25470788275365003
3 2 4067.2537599090456
411 3 3
Id
3
1 1 1.0
2 2 1.0
3 3 -0.9670180424703345
Nupdn
1
1 2 1071.295
Ntot
2
1 3 0.2547078827536403
3 2 -4067.2537599092097
412 3 3
Id
3
1 1 1.0
2 2 1.0
3 3 -0.967018042470337
Nupdn
1
1 2 1071.295
Ntot
2
1 3 -0.25470788275363165
3 2 4067.2537599093566
413 3 3
Id
3
1 1 1.0
2 2 1.0
3 3 -0.967018042470339
Nupdn
1
1 2 1071.295
Ntot
2
1 3 0.2547078827536236
3 2 -4067.253759909497
414 3 3
Id
3
1 1 1.0
2 2 1.0
3 3 -0.967018042470341
Nupdn
1
1 2 1071.295
Ntot
2
1 3 -0.25470788275361567
3 2 4067.253759909629
415 3 3
Id
3
1 1 1.0
2 2 1.0
3 3 -0.9670180424703432
Nupdn
1
1 2 1071.295
Ntot
2
1 3 0.2547078827536081
3 2 -4067.253759909756
416 3 3
Id
3
1 1 1.0
2 2 1.0
3 3 -0.9670180424703447
Nupdn
1
1 2 1071.295
Ntot
2
1 3 -0.25470788275360146
3 2 4067.2537599098696
417 3 3
Id
3
1 1 1.0
2 2 1.0
3 3 -0.9670180424703465
Nupdn
1
1 2 1071.295
Ntot
2
1 3 0.2547078827535953
3 2 -4067.2537599099746
418 3 3
Id
3
1 1 1.0
2 2 1.0
3 3 -0.9670180424703478
Nupdn
1
1 2 1071.295
Ntot
2
1 3 -0.2547078827535895
3 2 4067.2537599100738
419 3 3
Id
3
1 1 1.0
2 2 1.0
3 3 -0.9670180424703496
Nupdn
1
1 2 1071.295
Ntot
2
1 3 0.2547078827535836
3 2 -4067.2537599101724
420 3 3
Id
3
1 1 1.0
2 2 1.0
3 3 -0.967018042470351
Nupdn
1
1 2 1071.295
Ntot
2
1 3 -0.25470788275357886
3 2 4067.2537599102584
421 3 3
Id
3
1 1 1.0
2 2 1.0
3 3 -0.9670180424703523
Nupdn
1
1 2 1071.295
Ntot
2
1 3 0.2547078827535738
3 2 -4067.2537599103416
422 3 3
Id
3
1 1 1.0
2 2 1.0
3 3 -0.9670180424703534
Nupdn
1
1 2 1071.295
Ntot
2
1 3 -0.2547078827535697
3 2 4067.253759910415
423 3 3
Id
3
1 1 1.0
2 2 1.0
3 3 -0.9670180424703543
Nupdn
1
1 2 1071.295
Ntot
2
1 3 0.25470788275356526
3 2 -4067.253759910488
424 3 3
Id
3
1 1 1.0
2 2 1.0
3 3 -0.9670180424703552
Nupdn
1
1 2 1071.295
Ntot
2
1 3 -0.25470788275356143
3 2 4067.253759910557
425 3 3
Id
3
1 1 1.0
2 2 1.0
3 3 -0.9670180424703563
Nupdn
1
1 2 1071.295
Ntot
2
1 3 0.25470788275355766
3 2 -4067.2537599106176
426 3 3
Id
3
1 1 1.0
2 2 1.0
3 3 -0.9670180424703572
Nupdn
1
1 2 1071.295
Ntot
2
1 3 -0.2547078827535542
3 2 4067.253759910678
427 3 3
Id
3
1 1 1.0
2 2 1.0
3 3 -0.9670180424703583
Nupdn
1
1 2 1071.295
Ntot
2
1 3 0.2547078827535507
3 2 -4067.253759910736
428 3 3
Id
3
1 1 1.0
2 2 1.0
3 3 -0.9670180424703589
Nupdn
1
1 2 1071.295
Ntot
2
1 3 -0.2547078827535482
3 2 4067.2537599107827
429 3 3
Id
3
1 1 1.0
2 2 1.0
3 3 -0.9670180424703596
Nupdn
1
1 2 1071.295
Ntot
2
1 3 0.25470788275354517
3 2 -4067.2537599108314
430 3 3
Id
3
1 1 1.0
2 2 1.0
3 3 -0.9670180424703603
Nupdn
1
1 2 1071.295
Ntot
2
1 3 -0.25470788275354284
3 2 4067.2537599108746
431 3 3
Id
3
1 1 1.0
2 2 1.0
3 3 -0.9670180424703609
Nupdn
1
1 2 1071.295
Ntot
2
1 3 0.25470788275353995
3 2 -4067.253759910921
432 3 3
Id
3
1 1 1.0
2 2 1.0
3 3 -0.9670180424703616
Nupdn
1
1 2 1071.295
Ntot
2
1 3 -0.25470788275353773
3 2 4067.253759910957
433 3 3
Id
3
1 1 1.0
2 2 1.0
3 3 -0.9670180424703623
Nupdn
1
1 2 1071.295
Ntot
2
1 3 0.2547078827535356
3 2 -4067.2537599109974
434 3 3
Id
3
1 1 1.0
2 2 1.0
3 3 -0.9670180424703627
Nupdn
1
1 2 1071.295
Ntot
2
1 3 -0.2547078827535338
3 2 4067.253759911028
435 3 3
Id
3
1 1 1.0
2 2 1.0
3 3 -0.9670180424703632
Nupdn
1
1 2 1071.295
Ntot
2
1 3 0.2547078827535318
3 2 -4067.253759911058
436 3 3
Id
3
1 1 1.0
2 2 1.0
3 3 -0.9670180424703636
Nupdn
1
1 2 1071.295
Ntot
2
1 3 -0.25470788275352996
3 2 4067.2537599110888
437 3 3
Id
3
1 1 1.0
2 2 1.0
3 3 -0.967018042470364
Nupdn
1
1 2 1071.295
Ntot
2
1 3 0.25470788275352857
3 2 -4067.2537599111174
438 3 3
Id
3
1 1 1.0
2 2 1.0
3 3 -0.9670180424703645
Nupdn
1
1 2 1071.295
Ntot
2
1 3 -0.25470788275352696
3 2 4067.2537599111442
439 3 3
Id
3
1 1 1.0
2 2 1.0
3 3 -0.9670180424703649
Nupdn
1
1 2 1071.295
Ntot
2
1 3 0.2547078827535255
3 2 -4067.2537599111697
440 3 3
Id
3
1 1 1.0
2 2 1.0
3 3 -0.9670180424703652
Nupdn
1
1 2 1071.295
Ntot
2
1 3 -0.254707882753524
3 2 4067.2537599111924
441 3 3
Id
3
1 1 1.0
2 2 1.0
3 3 -0.9670180424703656
Nupdn
1
1 2 1071.295
Ntot
2
1 3 0.2547078827535229
3 2 -4067.2537599112115
442 3 3
Id
3
1 1 1.0
2 2 1.0
3 3 -0.9670180424703658
Nupdn
1
1 2 1071.295
Ntot
2
1 3 -0.2547078827535218
3 2 4067.253759911235
443 3 3
Id
3
1 1 1.0
2 2 1.0
3 3 -0.9670180424703663
Nupdn
1
1 2 1071.295
Ntot
2
1 3 0.25470788275352063
3 2 -4067.253759911252
444 3 3
Id
3
1 1 1.0
2 2 1.0
3 3 -0.9670180424703663
Nupdn
1
1 2 1071.295
Ntot
2
1 3 -0.25470788275351974
3 2 4067.253759911271
445 3 3
Id
3
1 1 1.0
2 2 1.0
3 3 -0.9670180424703667
Nupdn
1
1 2 1071.295
Ntot
2
1 3 0.2547078827535186
3 2 -4067.253759911285
446 3 3
Id
3
1 1 1.0
2 2 1.0
3 3 -0.9670180424703669
Nupdn
1
1 2 1071.295
Ntot
2
1 3 -0.25470788275351774
3 2 4067.2537599112984
447 3 3
Id
3
1 1 1.0
2 2 1.0
3 3 -0.9670180424703672
Nupdn
1
1 2 1071.295
Ntot
2
1 3 0.2547078827535169
3 2 -4067.253759911312
448 3 3
Id
3
1 1 1.0
2 2 1.0
3 3 -0.9670180424703672
Nupdn
1
1 2 1071.295
Ntot
2
1 3 -0.2547078827535161
3 2 4067.2537599113284
449 3 3
Id
3
1 1 1.0
2 2 1.0
3 3 -0.9670180424703678
Nupdn
1
1 2 1071.295
Ntot
2
1 3 0.25470788275351525
3 2 -4067.2537599113466
450 3 3
Id
3
1 1 1.0
2 2 1.0
3 3 -0.9670180424703678
Nupdn
1
1 2 1071.295
Ntot
2
1 3 -0.25470788275351475
3 2 4067.253759911352
451 3 3
Id
3
1 1 1.0
2 2 1.0
3 3 -0.967018042470368
Nupdn
1
1 2 1071.295
Ntot
2
1 3 0.2547078827535139
3 2 -4067.2537599113666
452 3 3
Id
3
1 1 1.0
2 2 1.0
3 3 -0.967018042470368
Nupdn
1
1 2 1071.295
Ntot
2
1 3 -0.2547078827535132
3 2 4067.2537599113716
453 3 3
Id
3
1 1 1.0
2 2 1.0
3 3 -0.967018042470368
Nupdn
1
1 2 1071.295
Ntot
2
1 3 0.254707882753513
3 2 -4067.2537599113857
454 3 3
Id
3
1 1 1.0
2 2 1.0
3 3 -0.9670180424703683
Nupdn
1
1 2 1071.295
Ntot
2
1 3 -0.2547078827535124
3 2 4067.2537599113916
455 3 3
Id
3
1 1 1.0
2 2 1.0
3 3 -0.9670180424703685
Nupdn
1
1 2 1071.295
Ntot
2
1 3 0.25470788275351164
3 2 -4067.253759911401
456 3 3
Id
3
1 1 1.0
2 2 1.0
3 3 -0.9670180424703685
Nupdn
1
1 2 1071.295
Ntot
2
1 3 -0.25470788275351136
3 2 4067.253759911408
457 3 3
Id
3
1 1 1.0
2 2 1.0
3 3 -0.9670180424703685
Nupdn
1
1 2 1071.295
Ntot
2
1 3 0.2547078827535112
3 2 -4067.2537599114144
458 3 3
Id
3
1 1 1.0
2 2 1.0
3 3 -0.9670180424703689
Nupdn
1
1 2 1071.295
Ntot
2
1 3 -0.25470788275351064
3 2 4067.2537599114185
459 3 3
Id
3
1 1 1.0
2 2 1.0
3 3 -0.9670180424703689
Nupdn
1
1 2 1071.295
Ntot
2
1 3 0.25470788275351
3 2 -4067.2537599114316
460 3 3
Id
3
1 1 1.0
2 2 1.0
3 3 -0.9670180424703689
Nupdn
1
1 2 1071.295
Ntot
2
1 3 -0.25470788275351014
3 2 4067.253759911434
461 3 3
Id
3
1 1 1.0
2 2 1.0
3 3 -0.9670180424703692
Nupdn
1
1 2 1071.295
Ntot
2
1 3 0.25470788275350936
3 2 -4067.2537599114407
462 3 3
Id
3
1 1 1.0
2 2 1.0
3 3 -0.9670180424703694
Nupdn
1
1 2 1071.295
Ntot
2
1 3 -0.2547078827535089
3 2 4067.253759911449
463 3 3
Id
3
1 1 1.0
2 2 1.0
3 3 -0.9670180424703692
Nupdn
1
1 2 1071.295
Ntot
2
1 3 0.25470788275350886
3 2 -4067.253759911456
464 3 3
Id
3
1 1 1.0
2 2 1.0
3 3 -0.9670180424703692
Nupdn
1
1 2 1071.295
Ntot
2
1 3 -0.25470788275350853
3 2 4067.2537599114607
465 3 3
Id
3
1 1 1.0
2 2 1.0
3 3 -0.9670180424703696
Nupdn
1
1 2 1071.295
Ntot
2
1 3 0.2547078827535082
3 2 -4067.253759911458
466 3 3
Id
3
1 1 1.0
2 2 1.0
3 3 -0.9670180424703694
Nupdn
1
1 2 1071.295
Ntot
2
1 3 -0.2547078827535078
3 2 4067.2537599114653
467 3 3
Id
3
1 1 1.0
2 2 1.0
3 3 -0.9670180424703696
Nupdn
1
1 2 1071.295
Ntot
2
1 3 0.2547078827535078
3 2 -4067.2537599114685
468 3 3
Id
3
1 1 1.0
2 2 1.0
3 3 -0.9670180424703696
Nupdn
1
1 2 1071.295
Ntot
2
1 3 -0.2547078827535074
3 2 4067.2537599114726
469 3 3
Id
3
1 1 1.0
2 2 1.0
3 3 -0.9670180424703696
Nupdn
1
1 2 1071.295
Ntot
2
1 3 0.25470788275350753
3 2 -4067.253759911478
470 3 3
Id
3
1 1 1.0
2 2 1.0
3 3 -0.9670180424703696
Nupdn
1
1 2 1071.295
Ntot
2
1 3 -0.2547078827535072
3 2 4067.253759911479
471 3 3
Id
3
1 1 1.0
2 2 1.0
3 3 -0.9670180424703696
Nupdn
1
1 2 1071.295
Ntot
2
1 3 0.25470788275350736
3 2 -4067.2537599114808
472 3 3
Id
3
1 1 1.0
2 2 1.0
3 3 -0.9670180424703698
Nupdn
1
1 2 1071.295
Ntot
2
1 3 -0.2547078827535068
3 2 4067.253759911485
473 3 3
Id
3
1 1 1.0
2 2 1.0
3 3 -0.9670180424703696
Nupdn
1
1 2 1071.295
Ntot
2
1 3 0.25470788275350714
3 2 -4067.2537599114826
474 3 3
Id
3
1 1 1.0
2 2 1.0
3 3 -0.9670180424703698
Nupdn
1
1 2 1071.295
Ntot
2
1 3 -0.2547078827535067
3 2 4067.253759911487
475 3 3
Id
3
1 1 1.0
2 2 1.0
3 3 -0.9670180424703696
Nupdn
1
1 2 1071.295
Ntot
2
1 3 0.25470788275350686
3 2 -4067.253759911485
476 3 3
Id
3
1 1 1.0
2 2 1.0
3 3 -0.96701804247037
Nupdn
1
1 2 1071.295
Ntot
2
1 3 -0.2547078827535064
3 2 4067.253759911491
477 3 3
Id
3
1 1 1.0
2 2 1.0
3 3 -0.96701804247037
Nupdn
1
1 2 1071.295
Ntot
2
1 3 0.25470788275350653
3 2 -4067.253759911495
478 3 3
Id
3
1 1 1.0
2 2 1.0
3 3 -0.9670180424703698
Nupdn
1
1 2 1071.295
Ntot
2
1 3 -0.25470788275350625
3 2 4067.2537599114985
479 3 3
Id
3
1 1 1.0
2 2 1.0
3 3 -0.9670180424703698
Nupdn
1
1 2 1071.295
Ntot
2
1 3 0.2547078827535063
3 2 -4067.2537599114994
480 3 3
Id
3
1 1 1.0
2 2 1.0
3 3 -0.96701804247037
Nupdn
1
1 2 1071.295
Ntot
2
1 3 -0.254707882753506
3 2 4067.2537599115003
481 3 3
Id
3
1 1 1.0
2 2 1.0
3 3 -0.9670180424703698
Nupdn
1
1 2 1071.295
Ntot
2
1 3 0.25470788275350625
3 2 -4067.253759911497
482 3 3
Id
3
1 1 1.0
2 2 1.0
3 3 -0.96701804247037
Nupdn
1
1 2 1071.295
Ntot
2
1 3 -0.2547078827535059
3 2 4067.253759911505
483 3 3
Id
3
1 1 1.0
2 2 1.0
3 3 -0.9670180424703698
Nupdn
1
1 2 1071.295
Ntot
2
1 3 0.2547078827535061
3 2 -4067.253759911498
484 3 3
Id
3
1 1 1.0
2 2 1.0
3 3 -0.96701804247037
Nupdn
1
1 2 1071.295
Ntot
2
1 3 -0.25470788275350587
3 2 4067.253759911507
485 3 3
Id
3
1 1 1.0
2 2 1.0
3 3 -0.9670180424703698
Nupdn
1
1 2 1071.295
Ntot
2
1 3 0.25470788275350603
3 2 -4067.2537599115008
486 3 3
Id
3
1 1 1.0
2 2 1.0
3 3 -0.9670180424703698
Nupdn
1
1 2 1071.295
Ntot
2
1 3 -0.25470788275350564
3 2 4067.2537599115067
487 3 3
Id
3
1 1 1.0
2 2 1.0
3 3 -0.9670180424703703
Nupdn
1
1 2 1071.295
Ntot
2
1 3 0.25470788275350587
3 2 -4067.253759911506
488 3 3
Id
3
1 1 1.0
2 2 1.0
3 3 -0.96701804247037
Nupdn
1
1 2 1071.295
Ntot
2
1 3 -0.25470788275350553
3 2 4067.2537599115108
489 3 3
Id
3
1 1 1.0
2 2 1.0
3 3 -0.96701804247037
Nupdn
1
1 2 1071.295
Ntot
2
1 3 0.2547078827535053
3 2 -4067.253759911512
490 3 3
Id
3
1 1 1.0
2 2 1.0
3 3 -0.96701804247037
Nupdn
1
1 2 1071.295
Ntot
2
1 3 -0.2547078827535056
3 2 4067.2537599115094
491 3 3
Id
3
1 1 1.0
2 2 1.0
3 3 -0.96701804247037
Nupdn
1
1 2 1071.295
Ntot
2
1 3 0.2547078827535053
3 2 -4067.2537599115158
492 3 3
Id
3
1 1 1.0
2 2 1.0
3 3 -0.9670180424703703
Nupdn
1
1 2 1071.295
Ntot
2
1 3 -0.2547078827535055
3 2 4067.25375991151
493 3 3
Id
3
1 1 1.0
2 2 1.0
3 3 -0.9670180424703703
Nupdn
1
1 2 1071.295
Ntot
2
1 3 0.2547078827535053
3 2 -4067.2537599115158
494 3 3
Id
3
1 1 1.0
2 2 1.0
3 3 -0.9670180424703705
Nupdn
1
1 2 1071.295
Ntot
2
1 3 -0.25470788275350525
3 2 4067.253759911514
495 3 3
Id
3
1 1 1.0
2 2 1.0
3 3 -0.96701804247037
Nupdn
1
1 2 1071.295
Ntot
2
1 3 0.25470788275350525
3 2 -4067.2537599115158
496 3 3
Id
3
1 1 1.0
2 2 1.0
3 3 -0.96701804247037
Nupdn
1
1 2 1071.295
Ntot
2
1 3 -0.2547078827535053
3 2 4067.2537599115158
497 3 3
Id
3
1 1 1.0
2 2 1.0
3 3 -0.96701804247037
Nupdn
1
1 2 1071.295
Ntot
2
1 3 0.25470788275350514
3 2 -4067.2537599115144
498 3 3
Id
3
1 1 1.0
2 2 1.0
3 3 -0.96701804247037
Nupdn
1
1 2 1071.295
Ntot
2
1 3 -0.25470788275350537
3 2 4067.2537599115108
499 3 3
Id
3
1 1 1.0
2 2 1.0
3 3 -0.9670180424703703
Nupdn
1
1 2 1071.295
Ntot
2
1 3 0.25470788275350514
3 2 -4067.253759911517
500 3 3
Id
3
1 1 1.0
2 2 1.0
3 3 -0.9670180424703703
Nupdn
1
1 2 1071.295
Ntot
2
1 3 -0.25470788275350525
3 2 4067.253759911512
501 3 3
Id
3
1 1 1.0
2 2 1.0
3 3 -0.9670180424703703
Nupdn
1
1 2 1071.295
Ntot
2
1 3 0.25470788275350503
3 2 -4067.253759911516
502 3 3
Id
3
1 1 1.0
2 2 1.0
3 3 -0.9670180424703705
Nupdn
1
1 2 1071.295
Ntot
2
1 3 -0.2547078827535052
3 2 4067.253759911517
503 3 3
Id
3
1 1 1.0
2 2 1.0
3 3 -0.9670180424703703
Nupdn
1
1 2 1071.295
Ntot
2
1 3 0.254707882753505
3 2 -4067.2537599115144
504 3 3
Id
3
1 1 1.0
2 2 1.0
3 3 -0.9670180424703703
Nupdn
1
1 2 1071.295
Ntot
2
1 3 -0.2547078827535052
3 2 4067.253759911515
505 3 3
Id
3
1 1 1.0
2 2 1.0
3 3 -0.9670180424703703
Nupdn
1
1 2 1071.295
Ntot
2
1 3 0.254707882753505
3 2 -4067.2537599115167
506 3 3
Id
3
1 1 1.0
2 2 1.0
3 3 -0.9670180424703703
Nupdn
1
1 2 1071.295
Ntot
2
1 3 -0.2547078827535052
3 2 4067.253759911516
507 3 3
Id
3
1 1 1.0
2 2 1.0
3 3 -0.9670180424703705
Nupdn
1
1 2 1071.295
Ntot
2
1 3 0.2547078827535049
3 2 -4067.2537599115217
508 3 3
Id
3
1 1 1.0
2 2 1.0
3 3 -0.9670180424703703
Nupdn
1
1 2 1071.295
Ntot
2
1 3 -0.25470788275350525
3 2 4067.253759911516
509 3 3
Id
3
1 1 1.0
2 2 1.0
3 3 -0.96701804247037
Nupdn
1
1 2 1071.295
Ntot
2
1 3 0.2547078827535049
3 2 -4067.253759911518
510 3 3
Id
3
1 1 1.0
2 2 1.0
3 3 -0.9670180424703703
Nupdn
1
1 2 1071.295
Ntot
2
1 3 -0.2547078827535051
3 2 4067.2537599115167
511 3 3
Id
3
1 1 1.0
2 2 1.0
3 3 -0.9670180424703703
Nupdn
1
1 2 1071.295
Ntot
2
1 3 0.25470788275350514
3 2 -4067.2537599115153
512 3 3
Id
3
1 1 1.0
2 2 1.0
3 3 -0.9670180424703704
Nupdn
1
1 2 1071.295
Ntot
2
1 3 -0.25470788275350503
3 2 4067.253759911516
513 3 1
Id
1
2 1 1.0
Nupdn
1
1 1 1071.295
Ntot
1
3 1 -4067.253759911524
