513
1 1 3
Id
1
1 1 1.0
Nupdn
1
1 2 1.071295
Ntot
1
1 3 1.0
2 3 3
Id
3
1 1 1.0
2 2 1.0
3 3 -0.6951526607370007
Nupdn
1
1 2 1.071295
Ntot
2
1 3 -0.7188621413527553
3 2 1.0359615938082962
3 3 3
Id
3
1 1 1.0
2 2 1.0
3 3 -0.802542827621165
Nupdn
1
1 2 1.071295
Ntot
2
1 3 0.5965945103953149
3 2 -1.4411130232269864
4 3 3
Id
3
1 1 1.0
2 2 1.0
3 3 -0.8510659796103741
Nupdn
1
1 2 1.071295
Ntot
2
1 3 -0.5250587570451845
3 2 1.7364584751573533
5 3 3
Id
3
1 1 1.0
2 2 1.0
3 3 -0.8788129971899845
Nupdn
1
1 2 1.071295
Ntot
2
1 3 0.47716633993813534
3 2 -1.9730393597056877
6 3 3
Id
3
1 1 1.0
2 2 1.0
3 3 -0.8967675762792697
Nupdn
1
1 2 1.071295
Ntot
2
1 3 -0.4425018803736361
3 2 2.1710701428407737
7 3 3
Id
3
1 1 1.0
2 2 1.0
3 3 -0.9093192133378394
Nupdn
1
1 2 1.071295
Ntot
2
1 3 0.41609922885611383
3 2 -2.3411461956581037
8 3 3
Id
3
1 1 1.0
2 2 1.0
3 3 -0.9185721315563802
Nupdn
1
1 2 1.071295
Ntot
2
1 3 -0.39525338597913223
3 2 2.4896984227926318
9 3 3
Id
3
1 1 1.0
2 2 1.0
3 3 -0.925662612971538
Nupdn
1
1 2 1.071295
Ntot
2
1 3 0.3783500058764437
3 2 -2.6210062470229913
10 3 3
Id
3
1 1 1.0
2 2 1.0
3 3 -0.9312585821981716
Nupdn
1
1 2 1.071295
Ntot
2
1 3 -0.36435896185252664
3 2 2.738103813183518
11 3 3
Id
3
1 1 1.0
2 2 1.0
3 3 -0.9357785299591381
Nupdn
1
1 2 1.071295
Ntot
2
1 3 0.3525883476059779
3 2 -2.8432444437241475
12 3 3
Id
3
1 1 1.0
2 2 1.0
3 3 -0.9394980749734236
Nupdn
1
1 2 1.071295
Ntot
2
1 3 -0.3425541812928749
3 2 2.938161742559902
13 3 3
Id
3
1 1 1.0
2 2 1.0
3 3 -0.9426061727554789
Nupdn
1
1 2 1.071295
Ntot
2
1 3 0.3339065783767494
3 2 -3.024226970163807
14 3 3
Id
3
1 1 1.0
2 2 1.0
3 3 -0.9452367137139668
Nupdn
1
1 2 1.071295
Ntot
2
1 3 -0.32638559258524297
3 2 3.102549218540441
15 3 3
Id
3
1 1 1.0
2 2 1.0
3 3 -0.9474872311416329
Nupdn
1
1 2 1.071295
Ntot
2
1 3 0.31979360034803966
3 2 -3.174042045185345
16 3 3
Id
3
1 1 1.0
2 2 1.0
3 3 -0.9494304650159451
Nupdn
1
1 2 1.071295
Ntot
2
1 3 -0.31397737513968393
3 2 3.2394694349131212
17 3 3
Id
3
1 1 1.0
2 2 1.0
3 3 -0.9511217748337806
Nupdn
1
1 2 1.071295
Ntot
2
1 3 0.30881607703783703
3 2 -3.2994784842296676
18 3 3
Id
3
1 1 1.0
2 2 1.0
3 3 -0.9526040420945872
Nupdn
1
1 2 1.071295
Ntot
2
1 3 -0.30421298293309823
3 2 3.3546232558396465
19 3 3
Id
3
1 1 1.0
2 2 1.0
3 3 -0.9539110014447925
Nupdn
1
1 2 1.071295
Ntot
2
1 3 0.30008965547414895
3 2 -3.4053825836753338
20 3 3
Id
3
1 1 1.0
2 2 1.0
3 3 -0.9550695583685054
Nupdn
1
1 2 1.071295
Ntot
2
1 3 -0.296381744845711
3 2 3.4521736251502966
21 3 3
Id
3
1 1 1.0
2 2 1.0
3 3 -0.9561014358359416
Nupdn
1
1 2 1.071295
Ntot
2
1 3 0.293035909731983
3 2 -3.495362355557999
22 3 3
Id
3
1 1 1.0
2 2 1.0
3 3 -0.9570243661748483
Nupdn
1
1 2 1.071295
Ntot
2
1 3 -0.2900075215363043
3 2 3.5352718196067134
23 3 3
Id
3
1 1 1.0
2 2 1.0
3 3 -0.9578529682713326
Nupdn
1
1 2 1.071295
Ntot
2
1 3 0.28725892705675465
3 2 -3.572188708487026
24 3 3
Id
3
1 1 1.0
2 2 1.0
3 3 -0.9585994029512399
Nupdn
1
1 2 1.071295
Ntot
2
1 3 -0.284758116059097
3 2 3.606368666842574
25 3 3
Id
3
1 1 1.0
2 2 1.0
3 3 -0.9592738693451361
Nupdn
1
1 2 1.071295
Ntot
2
1 3 0.28247768689156727
3 2 -3.638040622495539
26 3 3
Id
3
1 1 1.0
2 2 1.0
3 3 -0.9598849855071476
Nupdn
1
1 2 1.071295
Ntot
2
1 3 -0.28039403452631306
3 2 3.6674103544538106
27 3 3
Id
3
1 1 1.0
2 2 1.0
3 3 -0.9604400836043574
Nupdn
1
1 2 1.071295
Ntot
2
1 3 0.27848670669540915
3 2 -3.6946634601496107
28 3 3
Id
3
1 1 1.0
2 2 1.0
3 3 -0.9609454412454363
Nupdn
1
1 2 1.071295
Ntot
2
1 3 -0.27673788853283815
3 2 3.7199678437124217
29 3 3
Id
3
1 1 1.0
2 2 1.0
3 3 -0.9614064645102938
Nupdn
1
1 2 1.071295
Ntot
2
1 3 0.275131986504328
3 2 -3.7434758185826316
30 3 3
Id
3
1 1 1.0
2 2 1.0
3 3 -0.9618278340544777
Nupdn
1
1 2 1.071295
Ntot
2
1 3 -0.27365528980465953
3 2 3.7653258967473713
31 3 3
Id
3
1 1 1.0
2 2 1.0
3 3 -0.9622136227007754
Nupdn
1
1 2 1.071295
Ntot
2
1 3 0.27229569274788357
3 2 -3.7856443211742246
32 3 3
Id
3
1 1 1.0
2 2 1.0
3 3 -0.9625673908092272
Nupdn
1
1 2 1.071295
Ntot
2
1 3 -0.27104246558559175
3 2 3.8045463861504527
33 3 3
Id
3
1 1 1.0
2 2 1.0
3 3 -0.9628922641789113
Nupdn
1
1 2 1.071295
Ntot
2
1 3 0.26988606407965904
3 2 -3.8221375811723255
34 3 3
Id
3
1 1 1.0
2 2 1.0
3 3 -0.9631909981073394
Nupdn
1
1 2 1.071295
Ntot
2
1 3 -0.26881797031632254
3 2 3.838514587038931
35 3 3
Id
3
1 1 1.0
2 2 1.0
3 3 -0.9634660303980076
Nupdn
1
1 2 1.071295
Ntot
2
1 3 0.2678305588783802
3 2 -3.8537661473645657
36 3 3
Id
3
1 1 1.0
2 2 1.0
3 3 -0.9637195254817479
Nupdn
1
1 2 1.071295
Ntot
2
1 3 -0.26691698373320966
3 2 3.86797383445224
37 3 3
Id
3
1 1 1.0
2 2 1.0
3 3 -0.9639534113457628
Nupdn
1
1 2 1.071295
Ntot
2
1 3 0.2660710821469832
3 2 -3.8812127250912085
38 3 3
Id
3
1 1 1.0
2 2 1.0
3 3 -0.964169410604979
Nupdn
1
1 2 1.071295
Ntot
2
1 3 -0.2652872926727696
3 2 3.893551999145884
39 3 3
Id
3
1 1 1.0
2 2 1.0
3 3 -0.9643690667746132
Nupdn
1
1 2 1.071295
Ntot
2
1 3 0.26456058483504574
3 2 -3.9050554716397543
40 3 3
Id
3
1 1 1.0
2 2 1.0
3 3 -0.9645537665895467
Nupdn
1
1 2 1.071295
Ntot
2
1 3 -0.26388639858453933
3 2 3.915782067287988
41 3 3
Id
3
1 1 1.0
2 2 1.0
3 3 -0.9647247590499508
Nupdn
1
1 2 1.071295
Ntot
2
1 3 0.2632605919540833
3 2 -3.9257862450095704
42 3 3
Id
3
1 1 1.0
2 2 1.0
3 3 -0.9648831717422919
Nupdn
1
1 2 1.071295
Ntot
2
1 3 -0.26267939562998643
3 2 3.9351183787848556
43 3 3
Id
3
1 1 1.0
2 2 1.0
3 3 -0.9650300248819708
Nupdn
1
1 2 1.071295
Ntot
2
1 3 0.262139373380465
3 2 -3.9438251002661993
44 3 3
Id
3
1 1 1.0
2 2 1.0
3 3 -0.9651662434421604
Nupdn
1
1 2 1.071295
Ntot
2
1 3 -0.26163738746545423
3 2 3.951949607755857
45 3 3
Id
3
1 1 1.0
2 2 1.0
3 3 -0.9652926676681541
Nupdn
1
1 2 1.071295
Ntot
2
1 3 0.2611705682999117
3 2 -3.9595319455063747
46 3 3
Id
3
1 1 1.0
2 2 1.0
3 3 -0.965410062224126
Nupdn
1
1 2 1.071295
Ntot
2
1 3 -0.2607362877629594
3 2 3.966609256746961
47 3 3
Id
3
1 1 1.0
2 2 1.0
3 3 -0.9655191241769046
Nupdn
1
1 2 1.071295
Ntot
2
1 3 0.2603321356434188
3 2 -3.9732160133771237
48 3 3
Id
3
1 1 1.0
2 2 1.0
3 3 -0.9656204899870136
Nupdn
1
1 2 1.071295
Ntot
2
1 3 -0.2599558987929292
3 2 3.979384224878282
49 3 3
Id
3
1 1 1.0
2 2 1.0
3 3 -0.9657147416492804
Nupdn
1
1 2 1.071295
Ntot
2
1 3 0.25960554262431124
3 2 -3.9851436286641215
50 3 3
Id
3
1 1 1.0
2 2 1.0
3 3 -0.9658024121023607
Nupdn
1
1 2 1.071295
Ntot
2
1 3 -0.2592791946478957
3 2 3.990521863808925
51 3 3
Id
3
1 1 1.0
2 2 1.0
3 3 -0.9658839900077132
Nupdn
1
1 2 1.071295
Ntot
2
1 3 0.25897512978427123
3 2 -3.995544629854101
52 3 3
Id
3
1 1 1.0
2 2 1.0
3 3 -0.9659599239829728
Nupdn
1
1 2 1.071295
Ntot
2
1 3 -0.2586917572301245
3 2 4.000235832186901
53 3 3
Id
3
1 1 1.0
2 2 1.0
3 3 -0.9660306263617817
Nupdn
1
1 2 1.071295
Ntot
2
1 3 0.258427608685806
3 2 -4.004617715309483
54 3 3
Id
3
1 1 1.0
2 2 1.0
3 3 -0.9660964765413822
Nupdn
1
1 2 1.071295
Ntot
2
1 3 -0.2581813277801609
3 2 4.008710985163388
55 3 3
Id
3
1 1 1.0
2 2 1.0
3 3 -0.9661578239703221
Nupdn
1
1 2 1.071295
Ntot
2
1 3 0.25795166055083374
3 2 -4.012534921543232
56 3 3
Id
3
1 1 1.0
2 2 1.0
3 3 -0.9662149908210902
Nupdn
1
1 2 1.071295
Ntot
2
1 3 -0.2577374468574566
3 2 4.01610748151839
57 3 3
Id
3
1 1 1.0
2 2 1.0
3 3 -0.9662682743861872
Nupdn
1
1 2 1.071295
Ntot
2
1 3 0.2575376126214181
3 2 -4.019445394681976
58 3 3
Id
3
1 1 1.0
2 2 1.0
3 3 -0.9663179492307892
Nupdn
1
1 2 1.071295
Ntot
2
1 3 -0.2573511627997857
3 2 4.0225642509592
59 3 3
Id
3
1 1 1.0
2 2 1.0
3 3 -0.9663642691306602
Nupdn
1
1 2 1.071295
Ntot
2
1 3 0.2571771750128026
3 2 -4.02547858163071
60 3 3
Id
3
1 1 1.0
2 2 1.0
3 3 -0.9664074688201227
Nupdn
1
1 2 1.071295
Ntot
2
1 3 -0.2570147937545306
3 2 4.028201934159686
61 3 3
Id
3
1 1 1.0
2 2 1.0
3 3 -0.9664477655716455
Nupdn
1
1 2 1.071295
Ntot
2
1 3 0.2568632251249175
3 2 -4.030746941352024
62 3 3
Id
3
1 1 1.0
2 2 1.0
3 3 -0.9664853606258039
Nupdn
1
1 2 1.071295
Ntot
2
1 3 -0.2567217320290787
3 2 4.033125385327105
63 3 3
Id
3
1 1 1.0
2 2 1.0
3 3 -0.9665204404880003
Nupdn
1
1 2 1.071295
Ntot
2
1 3 0.25658962979606503
3 2 -4.035348256730178
64 3 3
Id
3
1 1 1.0
2 2 1.0
3 3 -0.9665531781062773
Nupdn
1
1 2 1.071295
Ntot
2
1 3 -0.2564662821749767
3 2 4.037425809576438
65 3 3
Id
3
1 1 1.0
2 2 1.0
3 3 -0.9665837339427876
Nupdn
1
1 2 1.071295
Ntot
2
1 3 0.25635109767117853
3 2 -4.0393676120804844
66 3 3
Id
3
1 1 1.0
2 2 1.0
3 3 -0.9666122569499807
Nupdn
1
1 2 1.071295
Ntot
2
1 3 -0.25624352618956947
3 2 4.041182593792224
67 3 3
Id
3
1 1 1.0
2 2 1.0
3 3 -0.9666388854612342
Nupdn
1
1 2 1.071295
Ntot
2
1 3 0.25614305595557885
3 2 -4.04287908933117
68 3 3
Id
3
1 1 1.0
2 2 1.0
3 3 -0.9666637480045366
Nupdn
1
1 2 1.071295
Ntot
2
1 3 -0.256049210687754
3 2 4.044464878985268
69 3 3
Id
3
1 1 1.0
2 2 1.0
3 3 -0.9666869640468181
Nupdn
1
1 2 1.071295
Ntot
2
1 3 0.25596154699865714
3 2 -4.045947226416664
70 3 3
Id
3
1 1 1.0
2 2 1.0
3 3 -0.9667086446756881
Nupdn
1
1 2 1.071295
Ntot
2
1 3 -0.25587965200323115
3 2 4.047332913696328
71 3 3
Id
3
1 1 1.0
2 2 1.0
3 3 -0.9667288932245615
Nupdn
1
1 2 1.071295
Ntot
2
1 3 0.2558031411160038
3 2 -4.0486282738699915
72 3 3
Id
3
1 1 1.0
2 2 1.0
3 3 -0.966747805846524
Nupdn
1
1 2 1.071295
Ntot
2
1 3 -0.25573165602039166
3 2 4.049839221241226
73 3 3
Id
3
1 1 1.0
2 2 1.0
3 3 -0.9667654720416801
Nupdn
1
1 2 1.071295
Ntot
2
1 3 0.2556648627950806
3 2 -4.050971279541901
74 3 3
Id
3
1 1 1.0
2 2 1.0
3 3 -0.966781975142259
Nupdn
1
1 2 1.071295
Ntot
2
1 3 -0.25560245018393857
3 2 4.052029608146174
75 3 3
Id
3
1 1 1.0
2 2 1.0
3 3 -0.9667973927592679
Nupdn
1
1 2 1.071295
Ntot
2
1 3 0.25554412799726445
3 2 -4.053019026471731
76 3 3
Id
3
1 1 1.0
2 2 1.0
3 3 -0.9668117971941257
Nupdn
1
1 2 1.071295
Ntot
2
1 3 -0.25548962563334066
3 2 4.053944036700329
77 3 3
Id
3
1 1 1.0
2 2 1.0
3 3 -0.9668252558183394
Nupdn
1
1 2 1.071295
Ntot
2
1 3 0.25543869071031844
3 2 -4.05480884493928
78 3 3
Id
3
1 1 1.0
2 2 1.0
3 3 -0.9668378314239896
Nupdn
1
1 2 1.071295
Ntot
2
1 3 -0.25539108779939274
3 2 4.055617380935968
79 3 3
Id
3
1 1 1.0
2 2 1.0
3 3 -0.9668495825475132
Nupdn
1
1 2 1.071295
Ntot
2
1 3 0.2553465972510684
3 2 -4.056373316448815
80 3 3
Id
3
1 1 1.0
2 2 1.0
3 3 -0.9668605637690453
Nupdn
1
1 2 1.071295
Ntot
2
1 3 -0.2553050141070559
3 2 4.057080082370121
81 3 3
Id
3
1 1 1.0
2 2 1.0
3 3 -0.9668708259893393
Nupdn
1
1 2 1.071295
Ntot
2
1 3 0.25526614709101714
3 2 -4.0577408846889655
82 3 3
Id
3
1 1 1.0
2 2 1.0
3 3 -0.9668804166861225
Nupdn
1
1 2 1.071295
Ntot
2
1 3 -0.25522981767197594
3 2 4.058358719375795
83 3 3
Id
3
1 1 1.0
2 2 1.0
3 3 -0.9668893801515528
Nupdn
1
1 2 1.071295
Ntot
2
1 3 0.25519585919474896
3 2 -4.058936386263939
84 3 3
Id
3
1 1 1.0
2 2 1.0
3 3 -0.9668977577122975
Nupdn
1
1 2 1.071295
Ntot
2
1 3 -0.25516411607224665
3 2 4.059476501998077
85 3 3
Id
3
1 1 1.0
2 2 1.0
3 3 -0.9669055879336204
Nupdn
1
1 2 1.071295
Ntot
2
1 3 0.25513444303492183
3 2 -4.059981512114242
86 3 3
Id
3
1 1 1.0
2 2 1.0
3 3 -0.9669129068087285
Nupdn
1
1 2 1.071295
Ntot
2
1 3 -0.2551067044330571
3 2 4.060453702311356
87 3 3
Id
3
1 1 1.0
2 2 1.0
3 3 -0.9669197479345362
Nupdn
1
1 2 1.071295
Ntot
2
1 3 0.2550807735879236
3 2 -4.06089520896987
88 3 3
Id
3
1 1 1.0
2 2 1.0
3 3 -0.9669261426748885
Nupdn
1
1 2 1.071295
Ntot
2
1 3 -0.25505653218818264
3 2 4.061308028969141
89 3 3
Id
3
1 1 1.0
2 2 1.0
3 3 -0.966932120312209
Nupdn
1
1 2 1.071295
Ntot
2
1 3 0.25503386972819103
3 2 -4.061694028851425
90 3 3
Id
3
1 1 1.0
2 2 1.0
3 3 -0.966937708188444
Nupdn
1
1 2 1.071295
Ntot
2
1 3 -0.25501268298514
3 2 4.062054953376966
91 3 3
Id
3
1 1 1.0
2 2 1.0
3 3 -0.9669429318361125
Nupdn
1
1 2 1.071295
Ntot
2
1 3 0.2549928755322057
3 2 -4.06239243351148
92 3 3
Id
3
1 1 1.0
2 2 1.0
3 3 -0.9669478151001987
Nupdn
1
1 2 1.071295
Ntot
2
1 3 -0.25497435728510487
3 2 4.062707993884528
93 3 3
Id
3
1 1 1.0
2 2 1.0
3 3 -0.9669523802515627
Nupdn
1
1 2 1.071295
Ntot
2
1 3 0.25495704407965974
3 2 -4.063003059754399
94 3 3
Id
3
1 1 1.0
2 2 1.0
3 3 -0.966956648092498
Nupdn
1
1 2 1.071295
Ntot
2
1 3 -0.25494085727815463
3 2 4.063278963512823
95 3 3
Id
3
1 1 1.0
2 2 1.0
3 3 -0.9669606380550042
Nupdn
1
1 2 1.071295
Ntot
2
1 3 0.2549257234024439
3 2 -4.063536950760313
96 3 3
Id
3
1 1 1.0
2 2 1.0
3 3 -0.9669643682923004
Nupdn
1
1 2 1.071295
Ntot
2
1 3 -0.25491157379191787
3 2 4.063778185981062
97 3 3
Id
3
1 1 1.0
2 2 1.0
3 3 -0.9669678557640775
Nupdn
1
1 2 1.071295
Ntot
2
1 3 0.25489834428458447
3 2 -4.064003757844042
98 3 3
Id
3
1 1 1.0
2 2 1.0
3 3 -0.9669711163159236
Nupdn
1
1 2 1.071295
Ntot
2
1 3 -0.254885974919643
3 2 4.06421468415535
99 3 3
Id
3
1 1 1.0
2 2 1.0
3 3 -0.9669741647533476
Nupdn
1
1 2 1.071295
Ntot
2
1 3 0.25487440966006236
3 2 -4.064411916485001
100 3 3
Id
3
1 1 1.0
2 2 1.0
3 3 -0.9669770149107804
Nupdn
1
1 2 1.071295
Ntot
2
1 3 -0.2548635961337673
3 2 4.0645963444898365
101 3 3
Id
3
1 1 1.0
2 2 1.0
3 3 -0.9669796797159032
Nupdn
1
1 2 1.071295
Ntot
2
1 3 0.2548534853921557
3 2 -4.064768799952747
102 3 3
Id
3
1 1 1.0
2 2 1.0
3 3 -0.9669821712496367
Nupdn
1
1 2 1.071295
Ntot
2
1 3 -0.2548440316847501
3 2 4.064930060556987
103 3 3
Id
3
1 1 1.0
2 2 1.0
3 3 -0.9669845008020952
Nupdn
1
1 2 1.071295
Ntot
2
1 3 0.2548351922488789
3 2 -4.06508085341316
104 3 3
Id
3
1 1 1.0
2 2 1.0
3 3 -0.9669866789247741
Nupdn
1
1 2 1.071295
Ntot
2
1 3 -0.2548269271133583
3 2 4.065221858355206
105 3 3
Id
3
1 1 1.0
2 2 1.0
3 3 -0.966988715479246
Nupdn
1
1 2 1.071295
Ntot
2
1 3 0.25481919891522664
3 2 -4.0653537110207
106 3 3
Id
3
1 1 1.0
2 2 1.0
3 3 -0.966990619682601
Nupdn
1
1 2 1.071295
Ntot
2
1 3 -0.2548119727286362
3 2 4.065477005729614
107 3 3
Id
3
1 1 1.0
2 2 1.0
3 3 -0.9669924001498464
Nupdn
1
1 2 1.071295
Ntot
2
1 3 0.25480521590509053
3 2 -4.065592298174898
108 3 3
Id
3
1 1 1.0
2 2 1.0
3 3 -0.966994064933486
Nupdn
1
1 2 1.071295
Ntot
2
1 3 -0.2547988979242519
3 2 4.065700107937221
109 3 3
Id
3
1 1 1.0
2 2 1.0
3 3 -0.9669956215604676
Nupdn
1
1 2 1.071295
Ntot
2
1 3 0.25479299025460916
3 2 -4.065800920835496
110 3 3
Id
3
1 1 1.0
2 2 1.0
3 3 -0.9669970770666727
Nupdn
1
1 2 1.071295
Ntot
2
1 3 -0.25478746622334475
3 2 4.065895191123897
111 3 3
Id
3
1 1 1.0
2 2 1.0
3 3 -0.9669984380291206
Nupdn
1
1 2 1.071295
Ntot
2
1 3 0.25478230089478465
3 2 -4.06598334354555
112 3 3
Id
3
1 1 1.0
2 2 1.0
3 3 -0.966999710596042
Nupdn
1
1 2 1.071295
Ntot
2
1 3 -0.2547774709568557
3 2 4.0660657752522065
113 3 3
Id
3
1 1 1.0
2 2 1.0
3 3 -0.9670009005149562
Nupdn
1
1 2 1.071295
Ntot
2
1 3 0.25477295461501326
3 2 -4.066142857598753
114 3 3
Id
3
1 1 1.0
2 2 1.0
3 3 -0.9670020131589045
Nupdn
1
1 2 1.071295
Ntot
2
1 3 -0.2547687314931449
3 2 4.0662149378207415
115 3 3
Id
3
1 1 1.0
2 2 1.0
3 3 -0.967003053550942
Nupdn
1
1 2 1.071295
Ntot
2
1 3 0.25476478254098317
3 2 -4.066282340602578
116 3 3
Id
3
1 1 1.0
2 2 1.0
3 3 -0.9670040263870214
Nupdn
1
1 2 1.071295
Ntot
2
1 3 -0.25476108994759833
3 2 4.0663453695435425
117 3 3
Id
3
1 1 1.0
2 2 1.0
3 3 -0.9670049360573703
Nupdn
1
1 2 1.071295
Ntot
2
1 3 0.2547576370605634
3 2 -4.066404308528359
118 3 3
Id
3
1 1 1.0
2 2 1.0
3 3 -0.9670057866664548
Nupdn
1
1 2 1.071295
Ntot
2
1 3 -0.25475440831041746
3 2 4.066459423008445
119 3 3
Id
3
1 1 1.0
2 2 1.0
3 3 -0.9670065820516429
Nupdn
1
1 2 1.071295
Ntot
2
1 3 0.25475138914007767
3 2 -4.066510961199848
120 3 3
Id
3
1 1 1.0
2 2 1.0
3 3 -0.9670073258006311
Nupdn
1
1 2 1.071295
Ntot
2
1 3 -0.25474856593887235
3 2 4.066559155203112
121 3 3
Id
3
1 1 1.0
2 2 1.0
3 3 -0.9670080212677343
Nupdn
1
1 2 1.071295
Ntot
2
1 3 0.2547459259808897
3 2 -4.066604222050361
122 3 3
Id
3
1 1 1.0
2 2 1.0
3 3 -0.9670086715891046
Nupdn
1
1 2 1.071295
Ntot
2
1 3 -0.25474345736735765
3 2 4.066646364684189
123 3 3
Id
3
1 1 1.0
2 2 1.0
3 3 -0.9670092796969545
Nupdn
1
1 2 1.071295
Ntot
2
1 3 0.2547411489727898
3 2 -4.066685772872918
124 3 3
Id
3
1 1 1.0
2 2 1.0
3 3 -0.9670098483328464
Nupdn
1
1 2 1.071295
Ntot
2
1 3 -0.25473899039464976
3 2 4.066722624066315
125 3 3
Id
3
1 1 1.0
2 2 1.0
3 3 -0.9670103800601151
Nupdn
1
1 2 1.071295
Ntot
2
1 3 0.25473697190630085
3 2 -4.066757084195661
126 3 3
Id
3
1 1 1.0
2 2 1.0
3 3 -0.9670108772754769
Nupdn
1
1 2 1.071295
Ntot
2
1 3 -0.2547350844130275
3 2 4.066789308421822
127 3 3
Id
3
1 1 1.0
2 2 1.0
3 3 -0.9670113422198778
Nupdn
1
1 2 1.071295
Ntot
2
1 3 0.2547333194109287
3 2 -4.066819441834659
128 3 3
Id
3
1 1 1.0
2 2 1.0
3 3 -0.9670117769886359
Nupdn
1
1 2 1.071295
Ntot
2
1 3 -0.25473166894848637
3 2 4.066847620107011
129 3 3
Id
3
1 1 1.0
2 2 1.0
3 3 -0.9670121835409178
Nupdn
1
1 2 1.071295
Ntot
2
1 3 0.2547301255906461
3 2 -4.0668739701061405
130 3 3
Id
3
1 1 1.0
2 2 1.0
3 3 -0.9670125637086022
Nupdn
1
1 2 1.071295
Ntot
2
1 3 -0.25472868238523333
3 2 4.066898610465472
131 3 3
Id
3
1 1 1.0
2 2 1.0
3 3 -0.9670129192045567
Nupdn
1
1 2 1.071295
Ntot
2
1 3 0.25472733283156085
3 2 -4.06692165211918
132 3 3
Id
3
1 1 1.0
2 2 1.0
3 3 -0.9670132516303842
Nupdn
1
1 2 1.071295
Ntot
2
1 3 -0.25472607085108334
3 2 4.066943198802015
133 3 3
Id
3
1 1 1.0
2 2 1.0
3 3 -0.9670135624836547
Nupdn
1
1 2 1.071295
Ntot
2
1 3 0.2547248907599539
3 2 -4.066963347516692
134 3 3
Id
3
1 1 1.0
2 2 1.0
3 3 -0.9670138531646733
Nupdn
1
1 2 1.071295
Ntot
2
1 3 -0.2547237872433816
3 2 4.066982188970912
135 3 3
Id
3
1 1 1.0
2 2 1.0
3 3 -0.967014124982803
Nupdn
1
1 2 1.071295
Ntot
2
1 3 0.25472275533164257
3 2 -4.066999807985983
136 3 3
Id
3
1 1 1.0
2 2 1.0
3 3 -0.9670143791623766
Nupdn
1
1 2 1.071295
Ntot
2
1 3 -0.2547217903776661
3 2 4.067016283878916
137 3 3
Id
3
1 1 1.0
2 2 1.0
3 3 -0.9670146168482239
Nupdn
1
1 2 1.071295
Ntot
2
1 3 0.254720888036067
3 2 -4.0670316908196815
138 3 3
Id
3
1 1 1.0
2 2 1.0
3 3 -0.9670148391108389
Nupdn
1
1 2 1.071295
Ntot
2
1 3 -0.25472004424355404
3 2 4.067046098165329
139 3 3
Id
3
1 1 1.0
2 2 1.0
3 3 -0.9670150469512104
Nupdn
1
1 2 1.071295
Ntot
2
1 3 0.2547192552005995
3 2 -4.067059570772321
140 3 3
Id
3
1 1 1.0
2 2 1.0
3 3 -0.9670152413053372
Nupdn
1
1 2 1.071295
Ntot
2
1 3 -0.25471851735431433
3 2 4.067072169288661
141 3 3
Id
3
1 1 1.0
2 2 1.0
3 3 -0.9670154230484529
Nupdn
1
1 2 1.071295
Ntot
2
1 3 0.25471782738242305
3 2 -4.06708395042701
142 3 3
Id
3
1 1 1.0
2 2 1.0
3 3 -0.9670155929989699
Nupdn
1
1 2 1.071295
Ntot
2
1 3 -0.2547171821782946
3 2 4.067094967220113
143 3 3
Id
3
1 1 1.0
2 2 1.0
3 3 -0.9670157519221743
Nupdn
1
1 2 1.071295
Ntot
2
1 3 0.2547165788369335
3 2 -4.0671052692595815
144 3 3
Id
3
1 1 1.0
2 2 1.0
3 3 -0.967015900533674
Nupdn
1
1 2 1.071295
Ntot
2
1 3 -0.2547160146418886
3 2 4.067114902919238
145 3 3
Id
3
1 1 1.0
2 2 1.0
3 3 -0.967016039502627
Nupdn
1
1 2 1.071295
Ntot
2
1 3 0.2547154870530139
3 2 -4.0671239115639315
146 3 3
Id
3
1 1 1.0
2 2 1.0
3 3 -0.967016169454755
Nupdn
1
1 2 1.071295
Ntot
2
1 3 -0.254714993695017
3 2 4.067132335744783
147 3 3
Id
3
1 1 1.0
2 2 1.0
3 3 -0.9670162909751687
Nupdn
1
1 2 1.071295
Ntot
2
1 3 0.25471453234675884
3 2 -4.067140213381802
148 3 3
Id
3
1 1 1.0
2 2 1.0
3 3 -0.9670164046110006
Nupdn
1
1 2 1.071295
Ntot
2
1 3 -0.25471410093124713
3 2 4.067147579934601
149 3 3
Id
3
1 1 1.0
2 2 1.0
3 3 -0.9670165108738737
Nupdn
1
1 2 1.071295
Ntot
2
1 3 0.2547136975062776
3 2 -4.067154468562076
150 3 3
Id
3
1 1 1.0
2 2 1.0
3 3 -0.9670166102422053
Nupdn
1
1 2 1.071295
Ntot
2
1 3 -0.254713320255683
3 2 4.067160910271665
151 3 3
Id
3
1 1 1.0
2 2 1.0
3 3 -0.9670167031633654
Nupdn
1
1 2 1.071295
Ntot
2
1 3 0.2547129674811544
3 2 -4.067166934058997
152 3 3
Id
3
1 1 1.0
2 2 1.0
3 3 -0.9670167900556885
Nupdn
1
1 2 1.071295
Ntot
2
1 3 -0.2547126375945897
3 2 4.067172567038394
153 3 3
Id
3
1 1 1.0
2 2 1.0
3 3 -0.9670168713103615
Nupdn
1
1 2 1.071295
Ntot
2
1 3 0.25471232911094044
3 2 -4.067177834564965
154 3 3
Id
3
1 1 1.0
2 2 1.0
3 3 -0.9670169472931851
Nupdn
1
1 2 1.071295
Ntot
2
1 3 -0.25471204064152253
3 2 4.067182760348757
155 3 3
Id
3
1 1 1.0
2 2 1.0
3 3 -0.9670170183462226
Nupdn
1
1 2 1.071295
Ntot
2
1 3 0.25471177088776414
3 2 -4.067187366561478
156 3 3
Id
3
1 1 1.0
2 2 1.0
3 3 -0.9670170847893391
Nupdn
1
1 2 1.071295
Ntot
2
1 3 -0.25471151863535435
3 2 4.067191673936339
157 3 3
Id
3
1 1 1.0
2 2 1.0
3 3 -0.967017146921642
Nupdn
1
1 2 1.071295
Ntot
2
1 3 0.2547112827487767
3 2 -4.067195701861368
158 3 3
Id
3
1 1 1.0
2 2 1.0
3 3 -0.9670172050228316
Nupdn
1
1 2 1.071295
Ntot
2
1 3 -0.2547110621661943
3 2 4.067199468466693
159 3 3
Id
3
1 1 1.0
2 2 1.0
3 3 -0.9670172593544568
Nupdn
1
1 2 1.071295
Ntot
2
1 3 0.2547108558946698
3 2 -4.067202990706178
160 3 3
Id
3
1 1 1.0
2 2 1.0
3 3 -0.9670173101610959
Nupdn
1
1 2 1.071295
Ntot
2
1 3 -0.2547106630056917
3 2 4.067206284433725
161 3 3
Id
3
1 1 1.0
2 2 1.0
3 3 -0.9670173576714562
Nupdn
1
1 2 1.071295
Ntot
2
1 3 0.25471048263099544
3 2 -4.067209364474642
162 3 3
Id
3
1 1 1.0
2 2 1.0
3 3 -0.9670174020994058
Nupdn
1
1 2 1.071295
Ntot
2
1 3 -0.2547103139586543
3 2 4.067212244692391
163 3 3
Id
3
1 1 1.0
2 2 1.0
3 3 -0.9670174436449344
Nupdn
1
1 2 1.071295
Ntot
2
1 3 0.25471015622942067
3 2 -4.067214938050983
164 3 3
Id
3
1 1 1.0
2 2 1.0
3 3 -0.9670174824950566
Nupdn
1
1 2 1.071295
Ntot
2
1 3 -0.2547100087333104
3 2 4.067217456673347
165 3 3
Id
3
1 1 1.0
2 2 1.0
3 3 -0.967017518824651
Nupdn
1
1 2 1.071295
Ntot
2
1 3 0.254709870806405
3 2 -4.0672198118958836
166 3 3
Id
3
1 1 1.0
2 2 1.0
3 3 -0.9670175527972509
Nupdn
1
1 2 1.071295
Ntot
2
1 3 -0.25470974182786343
3 2 4.067222014319526
167 3 3
Id
3
1 1 1.0
2 2 1.0
3 3 -0.9670175845657767
Nupdn
1
1 2 1.071295
Ntot
2
1 3 0.2547096212171245
3 2 -4.067224073857422
168 3 3
Id
3
1 1 1.0
2 2 1.0
3 3 -0.967017614273229
Nupdn
1
1 2 1.071295
Ntot
2
1 3 -0.2547095084312959
3 2 4.067225999779571
169 3 3
Id
3
1 1 1.0
2 2 1.0
3 3 -0.9670176420533292
Nupdn
1
1 2 1.071295
Ntot
2
1 3 0.25470940296270705
3 2 -4.067227800754566
170 3 3
Id
3
1 1 1.0
2 2 1.0
3 3 -0.9670176680311227
Nupdn
1
1 2 1.071295
Ntot
2
1 3 -0.25470930433662864
3 2 4.067229484888599
171 3 3
Id
3
1 1 1.0
2 2 1.0
3 3 -0.9670176923235407
Nupdn
1
1 2 1.071295
Ntot
2
1 3 0.2547092121091298
3 2 -4.067231059761942
172 3 3
Id
3
1 1 1.0
2 2 1.0
3 3 -0.9670177150399288
Nupdn
1
1 2 1.071295
Ntot
2
1 3 -0.2547091258650831
3 2 4.067232532463088
173 3 3
Id
3
1 1 1.0
2 2 1.0
3 3 -0.9670177362825381
Nupdn
1
1 2 1.071295
Ntot
2
1 3 0.2547090452162929
3 2 -4.067233909620631
174 3 3
Id
3
1 1 1.0
2 2 1.0
3 3 -0.9670177561469848
Nupdn
1
1 2 1.071295
Ntot
2
1 3 -0.25470896979975133
3 2 4.067235197433136
175 3 3
Id
3
1 1 1.0
2 2 1.0
3 3 -0.9670177747226818
Nupdn
1
1 2 1.071295
Ntot
2
1 3 0.2547088992760017
3 2 -4.067236401697015
176 3 3
Id
3
1 1 1.0
2 2 1.0
3 3 -0.967017792093241
Nupdn
1
1 2 1.071295
Ntot
2
1 3 -0.2547088333276121
3 2 4.067237527832617
177 3 3
Id
3
1 1 1.0
2 2 1.0
3 3 -0.9670178083368497
Nupdn
1
1 2 1.071295
Ntot
2
1 3 0.25470877165774314
3 2 -4.067238580908644
178 3 3
Id
3
1 1 1.0
2 2 1.0
3 3 -0.9670178235266214
Nupdn
1
1 2 1.071295
Ntot
2
1 3 -0.2547087139888157
3 2 4.067239565664954
179 3 3
Id
3
1 1 1.0
2 2 1.0
3 3 -0.9670178377309273
Nupdn
1
1 2 1.071295
Ntot
2
1 3 0.2547086600612588
3 2 -4.067240486533897
180 3 3
Id
3
1 1 1.0
2 2 1.0
3 3 -0.9670178510137022
Nupdn
1
1 2 1.071295
Ntot
2
1 3 -0.25470860963234293
3 2 4.067241347660256
181 3 3
Id
3
1 1 1.0
2 2 1.0
3 3 -0.9670178634347328
Nupdn
1
1 2 1.071295
Ntot
2
1 3 0.2547085624750863
3 2 -4.067242152919929
182 3 3
Id
3
1 1 1.0
2 2 1.0
3 3 -0.9670178750499265
Nupdn
1
1 2 1.071295
Ntot
2
1 3 -0.254708518377232
3 2 4.067242905937344
183 3 3
Id
3
1 1 1.0
2 2 1.0
3 3 -0.9670178859115641
Nupdn
1
1 2 1.071295
Ntot
2
1 3 0.25470847714029604
3 2 -4.067243610101796
184 3 3
Id
3
1 1 1.0
2 2 1.0
3 3 -0.9670178960685352
Nupdn
1
1 2 1.071295
Ntot
2
1 3 -0.25470843857866987
3 2 4.067244268582692
185 3 3
Id
3
1 1 1.0
2 2 1.0
3 3 -0.9670179055665555
Nupdn
1
1 2 1.071295
Ntot
2
1 3 0.254708402518787
3 2 -4.067244884343816
186 3 3
Id
3
1 1 1.0
2 2 1.0
3 3 -0.9670179144483759
Nupdn
1
1 2 1.071295
Ntot
2
1 3 -0.25470836879834313
3 2 4.067245460156671
187 3 3
Id
3
1 1 1.0
2 2 1.0
3 3 -0.9670179227539748
Nupdn
1
1 2 1.071295
Ntot
2
1 3 0.25470833726556236
3 2 -4.0672459986129565
188 3 3
Id
3
1 1 1.0
2 2 1.0
3 3 -0.9670179305207345
Nupdn
1
1 2 1.071295
Ntot
2
1 3 -0.2547083077785163
3 2 4.067246502136227
189 3 3
Id
3
1 1 1.0
2 2 1.0
3 3 -0.9670179377836141
Nupdn
1
1 2 1.071295
Ntot
2
1 3 0.25470828020448466
3 2 -4.067246972992818
190 3 3
Id
3
1 1 1.0
2 2 1.0
3 3 -0.9670179445753033
Nupdn
1
1 2 1.071295
Ntot
2
1 3 -0.25470825441935585
3 2 4.067247413302014
191 3 3
Id
3
1 1 1.0
2 2 1.0
3 3 -0.9670179509263717
Nupdn
1
1 2 1.071295
Ntot
2
1 3 0.2547082303070737
3 2 -4.067247825045625
192 3 3
Id
3
1 1 1.0
2 2 1.0
3 3 -0.9670179568654054
Nupdn
1
1 2 1.071295
Ntot
2
1 3 -0.25470820775910846
3 2 4.067248210076871
193 3 3
Id
3
1 1 1.0
2 2 1.0
3 3 -0.9670179624191355
Nupdn
1
1 2 1.071295
Ntot
2
1 3 0.25470818667397327
3 2 -4.067248570128757
194 3 3
Id
3
1 1 1.0
2 2 1.0
3 3 -0.9670179676125596
Nupdn
1
1 2 1.071295
Ntot
2
1 3 -0.25470816695676396
3 2 4.067248906821851
195 3 3
Id
3
1 1 1.0
2 2 1.0
3 3 -0.9670179724690531
Nupdn
1
1 2 1.071295
Ntot
2
1 3 0.25470814851873463
3 2 -4.0672492216715845
196 3 3
Id
3
1 1 1.0
2 2 1.0
3 3 -0.9670179770104752
Nupdn
1
1 2 1.071295
Ntot
2
1 3 -0.2547081312768962
3 2 4.067249516095075
197 3 3
Id
3
1 1 1.0
2 2 1.0
3 3 -0.9670179812572657
Nupdn
1
1 2 1.071295
Ntot
2
1 3 0.2547081151536441
3 2 -4.067249791417491
198 3 3
Id
3
1 1 1.0
2 2 1.0
3 3 -0.9670179852285408
Nupdn
1
1 2 1.071295
Ntot
2
1 3 -0.2547081000764086
3 2 4.067250048878044
199 3 3
Id
3
1 1 1.0
2 2 1.0
3 3 -0.9670179889421735
Nupdn
1
1 2 1.071295
Ntot
2
1 3 0.2547080859773282
3 2 -4.067250289635549
200 3 3
Id
3
1 1 1.0
2 2 1.0
3 3 -0.9670179924148801
Nupdn
1
1 2 1.071295
Ntot
2
1 3 -0.25470807279294333
3 2 4.0672505147736295
201 3 3
Id
3
1 1 1.0
2 2 1.0
3 3 -0.96701799566229
Nupdn
1
1 2 1.071295
Ntot
2
1 3 0.2547080604639117
3 2 -4.067250725305613
202 3 3
Id
3
1 1 1.0
2 2 1.0
3 3 -0.9670179986990197
Nupdn
1
1 2 1.071295
Ntot
2
1 3 -0.2547080489347421
3 2 4.067250922179093
203 3 3
Id
3
1 1 1.0
2 2 1.0
3 3 -0.9670180015387382
Nupdn
1
1 2 1.071295
Ntot
2
1 3 0.2547080381535403
3 2 -4.067251106280183
204 3 3
Id
3
1 1 1.0
2 2 1.0
3 3 -0.967018004194226
Nupdn
1
1 2 1.071295
Ntot
2
1 3 -0.2547080280717826
3 2 4.067251278437501
205 3 3
Id
3
1 1 1.0
2 2 1.0
3 3 -0.9670180066774359
Nupdn
1
1 2 1.071295
Ntot
2
1 3 0.254708018644091
3 2 -4.067251439425916
206 3 3
Id
3
1 1 1.0
2 2 1.0
3 3 -0.9670180089995446
Nupdn
1
1 2 1.071295
Ntot
2
1 3 -0.25470800982803227
3 2 4.067251589970027
207 3 3
Id
3
1 1 1.0
2 2 1.0
3 3 -0.9670180111710032
Nupdn
1
1 2 1.071295
Ntot
2
1 3 0.25470800158392637
3 2 -4.067251730747417
208 3 3
Id
3
1 1 1.0
2 2 1.0
3 3 -0.9670180132015864
Nupdn
1
1 2 1.071295
Ntot
2
1 3 -0.2547079938746661
3 2 4.06725186239171
209 3 3
Id
3
1 1 1.0
2 2 1.0
3 3 -0.9670180151004324
Nupdn
1
1 2 1.071295
Ntot
2
1 3 0.2547079866655541
3 2 -4.067251985495429
210 3 3
Id
3
1 1 1.0
2 2 1.0
3 3 -0.9670180168760887
Nupdn
1
1 2 1.071295
Ntot
2
1 3 -0.25470797992414057
3 2 4.067252100612663
211 3 3
Id
3
1 1 1.0
2 2 1.0
3 3 -0.9670180185365476
Nupdn
1
1 2 1.071295
Ntot
2
1 3 0.254707973620085
3 2 -4.067252208261528
212 3 3
Id
3
1 1 1.0
2 2 1.0
3 3 -0.9670180200892815
Nupdn
1
1 2 1.071295
Ntot
2
1 3 -0.25470796772501225
3 2 4.067252308926557
213 3 3
Id
3
1 1 1.0
2 2 1.0
3 3 -0.9670180215412805
Nupdn
1
1 2 1.071295
Ntot
2
1 3 0.2547079622123893
3 2 -4.067252403060828
214 3 3
Id
3
1 1 1.0
2 2 1.0
3 3 -0.9670180228990795
Nupdn
1
1 2 1.071295
Ntot
2
1 3 -0.25470795705740357
3 2 4.067252491088028
215 3 3
Id
3
1 1 1.0
2 2 1.0
3 3 -0.9670180241687889
Nupdn
1
1 2 1.071295
Ntot
2
1 3 0.25470795223685405
3 2 -4.0672525734043665
216 3 3
Id
3
1 1 1.0
2 2 1.0
3 3 -0.9670180253561251
Nupdn
1
1 2 1.071295
Ntot
2
1 3 -0.25470794772904326
3 2 4.06725265038034
217 3 3
Id
3
1 1 1.0
2 2 1.0
3 3 -0.967018026466431
Nupdn
1
1 2 1.071295
Ntot
2
1 3 0.25470794351368176
3 2 -4.067252722362414
218 3 3
Id
3
1 1 1.0
2 2 1.0
3 3 -0.9670180275047049
Nupdn
1
1 2 1.071295
Ntot
2
1 3 -0.2547079395717971
3 2 4.067252789674569
219 3 3
Id
3
1 1 1.0
2 2 1.0
3 3 -0.9670180284756191
Nupdn
1
1 2 1.071295
Ntot
2
1 3 0.2547079358856464
3 2 -4.0672528526197675
220 3 3
Id
3
1 1 1.0
2 2 1.0
3 3 -0.9670180293835444
Nupdn
1
1 2 1.071295
Ntot
2
1 3 -0.2547079324386384
3 2 4.067252911481331
221 3 3
Id
3
1 1 1.0
2 2 1.0
3 3 -0.9670180302325668
Nupdn
1
1 2 1.071295
Ntot
2
1 3 0.2547079292152604
3 2 -4.067252966524178
222 3 3
Id
3
1 1 1.0
2 2 1.0
3 3 -0.9670180310265084
Nupdn
1
1 2 1.071295
Ntot
2
1 3 -0.25470792620100163
3 2 4.067253017996067
223 3 3
Id
3
1 1 1.0
2 2 1.0
3 3 -0.9670180317689416
Nupdn
1
1 2 1.071295
Ntot
2
1 3 0.2547079233822968
3 2 -4.067253066128655
224 3 3
Id
3
1 1 1.0
2 2 1.0
3 3 -0.9670180324632089
Nupdn
1
1 2 1.071295
Ntot
2
1 3 -0.25470792074645854
3 2 4.067253111138588
225 3 3
Id
3
1 1 1.0
2 2 1.0
3 3 -0.967018033112435
Nupdn
1
1 2 1.071295
Ntot
2
1 3 0.25470791828162276
3 2 -4.067253153228456
226 3 3
Id
3
1 1 1.0
2 2 1.0
3 3 -0.9670180337195413
Nupdn
1
1 2 1.071295
Ntot
2
1 3 -0.2547079159766962
3 2 4.067253192587691
227 3 3
Id
3
1 1 1.0
2 2 1.0
3 3 -0.967018034287261
Nupdn
1
1 2 1.071295
Ntot
2
1 3 0.25470791382130437
3 2 -4.067253229393456
228 3 3
Id
3
1 1 1.0
2 2 1.0
3 3 -0.9670180348181496
Nupdn
1
1 2 1.071295
Ntot
2
1 3 -0.25470791180574665
3 2 4.067253263811404
229 3 3
Id
3
1 1 1.0
2 2 1.0
3 3 -0.9670180353145963
Nupdn
1
1 2 1.071295
Ntot
2
1 3 0.25470790992094994
3 2 -4.067253295996448
230 3 3
Id
3
1 1 1.0
2 2 1.0
3 3 -0.9670180357788347
Nupdn
1
1 2 1.071295
Ntot
2
1 3 -0.25470790815843175
3 2 4.067253326093451
231 3 3
Id
3
1 1 1.0
2 2 1.0
3 3 -0.9670180362129557
Nupdn
1
1 2 1.071295
Ntot
2
1 3 0.2547079065102588
3 2 -4.06725335423788
232 3 3
Id
3
1 1 1.0
2 2 1.0
3 3 -0.9670180366189125
Nupdn
1
1 2 1.071295
Ntot
2
1 3 -0.254707904969013
3 2 4.067253380556405
233 3 3
Id
3
1 1 1.0
2 2 1.0
3 3 -0.9670180369985322
Nupdn
1
1 2 1.071295
Ntot
2
1 3 0.25470790352775696
3 2 -4.0672534051674925
234 3 3
Id
3
1 1 1.0
2 2 1.0
3 3 -0.9670180373535242
Nupdn
1
1 2 1.071295
Ntot
2
1 3 -0.2547079021800041
3 2 4.067253428181904
235 3 3
Id
3
1 1 1.0
2 2 1.0
3 3 -0.9670180376854851
Nupdn
1
1 2 1.071295
Ntot
2
1 3 0.2547079009196884
3 2 -4.0672534497032276
236 3 3
Id
3
1 1 1.0
2 2 1.0
3 3 -0.9670180379959099
Nupdn
1
1 2 1.071295
Ntot
2
1 3 -0.2547078997411371
3 2 4.067253469828339
237 3 3
Id
3
1 1 1.0
2 2 1.0
3 3 -0.9670180382861953
Nupdn
1
1 2 1.071295
Ntot
2
1 3 0.25470789863904597
3 2 -4.067253488647805
238 3 3
Id
3
1 1 1.0
2 2 1.0
3 3 -0.9670180385576483
Nupdn
1
1 2 1.071295
Ntot
2
1 3 -0.254707897608453
3 2 4.067253506246337
239 3 3
Id
3
1 1 1.0
2 2 1.0
3 3 -0.9670180388114906
Nupdn
1
1 2 1.071295
Ntot
2
1 3 0.25470789664472204
3 2 -4.067253522703151
240 3 3
Id
3
1 1 1.0
2 2 1.0
3 3 -0.9670180390488645
Nupdn
1
1 2 1.071295
Ntot
2
1 3 -0.25470789574351443
3 2 4.067253538092306
241 3 3
Id
3
1 1 1.0
2 2 1.0
3 3 -0.9670180392708387
Nupdn
1
1 2 1.071295
Ntot
2
1 3 0.2547078949007725
3 2 -4.067253552483069
242 3 3
Id
3
1 1 1.0
2 2 1.0
3 3 -0.9670180394784116
Nupdn
1
1 2 1.071295
Ntot
2
1 3 -0.2547078941127053
3 2 4.0672535659402245
243 3 3
Id
3
1 1 1.0
2 2 1.0
3 3 -0.9670180396725185
Nupdn
1
1 2 1.071295
Ntot
2
1 3 0.2547078933757645
3 2 -4.0672535785243245
244 3 3
Id
3
1 1 1.0
2 2 1.0
3 3 -0.967018039854032
Nupdn
1
1 2 1.071295
Ntot
2
1 3 -0.2547078926866337
3 2 4.0672535902920215
245 3 3
Id
3
1 1 1.0
2 2 1.0
3 3 -0.96701804002377
Nupdn
1
1 2 1.071295
Ntot
2
1 3 0.2547078920422106
3 2 -4.067253601296273
246 3 3
Id
3
1 1 1.0
2 2 1.0
3 3 -0.9670180401824957
Nupdn
1
1 2 1.071295
Ntot
2
1 3 -0.25470789143959605
3 2 4.067253611586612
247 3 3
Id
3
1 1 1.0
2 2 1.0
3 3 -0.9670180403309245
Nupdn
1
1 2 1.071295
Ntot
2
1 3 0.2547078908760758
3 2 -4.0672536212093515
248 3 3
Id
3
1 1 1.0
2 2 1.0
3 3 -0.9670180404697231
Nupdn
1
1 2 1.071295
Ntot
2
1 3 -0.2547078903491154
3 2 4.067253630207808
249 3 3
Id
3
1 1 1.0
2 2 1.0
3 3 -0.9670180405995175
Nupdn
1
1 2 1.071295
Ntot
2
1 3 0.2547078898563418
3 2 -4.067253638622479
250 3 3
Id
3
1 1 1.0
2 2 1.0
3 3 -0.967018040720891
Nupdn
1
1 2 1.071295
Ntot
2
1 3 -0.25470788939553696
3 2 4.067253646491241
251 3 3
Id
3
1 1 1.0
2 2 1.0
3 3 -0.9670180408343905
Nupdn
1
1 2 1.071295
Ntot
2
1 3 0.25470788896462865
3 2 -4.067253653849509
252 3 3
Id
3
1 1 1.0
2 2 1.0
3 3 -0.9670180409405267
Nupdn
1
1 2 1.071295
Ntot
2
1 3 -0.2547078885616738
3 2 4.0672536607304
253 3 3
Id
3
1 1 1.0
2 2 1.0
3 3 -0.9670180410397768
Nupdn
1
1 2 1.071295
Ntot
2
1 3 0.25470788818486306
3 2 -4.067253667164883
254 3 3
Id
3
1 1 1.0
2 2 1.0
3 3 -0.9670180411325882
Nupdn
1
1 2 1.071295
Ntot
2
1 3 -0.2547078878324974
3 2 4.067253673181921
255 3 3
Id
3
1 1 1.0
2 2 1.0
3 3 -0.9670180412193781
Nupdn
1
1 2 1.071295
Ntot
2
1 3 0.25470788750299245
3 2 -4.067253678808602
256 3 3
Id
3
1 1 1.0
2 2 1.0
3 3 -0.9670180413005378
Nupdn
1
1 2 1.071295
Ntot
2
1 3 -0.254707887194864
3 2 4.067253684070242
257 3 3
Id
3
1 1 1.0
2 2 1.0
3 3 -0.967018041376432
Nupdn
1
1 2 1.071295
Ntot
2
1 3 0.2547078869067256
3 2 -4.067253688990531
258 3 3
Id
3
1 1 1.0
2 2 1.0
3 3 -0.9670180414474026
Nupdn
1
1 2 1.071295
Ntot
2
1 3 -0.25470788663728094
3 2 4.067253693591604
259 3 3
Id
3
1 1 1.0
2 2 1.0
3 3 -0.9670180415137688
Nupdn
1
1 2 1.071295
Ntot
2
1 3 0.2547078863853167
3 2 -4.067253697894185
260 3 3
Id
3
1 1 1.0
2 2 1.0
3 3 -0.9670180415758289
Nupdn
1
1 2 1.071295
Ntot
2
1 3 -0.2547078861496996
3 2 4.067253701917626
261 3 3
Id
3
1 1 1.0
2 2 1.0
3 3 -0.9670180416338632
Nupdn
1
1 2 1.071295
Ntot
2
1 3 0.2547078859293674
3 2 -4.067253705680044
262 3 3
Id
3
1 1 1.0
2 2 1.0
3 3 -0.9670180416881327
Nupdn
1
1 2 1.071295
Ntot
2
1 3 -0.25470788572332975
3 2 4.067253709198373
263 3 3
Id
3
1 1 1.0
2 2 1.0
3 3 -0.967018041738881
Nupdn
1
1 2 1.071295
Ntot
2
1 3 0.25470788553065926
3 2 -4.0672537124884425
264 3 3
Id
3
1 1 1.0
2 2 1.0
3 3 -0.9670180417863372
Nupdn
1
1 2 1.071295
Ntot
2
1 3 -0.25470788535048816
3 2 4.0672537155650685
265 3 3
Id
3
1 1 1.0
2 2 1.0
3 3 -0.967018041830715
Nupdn
1
1 2 1.071295
Ntot
2
1 3 0.2547078851820057
3 2 -4.067253718442093
266 3 3
Id
3
1 1 1.0
2 2 1.0
3 3 -0.9670180418722132
Nupdn
1
1 2 1.071295
Ntot
2
1 3 -0.2547078850244543
3 2 4.067253721132469
267 3 3
Id
3
1 1 1.0
2 2 1.0
3 3 -0.9670180419110195
Nupdn
1
1 2 1.071295
Ntot
2
1 3 0.25470788487712404
3 2 -4.067253723648306
268 3 3
Id
3
1 1 1.0
2 2 1.0
3 3 -0.9670180419473078
Nupdn
1
1 2 1.071295
Ntot
2
1 3 -0.25470788473935174
3 2 4.06725372600092
269 3 3
Id
3
1 1 1.0
2 2 1.0
3 3 -0.9670180419812422
Nupdn
1
1 2 1.071295
Ntot
2
1 3 0.2547078846105176
3 2 -4.0672537282009085
270 3 3
Id
3
1 1 1.0
2 2 1.0
3 3 -0.9670180420129746
Nupdn
1
1 2 1.071295
Ntot
2
1 3 -0.254707884490042
3 2 4.067253730258169
271 3 3
Id
3
1 1 1.0
2 2 1.0
3 3 -0.9670180420426489
Nupdn
1
1 2 1.071295
Ntot
2
1 3 0.25470788437738234
3 2 -4.067253732181962
272 3 3
Id
3
1 1 1.0
2 2 1.0
3 3 -0.9670180420703978
Nupdn
1
1 2 1.071295
Ntot
2
1 3 -0.2547078842720316
3 2 4.067253733980947
273 3 3
Id
3
1 1 1.0
2 2 1.0
3 3 -0.9670180420963463
Nupdn
1
1 2 1.071295
Ntot
2
1 3 0.2547078841735152
3 2 -4.067253735663224
274 3 3
Id
3
1 1 1.0
2 2 1.0
3 3 -0.9670180421206118
Nupdn
1
1 2 1.071295
Ntot
2
1 3 -0.2547078840813906
3 2 4.067253737236357
275 3 3
Id
3
1 1 1.0
2 2 1.0
3 3 -0.9670180421433028
Nupdn
1
1 2 1.071295
Ntot
2
1 3 0.2547078839952424
3 2 -4.067253738707436
276 3 3
Id
3
1 1 1.0
2 2 1.0
3 3 -0.9670180421645216
Nupdn
1
1 2 1.071295
Ntot
2
1 3 -0.25470788391468285
3 2 4.0672537400830695
277 3 3
Id
3
1 1 1.0
2 2 1.0
3 3 -0.9670180421843637
Nupdn
1
1 2 1.071295
Ntot
2
1 3 0.25470788383935083
3 2 -4.067253741369464
278 3 3
Id
3
1 1 1.0
2 2 1.0
3 3 -0.9670180422029189
Nupdn
1
1 2 1.071295
Ntot
2
1 3 -0.25470788376890513
3 2 4.0672537425724
279 3 3
Id
3
1 1 1.0
2 2 1.0
3 3 -0.9670180422202703
Nupdn
1
1 2 1.071295
Ntot
2
1 3 0.2547078837030298
3 2 -4.067253743697294
280 3 3
Id
3
1 1 1.0
2 2 1.0
3 3 -0.9670180422364953
Nupdn
1
1 2 1.071295
Ntot
2
1 3 -0.2547078836414288
3 2 4.067253744749213
281 3 3
Id
3
1 1 1.0
2 2 1.0
3 3 -0.9670180422516681
Nupdn
1
1 2 1.071295
Ntot
2
1 3 0.25470788358382324
3 2 -4.067253745732883
282 3 3
Id
3
1 1 1.0
2 2 1.0
3 3 -0.967018042265857
Nupdn
1
1 2 1.071295
Ntot
2
1 3 -0.2547078835299554
3 2 4.067253746652739
283 3 3
Id
3
1 1 1.0
2 2 1.0
3 3 -0.9670180422791248
Nupdn
1
1 2 1.071295
Ntot
2
1 3 0.25470788347958273
3 2 -4.067253747512914
284 3 3
Id
3
1 1 1.0
2 2 1.0
3 3 -0.9670180422915318
Nupdn
1
1 2 1.071295
Ntot
2
1 3 -0.2547078834324776
3 2 4.067253748317291
285 3 3
Id
3
1 1 1.0
2 2 1.0
3 3 -0.9670180423031343
Nupdn
1
1 2 1.071295
Ntot
2
1 3 0.25470788338842876
3 2 -4.0672537490694785
286 3 3
Id
3
1 1 1.0
2 2 1.0
3 3 -0.967018042313984
Nupdn
1
1 2 1.071295
Ntot
2
1 3 -0.254707883347237
3 2 4.067253749772868
287 3 3
Id
3
1 1 1.0
2 2 1.0
3 3 -0.9670180423241299
Nupdn
1
1 2 1.071295
Ntot
2
1 3 0.25470788330871785
3 2 -4.067253750430624
288 3 3
Id
3
1 1 1.0
2 2 1.0
3 3 -0.9670180423336174
Nupdn
1
1 2 1.071295
Ntot
2
1 3 -0.25470788327269756
3 2 4.0672537510457065
289 3 3
Id
3
1 1 1.0
2 2 1.0
3 3 -0.9670180423424894
Nupdn
1
1 2 1.071295
Ntot
2
1 3 0.2547078832390145
3 2 -4.067253751620888
290 3 3
Id
3
1 1 1.0
2 2 1.0
3 3 -0.9670180423507859
Nupdn
1
1 2 1.071295
Ntot
2
1 3 -0.2547078832075169
3 2 4.067253752158752
291 3 3
Id
3
1 1 1.0
2 2 1.0
3 3 -0.9670180423585442
Nupdn
1
1 2 1.071295
Ntot
2
1 3 0.25470788317806214
3 2 -4.0672537526617205
292 3 3
Id
3
1 1 1.0
2 2 1.0
3 3 -0.9670180423657988
Nupdn
1
1 2 1.071295
Ntot
2
1 3 -0.25470788315051873
3 2 4.067253753132061
293 3 3
Id
3
1 1 1.0
2 2 1.0
3 3 -0.9670180423725829
Nupdn
1
1 2 1.071295
Ntot
2
1 3 0.2547078831247623
3 2 -4.067253753571884
294 3 3
Id
3
1 1 1.0
2 2 1.0
3 3 -0.9670180423789267
Nupdn
1
1 2 1.071295
Ntot
2
1 3 -0.25470788310067627
3 2 4.067253753983173
295 3 3
Id
3
1 1 1.0
2 2 1.0
3 3 -0.9670180423848593
Nupdn
1
1 2 1.071295
Ntot
2
1 3 0.25470788307815323
3 2 -4.06725375436778
296 3 3
Id
3
1 1 1.0
2 2 1.0
3 3 -0.9670180423904073
Nupdn
1
1 2 1.071295
Ntot
2
1 3 -0.2547078830570912
3 2 4.0672537547274406
297 3 3
Id
3
1 1 1.0
2 2 1.0
3 3 -0.967018042395595
Nupdn
1
1 2 1.071295
Ntot
2
1 3 0.2547078830373957
3 2 -4.0672537550637635
298 3 3
Id
3
1 1 1.0
2 2 1.0
3 3 -0.967018042400446
Nupdn
1
1 2 1.071295
Ntot
2
1 3 -0.25470788301897773
3 2 4.067253755378268
299 3 3
Id
3
1 1 1.0
2 2 1.0
3 3 -0.9670180424049823
Nupdn
1
1 2 1.071295
Ntot
2
1 3 0.2547078830017551
3 2 -4.067253755672369
300 3 3
Id
3
1 1 1.0
2 2 1.0
3 3 -0.9670180424092245
Nupdn
1
1 2 1.071295
Ntot
2
1 3 -0.2547078829856497
3 2 4.067253755947388
301 3 3
Id
3
1 1 1.0
2 2 1.0
3 3 -0.9670180424131913
Nupdn
1
1 2 1.071295
Ntot
2
1 3 0.25470788297058894
3 2 -4.067253756204561
302 3 3
Id
3
1 1 1.0
2 2 1.0
3 3 -0.9670180424169013
Nupdn
1
1 2 1.071295
Ntot
2
1 3 -0.25470788295650565
3 2 4.067253756445057
303 3 3
Id
3
1 1 1.0
2 2 1.0
3 3 -0.9670180424203698
Nupdn
1
1 2 1.071295
Ntot
2
1 3 0.254707882943335
3 2 -4.067253756669948
304 3 3
Id
3
1 1 1.0
2 2 1.0
3 3 -0.9670180424236137
Nupdn
1
1 2 1.071295
Ntot
2
1 3 -0.2547078829310199
3 2 4.067253756880245
305 3 3
Id
3
1 1 1.0
2 2 1.0
3 3 -0.967018042426647
Nupdn
1
1 2 1.071295
Ntot
2
1 3 0.2547078829195038
3 2 -4.067253757076902
306 3 3
Id
3
1 1 1.0
2 2 1.0
3 3 -0.9670180424294836
Nupdn
1
1 2 1.071295
Ntot
2
1 3 -0.25470788290873403
3 2 4.067253757260803
307 3 3
Id
3
1 1 1.0
2 2 1.0
3 3 -0.9670180424321362
Nupdn
1
1 2 1.071295
Ntot
2
1 3 0.25470788289866353
3 2 -4.06725375743277
308 3 3
Id
3
1 1 1.0
2 2 1.0
3 3 -0.9670180424346166
Nupdn
1
1 2 1.071295
Ntot
2
1 3 -0.25470788288924634
3 2 4.067253757593582
309 3 3
Id
3
1 1 1.0
2 2 1.0
3 3 -0.9670180424369363
Nupdn
1
1 2 1.071295
Ntot
2
1 3 0.2547078828804403
3 2 -4.067253757743957
310 3 3
Id
3
1 1 1.0
2 2 1.0
3 3 -0.9670180424391048
Nupdn
1
1 2 1.071295
Ntot
2
1 3 -0.25470788287220475
3 2 4.067253757884582
311 3 3
Id
3
1 1 1.0
2 2 1.0
3 3 -0.9670180424411339
Nupdn
1
1 2 1.071295
Ntot
2
1 3 0.25470788286450374
3 2 -4.067253758016082
312 3 3
Id
3
1 1 1.0
2 2 1.0
3 3 -0.9670180424430304
Nupdn
1
1 2 1.071295
Ntot
2
1 3 -0.25470788285730217
3 2 4.067253758139048
313 3 3
Id
3
1 1 1.0
2 2 1.0
3 3 -0.9670180424448038
Nupdn
1
1 2 1.071295
Ntot
2
1 3 0.2547078828505693
3 2 -4.06725375825404
314 3 3
Id
3
1 1 1.0
2 2 1.0
3 3 -0.9670180424464627
Nupdn
1
1 2 1.071295
Ntot
2
1 3 -0.2547078828442716
3 2 4.067253758361573
315 3 3
Id
3
1 1 1.0
2 2 1.0
3 3 -0.9670180424480139
Nupdn
1
1 2 1.071295
Ntot
2
1 3 0.25470788283838314
3 2 -4.067253758462131
316 3 3
Id
3
1 1 1.0
2 2 1.0
3 3 -0.9670180424494643
Nupdn
1
1 2 1.071295
Ntot
2
1 3 -0.2547078828328767
3 2 4.06725375855616
317 3 3
Id
3
1 1 1.0
2 2 1.0
3 3 -0.9670180424508203
Nupdn
1
1 2 1.071295
Ntot
2
1 3 0.25470788282772744
3 2 -4.06725375864409
318 3 3
Id
3
1 1 1.0
2 2 1.0
3 3 -0.9670180424520889
Nupdn
1
1 2 1.071295
Ntot
2
1 3 -0.25470788282291185
3 2 4.06725375872632
319 3 3
Id
3
1 1 1.0
2 2 1.0
3 3 -0.967018042453275
Nupdn
1
1 2 1.071295
Ntot
2
1 3 0.25470788281840906
3 2 -4.067253758803209
320 3 3
Id
3
1 1 1.0
2 2 1.0
3 3 -0.9670180424543839
Nupdn
1
1 2 1.071295
Ntot
2
1 3 -0.2547078828141982
3 2 4.067253758875109
321 3 3
Id
3
1 1 1.0
2 2 1.0
3 3 -0.9670180424554211
Nupdn
1
1 2 1.071295
Ntot
2
1 3 0.25470788281026074
3 2 -4.067253758942351
322 3 3
Id
3
1 1 1.0
2 2 1.0
3 3 -0.967018042456391
Nupdn
1
1 2 1.071295
Ntot
2
1 3 -0.25470788280657863
3 2 4.067253759005225
323 3 3
Id
3
1 1 1.0
2 2 1.0
3 3 -0.9670180424572978
Nupdn
1
1 2 1.071295
Ntot
2
1 3 0.2547078828031353
3 2 -4.067253759064023
324 3 3
Id
3
1 1 1.0
2 2 1.0
3 3 -0.9670180424581458
Nupdn
1
1 2 1.071295
Ntot
2
1 3 -0.25470788279991524
3 2 4.067253759119005
325 3 3
Id
3
1 1 1.0
2 2 1.0
3 3 -0.967018042458939
Nupdn
1
1 2 1.071295
Ntot
2
1 3 0.25470788279690465
3 2 -4.067253759170416
326 3 3
Id
3
1 1 1.0
2 2 1.0
3 3 -0.9670180424596804
Nupdn
1
1 2 1.071295
Ntot
2
1 3 -0.25470788279408896
3 2 4.067253759218502
327 3 3
Id
3
1 1 1.0
2 2 1.0
3 3 -0.9670180424603738
Nupdn
1
1 2 1.071295
Ntot
2
1 3 0.25470788279145573
3 2 -4.0672537592634574
328 3 3
Id
3
1 1 1.0
2 2 1.0
3 3 -0.9670180424610229
Nupdn
1
1 2 1.071295
Ntot
2
1 3 -0.25470788278899353
3 2 4.067253759305507
329 3 3
Id
3
1 1 1.0
2 2 1.0
3 3 -0.967018042461629
Nupdn
1
1 2 1.071295
Ntot
2
1 3 0.2547078827866914
3 2 -4.0672537593448235
330 3 3
Id
3
1 1 1.0
2 2 1.0
3 3 -0.9670180424621961
Nupdn
1
1 2 1.071295
Ntot
2
1 3 -0.2547078827845382
3 2 4.067253759381584
331 3 3
Id
3
1 1 1.0
2 2 1.0
3 3 -0.9670180424627266
Nupdn
1
1 2 1.071295
Ntot
2
1 3 0.2547078827825253
3 2 -4.067253759415967
332 3 3
Id
3
1 1 1.0
2 2 1.0
3 3 -0.9670180424632224
Nupdn
1
1 2 1.071295
Ntot
2
1 3 -0.25470788278064255
3 2 4.067253759448114
333 3 3
Id
3
1 1 1.0
2 2 1.0
3 3 -0.9670180424636863
Nupdn
1
1 2 1.071295
Ntot
2
1 3 0.2547078827788817
3 2 -4.06725375947818
334 3 3
Id
3
1 1 1.0
2 2 1.0
3 3 -0.9670180424641197
Nupdn
1
1 2 1.071295
Ntot
2
1 3 -0.25470788277723533
3 2 4.067253759506293
335 3 3
Id
3
1 1 1.0
2 2 1.0
3 3 -0.9670180424645256
Nupdn
1
1 2 1.071295
Ntot
2
1 3 0.2547078827756955
3 2 -4.067253759532581
336 3 3
Id
3
1 1 1.0
2 2 1.0
3 3 -0.9670180424649046
Nupdn
1
1 2 1.071295
Ntot
2
1 3 -0.25470788277425604
3 2 4.0672537595571665
337 3 3
Id
3
1 1 1.0
2 2 1.0
3 3 -0.967018042465259
Nupdn
1
1 2 1.071295
Ntot
2
1 3 0.2547078827729102
3 2 -4.067253759580158
338 3 3
Id
3
1 1 1.0
2 2 1.0
3 3 -0.9670180424655905
Nupdn
1
1 2 1.071295
Ntot
2
1 3 -0.2547078827716509
3 2 4.06725375960165
339 3 3
Id
3
1 1 1.0
2 2 1.0
3 3 -0.967018042465901
Nupdn
1
1 2 1.071295
Ntot
2
1 3 0.25470788277047396
3 2 -4.067253759621754
340 3 3
Id
3
1 1 1.0
2 2 1.0
3 3 -0.9670180424661907
Nupdn
1
1 2 1.071295
Ntot
2
1 3 -0.25470788276937323
3 2 4.067253759640557
341 3 3
Id
3
1 1 1.0
2 2 1.0
3 3 -0.9670180424664621
Nupdn
1
1 2 1.071295
Ntot
2
1 3 0.2547078827683432
3 2 -4.067253759658135
342 3 3
Id
3
1 1 1.0
2 2 1.0
3 3 -0.9670180424667154
Nupdn
1
1 2 1.071295
Ntot
2
1 3 -0.25470788276738077
3 2 4.06725375967457
343 3 3
Id
3
1 1 1.0
2 2 1.0
3 3 -0.9670180424669526
Nupdn
1
1 2 1.071295
Ntot
2
1 3 0.2547078827664805
3 2 -4.067253759689946
344 3 3
Id
3
1 1 1.0
2 2 1.0
3 3 -0.9670180424671746
Nupdn
1
1 2 1.071295
Ntot
2
1 3 -0.2547078827656386
3 2 4.067253759704324
345 3 3
Id
3
1 1 1.0
2 2 1.0
3 3 -0.9670180424673815
Nupdn
1
1 2 1.071295
Ntot
2
1 3 0.2547078827648513
3 2 -4.0672537597177625
346 3 3
Id
3
1 1 1.0
2 2 1.0
3 3 -0.9670180424675756
Nupdn
1
1 2 1.071295
Ntot
2
1 3 -0.25470788276411516
3 2 4.067253759730334
347 3 3
Id
3
1 1 1.0
2 2 1.0
3 3 -0.9670180424677568
Nupdn
1
1 2 1.071295
Ntot
2
1 3 0.254707882763427
3 2 -4.067253759742086
348 3 3
Id
3
1 1 1.0
2 2 1.0
3 3 -0.9670180424679264
Nupdn
1
1 2 1.071295
Ntot
2
1 3 -0.25470788276278317
3 2 4.06725375975308
349 3 3
Id
3
1 1 1.0
2 2 1.0
3 3 -0.9670180424680852
Nupdn
1
1 2 1.071295
Ntot
2
1 3 0.2547078827621813
3 2 -4.06725375976336
350 3 3
Id
3
1 1 1.0
2 2 1.0
3 3 -0.9670180424682333
Nupdn
1
1 2 1.071295
Ntot
2
1 3 -0.25470788276161843
3 2 4.06725375977297
351 3 3
Id
3
1 1 1.0
2 2 1.0
3 3 -0.9670180424683719
Nupdn
1
1 2 1.071295
Ntot
2
1 3 0.2547078827610921
3 2 -4.067253759781961
352 3 3
Id
3
1 1 1.0
2 2 1.0
3 3 -0.9670180424685018
Nupdn
1
1 2 1.071295
Ntot
2
1 3 -0.2547078827606001
3 2 4.067253759790366
353 3 3
Id
3
1 1 1.0
2 2 1.0
3 3 -0.9670180424686228
Nupdn
1
1 2 1.071295
Ntot
2
1 3 0.25470788276013967
3 2 -4.067253759798227
354 3 3
Id
3
1 1 1.0
2 2 1.0
3 3 -0.9670180424687362
Nupdn
1
1 2 1.071295
Ntot
2
1 3 -0.25470788275970924
3 2 4.067253759805574
355 3 3
Id
3
1 1 1.0
2 2 1.0
3 3 -0.9670180424688422
Nupdn
1
1 2 1.071295
Ntot
2
1 3 0.25470788275930656
3 2 -4.0672537598124485
356 3 3
Id
3
1 1 1.0
2 2 1.0
3 3 -0.9670180424689414
Nupdn
1
1 2 1.071295
Ntot
2
1 3 -0.2547078827589302
3 2 4.067253759818875
357 3 3
Id
3
1 1 1.0
2 2 1.0
3 3 -0.9670180424690338
Nupdn
1
1 2 1.071295
Ntot
2
1 3 0.2547078827585786
3 2 -4.0672537598248875
358 3 3
Id
3
1 1 1.0
2 2 1.0
3 3 -0.9670180424691208
Nupdn
1
1 2 1.071295
Ntot
2
1 3 -0.2547078827582489
3 2 4.067253759830507
359 3 3
Id
3
1 1 1.0
2 2 1.0
3 3 -0.9670180424692014
Nupdn
1
1 2 1.071295
Ntot
2
1 3 0.2547078827579416
3 2 -4.067253759835761
360 3 3
Id
3
1 1 1.0
2 2 1.0
3 3 -0.9670180424692774
Nupdn
1
1 2 1.071295
Ntot
2
1 3 -0.25470788275765377
3 2 4.067253759840682
361 3 3
Id
3
1 1 1.0
2 2 1.0
3 3 -0.9670180424693482
Nupdn
1
1 2 1.071295
Ntot
2
1 3 0.2547078827573843
3 2 -4.067253759845275
362 3 3
Id
3
1 1 1.0
2 2 1.0
3 3 -0.967018042469415
Nupdn
1
1 2 1.071295
Ntot
2
1 3 -0.25470788275713263
3 2 4.067253759849571
363 3 3
Id
3
1 1 1.0
2 2 1.0
3 3 -0.9670180424694768
Nupdn
1
1 2 1.071295
Ntot
2
1 3 0.2547078827568976
3 2 -4.0672537598535925
364 3 3
Id
3
1 1 1.0
2 2 1.0
3 3 -0.9670180424695347
Nupdn
1
1 2 1.071295
Ntot
2
1 3 -0.25470788275667744
3 2 4.067253759857346
365 3 3
Id
3
1 1 1.0
2 2 1.0
3 3 -0.9670180424695887
Nupdn
1
1 2 1.071295
Ntot
2
1 3 0.2547078827564713
3 2 -4.067253759860861
366 3 3
Id
3
1 1 1.0
2 2 1.0
3 3 -0.9670180424696397
Nupdn
1
1 2 1.071295
Ntot
2
1 3 -0.254707882756279
3 2 4.06725375986415
367 3 3
Id
3
1 1 1.0
2 2 1.0
3 3 -0.967018042469687
Nupdn
1
1 2 1.071295
Ntot
2
1 3 0.25470788275609896
3 2 -4.067253759867224
368 3 3
Id
3
1 1 1.0
2 2 1.0
3 3 -0.9670180424697314
Nupdn
1
1 2 1.071295
Ntot
2
1 3 -0.25470788275593037
3 2 4.067253759870094
369 3 3
Id
3
1 1 1.0
2 2 1.0
3 3 -0.9670180424697727
Nupdn
1
1 2 1.071295
Ntot
2
1 3 0.25470788275577316
3 2 -4.067253759872784
370 3 3
Id
3
1 1 1.0
2 2 1.0
3 3 -0.9670180424698116
Nupdn
1
1 2 1.071295
Ntot
2
1 3 -0.254707882755626
3 2 4.0672537598753005
371 3 3
Id
3
1 1 1.0
2 2 1.0
3 3 -0.967018042469848
Nupdn
1
1 2 1.071295
Ntot
2
1 3 0.2547078827554884
3 2 -4.0672537598776515
372 3 3
Id
3
1 1 1.0
2 2 1.0
3 3 -0.9670180424698815
Nupdn
1
1 2 1.071295
Ntot
2
1 3 -0.2547078827553593
3 2 4.067253759879845
373 3 3
Id
3
1 1 1.0
2 2 1.0
3 3 -0.9670180424699137
Nupdn
1
1 2 1.071295
Ntot
2
1 3 0.2547078827552394
3 2 -4.067253759881908
374 3 3
Id
3
1 1 1.0
2 2 1.0
3 3 -0.967018042469943
Nupdn
1
1 2 1.071295
Ntot
2
1 3 -0.25470788275512646
3 2 4.067253759883823
375 3 3
Id
3
1 1 1.0
2 2 1.0
3 3 -0.9670180424699708
Nupdn
1
1 2 1.071295
Ntot
2
1 3 0.2547078827550213
3 2 -4.067253759885623
376 3 3
Id
3
1 1 1.0
2 2 1.0
3 3 -0.967018042469997
Nupdn
1
1 2 1.071295
Ntot
2
1 3 -0.25470788275492307
3 2 4.067253759887304
377 3 3
Id
3
1 1 1.0
2 2 1.0
3 3 -0.967018042470021
Nupdn
1
1 2 1.071295
Ntot
2
1 3 0.2547078827548312
3 2 -4.067253759888876
378 3 3
Id
3
1 1 1.0
2 2 1.0
3 3 -0.9670180424700434
Nupdn
1
1 2 1.071295
Ntot
2
1 3 -0.25470788275474515
3 2 4.06725375989034
379 3 3
Id
3
1 1 1.0
2 2 1.0
3 3 -0.9670180424700647
Nupdn
1
1 2 1.071295
Ntot
2
1 3 0.25470788275466477
3 2 -4.067253759891716
380 3 3
Id
3
1 1 1.0
2 2 1.0
3 3 -0.9670180424700843
Nupdn
1
1 2 1.071295
Ntot
2
1 3 -0.2547078827545895
3 2 4.067253759893001
381 3 3
Id
3
1 1 1.0
2 2 1.0
3 3 -0.9670180424701031
Nupdn
1
1 2 1.071295
Ntot
2
1 3 0.25470788275451883
3 2 -4.067253759894202
382 3 3
Id
3
1 1 1.0
2 2 1.0
3 3 -0.9670180424701202
Nupdn
1
1 2 1.071295
Ntot
2
1 3 -0.25470788275445316
3 2 4.067253759895323
383 3 3
Id
3
1 1 1.0
2 2 1.0
3 3 -0.9670180424701365
Nupdn
1
1 2 1.071295
Ntot
2
1 3 0.254707882754392
3 2 -4.067253759896377
384 3 3
Id
3
1 1 1.0
2 2 1.0
3 3 -0.967018042470152
Nupdn
1
1 2 1.071295
Ntot
2
1 3 -0.25470788275433415
3 2 4.067253759897359
385 3 3
Id
3
1 1 1.0
2 2 1.0
3 3 -0.967018042470166
Nupdn
1
1 2 1.071295
Ntot
2
1 3 0.2547078827542805
3 2 -4.067253759898275
386 3 3
Id
3
1 1 1.0
2 2 1.0
3 3 -0.9670180424701793
Nupdn
1
1 2 1.071295
Ntot
2
1 3 -0.2547078827542299
3 2 4.067253759899135
387 3 3
Id
3
1 1 1.0
2 2 1.0
3 3 -0.967018042470192
Nupdn
1
1 2 1.071295
Ntot
2
1 3 0.2547078827541828
3 2 -4.067253759899942
388 3 3
Id
3
1 1 1.0
2 2 1.0
3 3 -0.9670180424702033
Nupdn
1
1 2 1.071295
Ntot
2
1 3 -0.2547078827541391
3 2 4.06725375990069
389 3 3
Id
3
1 1 1.0
2 2 1.0
3 3 -0.9670180424702142
Nupdn
1
1 2 1.071295
Ntot
2
1 3 0.2547078827540978
3 2 -4.0672537599013925
390 3 3
Id
3
1 1 1.0
2 2 1.0
3 3 -0.9670180424702244
Nupdn
1
1 2 1.071295
Ntot
2
1 3 -0.25470788275405953
3 2 4.067253759902045
391 3 3
Id
3
1 1 1.0
2 2 1.0
3 3 -0.9670180424702335
Nupdn
1
1 2 1.071295
Ntot
2
1 3 0.2547078827540235
3 2 -4.0672537599026635
392 3 3
Id
3
1 1 1.0
2 2 1.0
3 3 -0.9670180424702426
Nupdn
1
1 2 1.071295
Ntot
2
1 3 -0.25470788275399003
3 2 4.06725375990324
393 3 3
Id
3
1 1 1.0
2 2 1.0
3 3 -0.9670180424702508
Nupdn
1
1 2 1.071295
Ntot
2
1 3 0.2547078827539585
3 2 -4.067253759903777
394 3 3
Id
3
1 1 1.0
2 2 1.0
3 3 -0.9670180424702588
Nupdn
1
1 2 1.071295
Ntot
2
1 3 -0.254707882753929
3 2 4.067253759904275
395 3 3
Id
3
1 1 1.0
2 2 1.0
3 3 -0.9670180424702659
Nupdn
1
1 2 1.071295
Ntot
2
1 3 0.2547078827539015
3 2 -4.067253759904745
396 3 3
Id
3
1 1 1.0
2 2 1.0
3 3 -0.9670180424702726
Nupdn
1
1 2 1.071295
Ntot
2
1 3 -0.25470788275387585
3 2 4.067253759905189
397 3 3
Id
3
1 1 1.0
2 2 1.0
3 3 -0.967018042470279
Nupdn
1
1 2 1.071295
Ntot
2
1 3 0.2547078827538516
3 2 -4.067253759905595
398 3 3
Id
3
1 1 1.0
2 2 1.0
3 3 -0.967018042470285
Nupdn
1
1 2 1.071295
Ntot
2
1 3 -0.2547078827538293
3 2 4.067253759905986
399 3 3
Id
3
1 1 1.0
2 2 1.0
3 3 -0.9670180424702901
Nupdn
1
1 2 1.071295
Ntot
2
1 3 0.25470788275380846
3 2 -4.06725375990634
400 3 3
Id
3
1 1 1.0
2 2 1.0
3 3 -0.9670180424702954
Nupdn
1
1 2 1.071295
Ntot
2
1 3 -0.25470788275378814
3 2 4.067253759906677
401 3 3
Id
3
1 1 1.0
2 2 1.0
3 3 -0.9670180424703005
Nupdn
1
1 2 1.071295
Ntot
2
1 3 0.25470788275376977
3 2 -4.067253759906995
402 3 3
Id
3
1 1 1.0
2 2 1.0
3 3 -0.9670180424703048
Nupdn
1
1 2 1.071295
Ntot
2
1 3 -0.25470788275375283
3 2 4.067253759907285
403 3 3
Id
3
1 1 1.0
2 2 1.0
3 3 -0.9670180424703092
Nupdn
1
1 2 1.071295
Ntot
2
1 3 0.254707882753737
3 2 -4.067253759907562
404 3 3
Id
3
1 1 1.0
2 2 1.0
3 3 -0.9670180424703134
Nupdn
1
1 2 1.071295
Ntot
2
1 3 -0.2547078827537213
3 2 4.067253759907818
405 3 3
Id
3
1 1 1.0
2 2 1.0
3 3 -0.967018042470317
Nupdn
1
1 2 1.071295
Ntot
2
1 3 0.2547078827537072
3 2 -4.0672537599080565
406 3 3
Id
3
1 1 1.0
2 2 1.0
3 3 -0.9670180424703201
Nupdn
1
1 2 1.071295
Ntot
2
1 3 -0.2547078827536945
3 2 4.067253759908284
407 3 3
Id
3
1 1 1.0
2 2 1.0
3 3 -0.9670180424703239
Nupdn
1
1 2 1.071295
Ntot
2
1 3 0.25470788275368234
3 2 -4.0672537599084935
408 3 3
Id
3
1 1 1.0
2 2 1.0
3 3 -0.9670180424703267
Nupdn
1
1 2 1.071295
Ntot
2
1 3 -0.25470788275367057
3 2 4.067253759908691
409 3 3
Id
3
1 1 1.0
2 2 1.0
3 3 -0.9670180424703294
Nupdn
1
1 2 1.071295
Ntot
2
1 3 0.2547078827536601
3 2 -4.0672537599088745
410 3 3
Id
3
1 1 1.0
2 2 1.0
3 3 -0.9670180424703321
Nupdn
1
1 2 1.071295
Ntot
2
1 3 -0.2547078827536498
3 2 4.067253759909045
411 3 3
Id
3
1 1 1.0
2 2 1.0
3 3 -0.9670180424703345
Nupdn
1
1 2 1.071295
Ntot
2
1 3 0.2547078827536405
3 2 -4.067253759909203
412 3 3
Id
3
1 1 1.0
2 2 1.0
3 3 -0.9670180424703372
Nupdn
1
1 2 1.071295
Ntot
2
1 3 -0.2547078827536316
3 2 4.067253759909357
413 3 3
Id
3
1 1 1.0
2 2 1.0
3 3 -0.9670180424703394
Nupdn
1
1 2 1.071295
Ntot
2
1 3 0.2547078827536234
3 2 -4.067253759909497
414 3 3
Id
3
1 1 1.0
2 2 1.0
3 3 -0.9670180424703412
Nupdn
1
1 2 1.071295
Ntot
2
1 3 -0.25470788275361556
3 2 4.067253759909629
415 3 3
Id
3
1 1 1.0
2 2 1.0
3 3 -0.9670180424703427
Nupdn
1
1 2 1.071295
Ntot
2
1 3 0.2547078827536087
3 2 -4.067253759909753
416 3 3
Id
3
1 1 1.0
2 2 1.0
3 3 -0.9670180424703447
Nupdn
1
1 2 1.071295
Ntot
2
1 3 -0.2547078827536018
3 2 4.067253759909866
417 3 3
Id
3
1 1 1.0
2 2 1.0
3 3 -0.9670180424703465
Nupdn
1
1 2 1.071295
Ntot
2
1 3 0.25470788275359546
3 2 -4.067253759909974
418 3 3
Id
3
1 1 1.0
2 2 1.0
3 3 -0.9670180424703478
Nupdn
1
1 2 1.071295
Ntot
2
1 3 -0.25470788275359
3 2 4.067253759910076
419 3 3
Id
3
1 1 1.0
2 2 1.0
3 3 -0.9670180424703494
Nupdn
1
1 2 1.071295
Ntot
2
1 3 0.25470788275358414
3 2 -4.067253759910163
420 3 3
Id
3
1 1 1.0
2 2 1.0
3 3 -0.9670180424703507
Nupdn
1
1 2 1.071295
Ntot
2
1 3 -0.25470788275357914
3 2 4.0672537599102565
421 3 3
Id
3
1 1 1.0
2 2 1.0
3 3 -0.9670180424703523
Nupdn
1
1 2 1.071295
Ntot
2
1 3 0.25470788275357403
3 2 -4.067253759910335
422 3 3
Id
3
1 1 1.0
2 2 1.0
3 3 -0.9670180424703532
Nupdn
1
1 2 1.071295
Ntot
2
1 3 -0.25470788275356976
3 2 4.067253759910411
423 3 3
Id
3
1 1 1.0
2 2 1.0
3 3 -0.9670180424703543
Nupdn
1
1 2 1.071295
Ntot
2
1 3 0.25470788275356565
3 2 -4.067253759910481
424 3 3
Id
3
1 1 1.0
2 2 1.0
3 3 -0.9670180424703554
Nupdn
1
1 2 1.071295
Ntot
2
1 3 -0.2547078827535617
3 2 4.067253759910552
425 3 3
Id
3
1 1 1.0
2 2 1.0
3 3 -0.9670180424703565
Nupdn
1
1 2 1.071295
Ntot
2
1 3 0.25470788275355777
3 2 -4.067253759910619
426 3 3
Id
3
1 1 1.0
2 2 1.0
3 3 -0.9670180424703569
Nupdn
1
1 2 1.071295
Ntot
2
1 3 -0.2547078827535545
3 2 4.067253759910676
427 3 3
Id
3
1 1 1.0
2 2 1.0
3 3 -0.967018042470358
Nupdn
1
1 2 1.071295
Ntot
2
1 3 0.2547078827535512
3 2 -4.067253759910733
428 3 3
Id
3
1 1 1.0
2 2 1.0
3 3 -0.9670180424703587
Nupdn
1
1 2 1.071295
Ntot
2
1 3 -0.25470788275354794
3 2 4.067253759910784
429 3 3
Id
3
1 1 1.0
2 2 1.0
3 3 -0.9670180424703598
Nupdn
1
1 2 1.071295
Ntot
2
1 3 0.25470788275354506
3 2 -4.067253759910833
430 3 3
Id
3
1 1 1.0
2 2 1.0
3 3 -0.9670180424703603
Nupdn
1
1 2 1.071295
Ntot
2
1 3 -0.2547078827535428
3 2 4.067253759910873
431 3 3
Id
3
1 1 1.0
2 2 1.0
3 3 -0.9670180424703609
Nupdn
1
1 2 1.071295
Ntot
2
1 3 0.2547078827535404
3 2 -4.0672537599109155
432 3 3
Id
3
1 1 1.0
2 2 1.0
3 3 -0.9670180424703614
Nupdn
1
1 2 1.071295
Ntot
2
1 3 -0.2547078827535377
3 2 4.0672537599109555
433 3 3
Id
3
1 1 1.0
2 2 1.0
3 3 -0.967018042470362
Nupdn
1
1 2 1.071295
Ntot
2
1 3 0.2547078827535356
3 2 -4.067253759910991
434 3 3
Id
3
1 1 1.0
2 2 1.0
3 3 -0.9670180424703627
Nupdn
1
1 2 1.071295
Ntot
2
1 3 -0.2547078827535338
3 2 4.067253759911027
435 3 3
Id
3
1 1 1.0
2 2 1.0
3 3 -0.9670180424703634
Nupdn
1
1 2 1.071295
Ntot
2
1 3 0.25470788275353184
3 2 -4.067253759911058
436 3 3
Id
3
1 1 1.0
2 2 1.0
3 3 -0.9670180424703638
Nupdn
1
1 2 1.071295
Ntot
2
1 3 -0.25470788275353023
3 2 4.067253759911091
437 3 3
Id
3
1 1 1.0
2 2 1.0
3 3 -0.967018042470364
Nupdn
1
1 2 1.071295
Ntot
2
1 3 0.25470788275352835
3 2 -4.067253759911115
438 3 3
Id
3
1 1 1.0
2 2 1.0
3 3 -0.9670180424703645
Nupdn
1
1 2 1.071295
Ntot
2
1 3 -0.2547078827535268
3 2 4.067253759911142
439 3 3
Id
3
1 1 1.0
2 2 1.0
3 3 -0.9670180424703647
Nupdn
1
1 2 1.071295
Ntot
2
1 3 0.2547078827535253
3 2 -4.067253759911169
440 3 3
Id
3
1 1 1.0
2 2 1.0
3 3 -0.9670180424703652
Nupdn
1
1 2 1.071295
Ntot
2
1 3 -0.2547078827535241
3 2 4.067253759911192
441 3 3
Id
3
1 1 1.0
2 2 1.0
3 3 -0.9670180424703654
Nupdn
1
1 2 1.071295
Ntot
2
1 3 0.2547078827535229
3 2 -4.067253759911214
442 3 3
Id
3
1 1 1.0
2 2 1.0
3 3 -0.9670180424703656
Nupdn
1
1 2 1.071295
Ntot
2
1 3 -0.2547078827535218
3 2 4.067253759911232
443 3 3
Id
3
1 1 1.0
2 2 1.0
3 3 -0.967018042470366
Nupdn
1
1 2 1.071295
Ntot
2
1 3 0.2547078827535208
3 2 -4.067253759911252
444 3 3
Id
3
1 1 1.0
2 2 1.0
3 3 -0.9670180424703665
Nupdn
1
1 2 1.071295
Ntot
2
1 3 -0.25470788275351963
3 2 4.067253759911272
445 3 3
Id
3
1 1 1.0
2 2 1.0
3 3 -0.9670180424703663
Nupdn
1
1 2 1.071295
Ntot
2
1 3 0.2547078827535188
3 2 -4.067253759911287
446 3 3
Id
3
1 1 1.0
2 2 1.0
3 3 -0.9670180424703667
Nupdn
1
1 2 1.071295
Ntot
2
1 3 -0.25470788275351797
3 2 4.067253759911302
447 3 3
Id
3
1 1 1.0
2 2 1.0
3 3 -0.9670180424703669
Nupdn
1
1 2 1.071295
Ntot
2
1 3 0.2547078827535171
3 2 -4.067253759911315
448 3 3
Id
3
1 1 1.0
2 2 1.0
3 3 -0.9670180424703674
Nupdn
1
1 2 1.071295
Ntot
2
1 3 -0.25470788275351625
3 2 4.067253759911326
449 3 3
Id
3
1 1 1.0
2 2 1.0
3 3 -0.9670180424703678
Nupdn
1
1 2 1.071295
Ntot
2
1 3 0.2547078827535153
3 2 -4.067253759911344
450 3 3
Id
3
1 1 1.0
2 2 1.0
3 3 -0.9670180424703678
Nupdn
1
1 2 1.071295
Ntot
2
1 3 -0.2547078827535146
3 2 4.0672537599113525
451 3 3
Id
3
1 1 1.0
2 2 1.0
3 3 -0.9670180424703678
Nupdn
1
1 2 1.071295
Ntot
2
1 3 0.2547078827535139
3 2 -4.067253759911361
452 3 3
Id
3
1 1 1.0
2 2 1.0
3 3 -0.967018042470368
Nupdn
1
1 2 1.071295
Ntot
2
1 3 -0.2547078827535134
3 2 4.0672537599113765
453 3 3
Id
3
1 1 1.0
2 2 1.0
3 3 -0.9670180424703683
Nupdn
1
1 2 1.071295
Ntot
2
1 3 0.2547078827535129
3 2 -4.067253759911386
454 3 3
Id
3
1 1 1.0
2 2 1.0
3 3 -0.967018042470368
Nupdn
1
1 2 1.071295
Ntot
2
1 3 -0.25470788275351247
3 2 4.067253759911391
455 3 3
Id
3
1 1 1.0
2 2 1.0
3 3 -0.9670180424703683
Nupdn
1
1 2 1.071295
Ntot
2
1 3 0.2547078827535118
3 2 -4.067253759911402
456 3 3
Id
3
1 1 1.0
2 2 1.0
3 3 -0.9670180424703685
Nupdn
1
1 2 1.071295
Ntot
2
1 3 -0.25470788275351164
3 2 4.067253759911408
457 3 3
Id
3
1 1 1.0
2 2 1.0
3 3 -0.9670180424703685
Nupdn
1
1 2 1.071295
Ntot
2
1 3 0.25470788275351114
3 2 -4.067253759911413
458 3 3
Id
3
1 1 1.0
2 2 1.0
3 3 -0.9670180424703685
Nupdn
1
1 2 1.071295
Ntot
2
1 3 -0.2547078827535107
3 2 4.067253759911422
459 3 3
Id
3
1 1 1.0
2 2 1.0
3 3 -0.9670180424703689
Nupdn
1
1 2 1.071295
Ntot
2
1 3 0.2547078827535104
3 2 -4.06725375991143
460 3 3
Id
3
1 1 1.0
2 2 1.0
3 3 -0.9670180424703689
Nupdn
1
1 2 1.071295
Ntot
2
1 3 -0.25470788275351014
3 2 4.067253759911432
461 3 3
Id
3
1 1 1.0
2 2 1.0
3 3 -0.9670180424703692
Nupdn
1
1 2 1.071295
Ntot
2
1 3 0.2547078827535096
3 2 -4.0672537599114404
462 3 3
Id
3
1 1 1.0
2 2 1.0
3 3 -0.9670180424703689
Nupdn
1
1 2 1.071295
Ntot
2
1 3 -0.25470788275350903
3 2 4.067253759911449
463 3 3
Id
3
1 1 1.0
2 2 1.0
3 3 -0.9670180424703692
Nupdn
1
1 2 1.071295
Ntot
2
1 3 0.25470788275350886
3 2 -4.067253759911453
464 3 3
Id
3
1 1 1.0
2 2 1.0
3 3 -0.9670180424703694
Nupdn
1
1 2 1.071295
Ntot
2
1 3 -0.2547078827535085
3 2 4.067253759911459
465 3 3
Id
3
1 1 1.0
2 2 1.0
3 3 -0.9670180424703692
Nupdn
1
1 2 1.071295
Ntot
2
1 3 0.25470788275350836
3 2 -4.0672537599114635
466 3 3
Id
3
1 1 1.0
2 2 1.0
3 3 -0.9670180424703694
Nupdn
1
1 2 1.071295
Ntot
2
1 3 -0.25470788275350803
3 2 4.067253759911464
467 3 3
Id
3
1 1 1.0
2 2 1.0
3 3 -0.9670180424703696
Nupdn
1
1 2 1.071295
Ntot
2
1 3 0.2547078827535077
3 2 -4.06725375991147
468 3 3
Id
3
1 1 1.0
2 2 1.0
3 3 -0.9670180424703696
Nupdn
1
1 2 1.071295
Ntot
2
1 3 -0.2547078827535075
3 2 4.067253759911479
469 3 3
Id
3
1 1 1.0
2 2 1.0
3 3 -0.9670180424703694
Nupdn
1
1 2 1.071295
Ntot
2
1 3 0.2547078827535076
3 2 -4.067253759911476
470 3 3
Id
3
1 1 1.0
2 2 1.0
3 3 -0.9670180424703696
Nupdn
1
1 2 1.071295
Ntot
2
1 3 -0.25470788275350725
3 2 4.0672537599114795
471 3 3
Id
3
1 1 1.0
2 2 1.0
3 3 -0.9670180424703696
Nupdn
1
1 2 1.071295
Ntot
2
1 3 0.2547078827535074
3 2 -4.067253759911482
472 3 3
Id
3
1 1 1.0
2 2 1.0
3 3 -0.9670180424703696
Nupdn
1
1 2 1.071295
Ntot
2
1 3 -0.25470788275350686
3 2 4.067253759911483
473 3 3
Id
3
1 1 1.0
2 2 1.0
3 3 -0.9670180424703698
Nupdn
1
1 2 1.071295
Ntot
2
1 3 0.254707882753507
3 2 -4.067253759911483
474 3 3
Id
3
1 1 1.0
2 2 1.0
3 3 -0.96701804247037
Nupdn
1
1 2 1.071295
Ntot
2
1 3 -0.25470788275350653
3 2 4.067253759911493
475 3 3
Id
3
1 1 1.0
2 2 1.0
3 3 -0.9670180424703698
Nupdn
1
1 2 1.071295
Ntot
2
1 3 0.2547078827535068
3 2 -4.067253759911486
476 3 3
Id
3
1 1 1.0
2 2 1.0
3 3 -0.96701804247037
Nupdn
1
1 2 1.071295
Ntot
2
1 3 -0.2547078827535063
3 2 4.067253759911493
477 3 3
Id
3
1 1 1.0
2 2 1.0
3 3 -0.96701804247037
Nupdn
1
1 2 1.071295
Ntot
2
1 3 0.2547078827535064
3 2 -4.067253759911494
478 3 3
Id
3
1 1 1.0
2 2 1.0
3 3 -0.9670180424703698
Nupdn
1
1 2 1.071295
Ntot
2
1 3 -0.25470788275350625
3 2 4.067253759911496
479 3 3
Id
3
1 1 1.0
2 2 1.0
3 3 -0.9670180424703698
Nupdn
1
1 2 1.071295
Ntot
2
1 3 0.25470788275350636
3 2 -4.0672537599115
480 3 3
Id
3
1 1 1.0
2 2 1.0
3 3 -0.96701804247037
Nupdn
1
1 2 1.071295
Ntot
2
1 3 -0.25470788275350625
3 2 4.067253759911499
481 3 3
Id
3
1 1 1.0
2 2 1.0
3 3 -0.96701804247037
Nupdn
1
1 2 1.071295
Ntot
2
1 3 0.2547078827535062
3 2 -4.067253759911496
482 3 3
Id
3
1 1 1.0
2 2 1.0
3 3 -0.96701804247037
Nupdn
1
1 2 1.071295
Ntot
2
1 3 -0.2547078827535059
3 2 4.067253759911501
483 3 3
Id
3
1 1 1.0
2 2 1.0
3 3 -0.9670180424703698
Nupdn
1
1 2 1.071295
Ntot
2
1 3 0.2547078827535061
3 2 -4.0672537599115
484 3 3
Id
3
1 1 1.0
2 2 1.0
3 3 -0.9670180424703703
Nupdn
1
1 2 1.071295
Ntot
2
1 3 -0.25470788275350575
3 2 4.0672537599115035
485 3 3
Id
3
1 1 1.0
2 2 1.0
3 3 -0.96701804247037
Nupdn
1
1 2 1.071295
Ntot
2
1 3 0.2547078827535061
3 2 -4.067253759911502
486 3 3
Id
3
1 1 1.0
2 2 1.0
3 3 -0.96701804247037
Nupdn
1
1 2 1.071295
Ntot
2
1 3 -0.2547078827535057
3 2 4.067253759911508
487 3 3
Id
3
1 1 1.0
2 2 1.0
3 3 -0.96701804247037
Nupdn
1
1 2 1.071295
Ntot
2
1 3 0.25470788275350575
3 2 -4.0672537599115035
488 3 3
Id
3
1 1 1.0
2 2 1.0
3 3 -0.96701804247037
Nupdn
1
1 2 1.071295
Ntot
2
1 3 -0.2547078827535055
3 2 4.067253759911504
489 3 3
Id
3
1 1 1.0
2 2 1.0
3 3 -0.9670180424703698
Nupdn
1
1 2 1.071295
Ntot
2
1 3 0.25470788275350537
3 2 -4.0672537599115115
490 3 3
Id
3
1 1 1.0
2 2 1.0
3 3 -0.96701804247037
Nupdn
1
1 2 1.071295
Ntot
2
1 3 -0.2547078827535056
3 2 4.067253759911508
491 3 3
Id
3
1 1 1.0
2 2 1.0
3 3 -0.9670180424703703
Nupdn
1
1 2 1.071295
Ntot
2
1 3 0.25470788275350525
3 2 -4.067253759911515
492 3 3
Id
3
1 1 1.0
2 2 1.0
3 3 -0.96701804247037
Nupdn
1
1 2 1.071295
Ntot
2
1 3 -0.2547078827535054
3 2 4.067253759911508
493 3 3
Id
3
1 1 1.0
2 2 1.0
3 3 -0.96701804247037
Nupdn
1
1 2 1.071295
Ntot
2
1 3 0.25470788275350514
3 2 -4.067253759911517
494 3 3
Id
3
1 1 1.0
2 2 1.0
3 3 -0.96701804247037
Nupdn
1
1 2 1.071295
Ntot
2
1 3 -0.25470788275350537
3 2 4.06725375991151
495 3 3
Id
3
1 1 1.0
2 2 1.0
3 3 -0.9670180424703703
Nupdn
1
1 2 1.071295
Ntot
2
1 3 0.2547078827535052
3 2 -4.067253759911512
496 3 3
Id
3
1 1 1.0
2 2 1.0
3 3 -0.96701804247037
Nupdn
1
1 2 1.071295
Ntot
2
1 3 -0.2547078827535053
3 2 4.067253759911515
497 3 3
Id
3
1 1 1.0
2 2 1.0
3 3 -0.9670180424703703
Nupdn
1
1 2 1.071295
Ntot
2
1 3 0.2547078827535052
3 2 -4.067253759911513
498 3 3
Id
3
1 1 1.0
2 2 1.0
3 3 -0.96701804247037
Nupdn
1
1 2 1.071295
Ntot
2
1 3 -0.25470788275350525
3 2 4.0672537599115115
499 3 3
Id
3
1 1 1.0
2 2 1.0
3 3 -0.9670180424703705
Nupdn
1
1 2 1.071295
Ntot
2
1 3 0.25470788275350514
3 2 -4.067253759911514
500 3 3
Id
3
1 1 1.0
2 2 1.0
3 3 -0.96701804247037
Nupdn
1
1 2 1.071295
Ntot
2
1 3 -0.25470788275350525
3 2 4.067253759911514
501 3 3
Id
3
1 1 1.0
2 2 1.0
3 3 -0.9670180424703705
Nupdn
1
1 2 1.071295
Ntot
2
1 3 0.2547078827535051
3 2 -4.067253759911513
502 3 3
Id
3
1 1 1.0
2 2 1.0
3 3 -0.9670180424703705
Nupdn
1
1 2 1.071295
Ntot
2
1 3 -0.2547078827535053
3 2 4.067253759911512
503 3 3
Id
3
1 1 1.0
2 2 1.0
3 3 -0.9670180424703703
Nupdn
1
1 2 1.071295
Ntot
2
1 3 0.2547078827535051
3 2 -4.067253759911518
504 3 3
Id
3
1 1 1.0
2 2 1.0
3 3 -0.9670180424703703
Nupdn
1
1 2 1.071295
Ntot
2
1 3 -0.25470788275350525
3 2 4.067253759911515
505 3 3
Id
3
1 1 1.0
2 2 1.0
3 3 -0.9670180424703703
Nupdn
1
1 2 1.071295
Ntot
2
1 3 0.2547078827535053
3 2 -4.067253759911518
506 3 3
Id
3
1 1 1.0
2 2 1.0
3 3 -0.9670180424703698
Nupdn
1
1 2 1.071295
Ntot
2
1 3 -0.2547078827535053
3 2 4.067253759911509
507 3 3
Id
3
1 1 1.0
2 2 1.0
3 3 -0.9670180424703705
Nupdn
1
1 2 1.071295
Ntot
2
1 3 0.2547078827535051
3 2 -4.067253759911519
508 3 3
Id
3
1 1 1.0
2 2 1.0
3 3 -0.96701804247037
Nupdn
1
1 2 1.071295
Ntot
2
1 3 -0.25470788275350525
3 2 4.067253759911515
509 3 3
Id
3
1 1 1.0
2 2 1.0
3 3 -0.9670180424703703
Nupdn
1
1 2 1.071295
Ntot
2
1 3 0.25470788275350514
3 2 -4.067253759911517
510 3 3
Id
3
1 1 1.0
2 2 1.0
3 3 -0.9670180424703703
Nupdn
1
1 2 1.071295
Ntot
2
1 3 -0.25470788275350537
3 2 4.067253759911512
511 3 3
Id
3
1 1 1.0
2 2 1.0
3 3 -0.9670180424703703
Nupdn
1
1 2 1.071295
Ntot
2
1 3 0.25470788275350503
3 2 -4.067253759911519
512 3 3
Id
3
1 1 1.0
2 2 1.0
3 3 -0.96701804247037
Nupdn
1
1 2 1.071295
Ntot
2
1 3 -0.25470788275350525
3 2 4.067253759911517
513 3 1
Id
1
2 1 1.0
Nupdn
1
1 1 1.071295
Ntot
1
3 1 -4.067253759911515
