513
1 1 3
Id
1
1 1 1.0
Nupdn
1
1 2 53.564750000000004
Ntot
1
1 3 1.0
2 3 3
Id
3
1 1 1.0
2 2 1.0
3 3 -0.6951526607370007
Nupdn
1
1 2 53.564750000000004
Ntot
2
1 3 -0.7188621413527551
3 2 51.79807969041481
3 3 3
Id
3
1 1 1.0
2 2 1.0
3 3 -0.8025428276211648
Nupdn
1
1 2 53.564750000000004
Ntot
2
1 3 0.5965945103953147
3 2 -72.05565116134933
4 3 3
Id
3
1 1 1.0
2 2 1.0
3 3 -0.8510659796103748
Nupdn
1
1 2 53.564750000000004
Ntot
2
1 3 -0.5250587570451839
3 2 86.8229237578677
5 3 3
Id
3
1 1 1.0
2 2 1.0
3 3 -0.8788129971899847
Nupdn
1
1 2 53.564750000000004
Ntot
2
1 3 0.47716633993813495
3 2 -98.65196798528437
6 3 3
Id
3
1 1 1.0
2 2 1.0
3 3 -0.8967675762792702
Nupdn
1
1 2 53.564750000000004
Ntot
2
1 3 -0.4425018803736357
3 2 108.55350714203865
7 3 3
Id
3
1 1 1.0
2 2 1.0
3 3 -0.9093192133378396
Nupdn
1
1 2 53.564750000000004
Ntot
2
1 3 0.4160992288561138
3 2 -117.05730978290511
8 3 3
Id
3
1 1 1.0
2 2 1.0
3 3 -0.9185721315563797
Nupdn
1
1 2 53.564750000000004
Ntot
2
1 3 -0.395253385979132
3 2 124.4849211396315
9 3 3
Id
3
1 1 1.0
2 2 1.0
3 3 -0.925662612971538
Nupdn
1
1 2 53.564750000000004
Ntot
2
1 3 0.3783500058764434
3 2 -131.05031235114944
10 3 3
Id
3
1 1 1.0
2 2 1.0
3 3 -0.9312585821981718
Nupdn
1
1 2 53.564750000000004
Ntot
2
1 3 -0.36435896185252636
3 2 136.9051906591758
11 3 3
Id
3
1 1 1.0
2 2 1.0
3 3 -0.9357785299591383
Nupdn
1
1 2 53.564750000000004
Ntot
2
1 3 0.35258834760597785
3 2 -142.1622221862073
12 3 3
Id
3
1 1 1.0
2 2 1.0
3 3 -0.9394980749734234
Nupdn
1
1 2 53.564750000000004
Ntot
2
1 3 -0.34255418129287496
3 2 146.90808712799492
13 3 3
Id
3
1 1 1.0
2 2 1.0
3 3 -0.9426061727554789
Nupdn
1
1 2 53.564750000000004
Ntot
2
1 3 0.3339065783767494
3 2 -151.2113485081902
14 3 3
Id
3
1 1 1.0
2 2 1.0
3 3 -0.945236713713967
Nupdn
1
1 2 53.564750000000004
Ntot
2
1 3 -0.32638559258524313
3 2 155.12746092702181
15 3 3
Id
3
1 1 1.0
2 2 1.0
3 3 -0.9474872311416329
Nupdn
1
1 2 53.564750000000004
Ntot
2
1 3 0.31979360034803983
3 2 -158.70210225926687
16 3 3
Id
3
1 1 1.0
2 2 1.0
3 3 -0.9494304650159451
Nupdn
1
1 2 53.564750000000004
Ntot
2
1 3 -0.3139773751396842
3 2 161.97347174565576
17 3 3
Id
3
1 1 1.0
2 2 1.0
3 3 -0.9511217748337806
Nupdn
1
1 2 53.564750000000004
Ntot
2
1 3 0.30881607703783703
3 2 -164.97392421148314
18 3 3
Id
3
1 1 1.0
2 2 1.0
3 3 -0.9526040420945872
Nupdn
1
1 2 53.564750000000004
Ntot
2
1 3 -0.30421298293309845
3 2 167.73116279198206
19 3 3
Id
3
1 1 1.0
2 2 1.0
3 3 -0.9539110014447922
Nupdn
1
1 2 53.564750000000004
Ntot
2
1 3 0.3000896554741491
3 2 -170.2691291837666
20 3 3
Id
3
1 1 1.0
2 2 1.0
3 3 -0.9550695583685054
Nupdn
1
1 2 53.564750000000004
Ntot
2
1 3 -0.29638174484571117
3 2 172.60868125751446
21 3 3
Id
3
1 1 1.0
2 2 1.0
3 3 -0.9561014358359416
Nupdn
1
1 2 53.564750000000004
Ntot
2
1 3 0.2930359097319831
3 2 -174.76811777789976
22 3 3
Id
3
1 1 1.0
2 2 1.0
3 3 -0.9570243661748481
Nupdn
1
1 2 53.564750000000004
Ntot
2
1 3 -0.29000752153630444
3 2 176.7635909803355
23 3 3
Id
3
1 1 1.0
2 2 1.0
3 3 -0.9578529682713322
Nupdn
1
1 2 53.564750000000004
Ntot
2
1 3 0.2872589270567548
3 2 -178.60943542435106
24 3 3
Id
3
1 1 1.0
2 2 1.0
3 3 -0.9585994029512399
Nupdn
1
1 2 53.564750000000004
Ntot
2
1 3 -0.284758116059097
3 2 180.31843334212843
25 3 3
Id
3
1 1 1.0
2 2 1.0
3 3 -0.9592738693451364
Nupdn
1
1 2 53.564750000000004
Ntot
2
1 3 0.28247768689156755
3 2 -181.90203112477678
26 3 3
Id
3
1 1 1.0
2 2 1.0
3 3 -0.9598849855071474
Nupdn
1
1 2 53.564750000000004
Ntot
2
1 3 -0.28039403452631306
3 2 183.37051772269035
27 3 3
Id
3
1 1 1.0
2 2 1.0
3 3 -0.9604400836043574
Nupdn
1
1 2 53.564750000000004
Ntot
2
1 3 0.2784867066954095
3 2 -184.73317300748025
28 3 3
Id
3
1 1 1.0
2 2 1.0
3 3 -0.9609454412454363
Nupdn
1
1 2 53.564750000000004
Ntot
2
1 3 -0.2767378885328384
3 2 185.99839218562065
29 3 3
Id
3
1 1 1.0
2 2 1.0
3 3 -0.9614064645102935
Nupdn
1
1 2 53.564750000000004
Ntot
2
1 3 0.275131986504328
3 2 -187.1737909291316
30 3 3
Id
3
1 1 1.0
2 2 1.0
3 3 -0.9618278340544775
Nupdn
1
1 2 53.564750000000004
Ntot
2
1 3 -0.27365528980465953
3 2 188.2662948373684
31 3 3
Id
3
1 1 1.0
2 2 1.0
3 3 -0.9622136227007752
Nupdn
1
1 2 53.564750000000004
Ntot
2
1 3 0.2722956927478837
3 2 -189.2822160587111
32 3 3
Id
3
1 1 1.0
2 2 1.0
3 3 -0.9625673908092274
Nupdn
1
1 2 53.564750000000004
Ntot
2
1 3 -0.2710424655855916
3 2 190.22731930752255
33 3 3
Id
3
1 1 1.0
2 2 1.0
3 3 -0.9628922641789113
Nupdn
1
1 2 53.564750000000004
Ntot
2
1 3 0.2698860640796588
3 2 -191.10687905861616
34 3 3
Id
3
1 1 1.0
2 2 1.0
3 3 -0.9631909981073394
Nupdn
1
1 2 53.564750000000004
Ntot
2
1 3 -0.2688179703163223
3 2 191.92572935194656
35 3 3
Id
3
1 1 1.0
2 2 1.0
3 3 -0.9634660303980074
Nupdn
1
1 2 53.564750000000004
Ntot
2
1 3 0.2678305588783802
3 2 -192.68830736822812
36 3 3
Id
3
1 1 1.0
2 2 1.0
3 3 -0.9637195254817481
Nupdn
1
1 2 53.564750000000004
Ntot
2
1 3 -0.2669169837332097
3 2 193.39869172261172
37 3 3
Id
3
1 1 1.0
2 2 1.0
3 3 -0.9639534113457628
Nupdn
1
1 2 53.564750000000004
Ntot
2
1 3 0.2660710821469834
3 2 -194.06063625456008
38 3 3
Id
3
1 1 1.0
2 2 1.0
3 3 -0.9641694106049787
Nupdn
1
1 2 53.564750000000004
Ntot
2
1 3 -0.2652872926727699
3 2 194.67759995729384
39 3 3
Id
3
1 1 1.0
2 2 1.0
3 3 -0.9643690667746134
Nupdn
1
1 2 53.564750000000004
Ntot
2
1 3 0.26456058483504596
3 2 -195.25277358198767
40 3 3
Id
3
1 1 1.0
2 2 1.0
3 3 -0.9645537665895465
Nupdn
1
1 2 53.564750000000004
Ntot
2
1 3 -0.26388639858453944
3 2 195.78910336439912
41 3 3
Id
3
1 1 1.0
2 2 1.0
3 3 -0.9647247590499508
Nupdn
1
1 2 53.564750000000004
Ntot
2
1 3 0.2632605919540835
3 2 -196.28931225047813
42 3 3
Id
3
1 1 1.0
2 2 1.0
3 3 -0.9648831717422917
Nupdn
1
1 2 53.564750000000004
Ntot
2
1 3 -0.2626793956299865
3 2 196.7559189392426
43 3 3
Id
3
1 1 1.0
2 2 1.0
3 3 -0.965030024881971
Nupdn
1
1 2 53.564750000000004
Ntot
2
1 3 0.26213937338046506
3 2 -197.1912550133098
44 3 3
Id
3
1 1 1.0
2 2 1.0
3 3 -0.9651662434421604
Nupdn
1
1 2 53.564750000000004
Ntot
2
1 3 -0.2616373874654544
3 2 197.59748038779273
45 3 3
Id
3
1 1 1.0
2 2 1.0
3 3 -0.9652926676681541
Nupdn
1
1 2 53.564750000000004
Ntot
2
1 3 0.26117056829991175
3 2 -197.97659727531865
46 3 3
Id
3
1 1 1.0
2 2 1.0
3 3 -0.9654100622241264
Nupdn
1
1 2 53.564750000000004
Ntot
2
1 3 -0.26073628776295943
3 2 198.33046283734808
47 3 3
Id
3
1 1 1.0
2 2 1.0
3 3 -0.9655191241769043
Nupdn
1
1 2 53.564750000000004
Ntot
2
1 3 0.2603321356434187
3 2 -198.66080066885604
48 3 3
Id
3
1 1 1.0
2 2 1.0
3 3 -0.9656204899870138
Nupdn
1
1 2 53.564750000000004
Ntot
2
1 3 -0.25995589879292896
3 2 198.96921124391403
49 3 3
Id
3
1 1 1.0
2 2 1.0
3 3 -0.9657147416492806
Nupdn
1
1 2 53.564750000000004
Ntot
2
1 3 0.2596055426243111
3 2 -199.25718143320597
50 3 3
Id
3
1 1 1.0
2 2 1.0
3 3 -0.965802412102361
Nupdn
1
1 2 53.564750000000004
Ntot
2
1 3 -0.2592791946478956
3 2 199.52609319044615
51 3 3
Id
3
1 1 1.0
2 2 1.0
3 3 -0.9658839900077132
Nupdn
1
1 2 53.564750000000004
Ntot
2
1 3 0.25897512978427095
3 2 -199.77723149270474
52 3 3
Id
3
1 1 1.0
2 2 1.0
3 3 -0.9659599239829728
Nupdn
1
1 2 53.564750000000004
Ntot
2
1 3 -0.2586917572301243
3 2 200.01179160934504
53 3 3
Id
3
1 1 1.0
2 2 1.0
3 3 -0.9660306263617817
Nupdn
1
1 2 53.564750000000004
Ntot
2
1 3 0.2584276086858058
3 2 -200.23088576547403
54 3 3
Id
3
1 1 1.0
2 2 1.0
3 3 -0.9660964765413822
Nupdn
1
1 2 53.564750000000004
Ntot
2
1 3 -0.25818132778016045
3 2 200.43554925816935
55 3 3
Id
3
1 1 1.0
2 2 1.0
3 3 -0.9661578239703219
Nupdn
1
1 2 53.564750000000004
Ntot
2
1 3 0.2579516605508338
3 2 -200.62674607716158
56 3 3
Id
3
1 1 1.0
2 2 1.0
3 3 -0.9662149908210906
Nupdn
1
1 2 53.564750000000004
Ntot
2
1 3 -0.25773744685745653
3 2 200.80537407591947
57 3 3
Id
3
1 1 1.0
2 2 1.0
3 3 -0.9662682743861872
Nupdn
1
1 2 53.564750000000004
Ntot
2
1 3 0.25753761262141817
3 2 -200.97226973409877
58 3 3
Id
3
1 1 1.0
2 2 1.0
3 3 -0.9663179492307892
Nupdn
1
1 2 53.564750000000004
Ntot
2
1 3 -0.2573511627997857
3 2 201.12821254795975
59 3 3
Id
3
1 1 1.0
2 2 1.0
3 3 -0.96636426913066
Nupdn
1
1 2 53.564750000000004
Ntot
2
1 3 0.25717717501280285
3 2 -201.2739290815355
60 3 3
Id
3
1 1 1.0
2 2 1.0
3 3 -0.9664074688201225
Nupdn
1
1 2 53.564750000000004
Ntot
2
1 3 -0.25701479375453085
3 2 201.41009670798402
61 3 3
Id
3
1 1 1.0
2 2 1.0
3 3 -0.9664477655716452
Nupdn
1
1 2 53.564750000000004
Ntot
2
1 3 0.2568632251249172
3 2 -201.53734706760105
62 3 3
Id
3
1 1 1.0
2 2 1.0
3 3 -0.9664853606258039
Nupdn
1
1 2 53.564750000000004
Ntot
2
1 3 -0.25672173202907883
3 2 201.6562692663553
63 3 3
Id
3
1 1 1.0
2 2 1.0
3 3 -0.9665204404880003
Nupdn
1
1 2 53.564750000000004
Ntot
2
1 3 0.25658962979606487
3 2 -201.76741283650892
64 3 3
Id
3
1 1 1.0
2 2 1.0
3 3 -0.9665531781062775
Nupdn
1
1 2 53.564750000000004
Ntot
2
1 3 -0.2564662821749768
3 2 201.8712904788218
65 3 3
Id
3
1 1 1.0
2 2 1.0
3 3 -0.9665837339427881
Nupdn
1
1 2 53.564750000000004
Ntot
2
1 3 0.25635109767117836
3 2 -201.9683806040243
66 3 3
Id
3
1 1 1.0
2 2 1.0
3 3 -0.9666122569499807
Nupdn
1
1 2 53.564750000000004
Ntot
2
1 3 -0.25624352618956947
3 2 202.059129689611
67 3 3
Id
3
1 1 1.0
2 2 1.0
3 3 -0.9666388854612342
Nupdn
1
1 2 53.564750000000004
Ntot
2
1 3 0.2561430559555785
3 2 -202.1439544665587
68 3 3
Id
3
1 1 1.0
2 2 1.0
3 3 -0.9666637480045366
Nupdn
1
1 2 53.564750000000004
Ntot
2
1 3 -0.25604921068775405
3 2 202.22324394926332
69 3 3
Id
3
1 1 1.0
2 2 1.0
3 3 -0.9666869640468181
Nupdn
1
1 2 53.564750000000004
Ntot
2
1 3 0.2559615469986571
3 2 -202.2973613208335
70 3 3
Id
3
1 1 1.0
2 2 1.0
3 3 -0.9667086446756876
Nupdn
1
1 2 53.564750000000004
Ntot
2
1 3 -0.25587965200323126
3 2 202.3666456848165
71 3 3
Id
3
1 1 1.0
2 2 1.0
3 3 -0.9667288932245617
Nupdn
1
1 2 53.564750000000004
Ntot
2
1 3 0.25580314111600355
3 2 -202.43141369349942
72 3 3
Id
3
1 1 1.0
2 2 1.0
3 3 -0.9667478058465235
Nupdn
1
1 2 53.564750000000004
Ntot
2
1 3 -0.2557316560203916
3 2 202.49196106206114
73 3 3
Id
3
1 1 1.0
2 2 1.0
3 3 -0.9667654720416803
Nupdn
1
1 2 53.564750000000004
Ntot
2
1 3 0.25566486279508027
3 2 -202.54856397709526
74 3 3
Id
3
1 1 1.0
2 2 1.0
3 3 -0.9667819751422588
Nupdn
1
1 2 53.564750000000004
Ntot
2
1 3 -0.2556024501839384
3 2 202.60148040730874
75 3 3
Id
3
1 1 1.0
2 2 1.0
3 3 -0.9667973927592679
Nupdn
1
1 2 53.564750000000004
Ntot
2
1 3 0.2555441279972644
3 2 -202.65095132358675
76 3 3
Id
3
1 1 1.0
2 2 1.0
3 3 -0.9668117971941257
Nupdn
1
1 2 53.564750000000004
Ntot
2
1 3 -0.25548962563334066
3 2 202.6972018350165
77 3 3
Id
3
1 1 1.0
2 2 1.0
3 3 -0.9668252558183397
Nupdn
1
1 2 53.564750000000004
Ntot
2
1 3 0.2554386907103185
3 2 -202.74044224696405
78 3 3
Id
3
1 1 1.0
2 2 1.0
3 3 -0.9668378314239896
Nupdn
1
1 2 53.564750000000004
Ntot
2
1 3 -0.25539108779939285
3 2 202.7808690467985
79 3 3
Id
3
1 1 1.0
2 2 1.0
3 3 -0.9668495825475132
Nupdn
1
1 2 53.564750000000004
Ntot
2
1 3 0.25534659725106884
3 2 -202.81866582244106
80 3 3
Id
3
1 1 1.0
2 2 1.0
3 3 -0.9668605637690451
Nupdn
1
1 2 53.564750000000004
Ntot
2
1 3 -0.2553050141070559
3 2 202.8540041185061
81 3 3
Id
3
1 1 1.0
2 2 1.0
3 3 -0.966870825989339
Nupdn
1
1 2 53.564750000000004
Ntot
2
1 3 0.2552661470910174
3 2 -202.8870442344486
82 3 3
Id
3
1 1 1.0
2 2 1.0
3 3 -0.9668804166861227
Nupdn
1
1 2 53.564750000000004
Ntot
2
1 3 -0.25522981767197594
3 2 202.91793596878995
83 3 3
Id
3
1 1 1.0
2 2 1.0
3 3 -0.9668893801515528
Nupdn
1
1 2 53.564750000000004
Ntot
2
1 3 0.2551958591947493
3 2 -202.9468193131972
84 3 3
Id
3
1 1 1.0
2 2 1.0
3 3 -0.9668977577122975
Nupdn
1
1 2 53.564750000000004
Ntot
2
1 3 -0.25516411607224676
3 2 202.97382509990402
85 3 3
Id
3
1 1 1.0
2 2 1.0
3 3 -0.9669055879336206
Nupdn
1
1 2 53.564750000000004
Ntot
2
1 3 0.2551344430349217
3 2 -202.99907560571228
86 3 3
Id
3
1 1 1.0
2 2 1.0
3 3 -0.9669129068087283
Nupdn
1
1 2 53.564750000000004
Ntot
2
1 3 -0.2551067044330575
3 2 203.02268511556795
87 3 3
Id
3
1 1 1.0
2 2 1.0
3 3 -0.9669197479345357
Nupdn
1
1 2 53.564750000000004
Ntot
2
1 3 0.25508077358792386
3 2 -203.04476044849395
88 3 3
Id
3
1 1 1.0
2 2 1.0
3 3 -0.9669261426748883
Nupdn
1
1 2 53.564750000000004
Ntot
2
1 3 -0.2550565321881827
3 2 203.0654014484574
89 3 3
Id
3
1 1 1.0
2 2 1.0
3 3 -0.9669321203122092
Nupdn
1
1 2 53.564750000000004
Ntot
2
1 3 0.255033869728191
3 2 -203.08470144257177
90 3 3
Id
3
1 1 1.0
2 2 1.0
3 3 -0.966937708188444
Nupdn
1
1 2 53.564750000000004
Ntot
2
1 3 -0.25501268298514007
3 2 203.1027476688485
91 3 3
Id
3
1 1 1.0
2 2 1.0
3 3 -0.9669429318361129
Nupdn
1
1 2 53.564750000000004
Ntot
2
1 3 0.25499287553220545
3 2 -203.1196216755743
92 3 3
Id
3
1 1 1.0
2 2 1.0
3 3 -0.9669478151001982
Nupdn
1
1 2 53.564750000000004
Ntot
2
1 3 -0.25497435728510515
3 2 203.13539969422672
93 3 3
Id
3
1 1 1.0
2 2 1.0
3 3 -0.9669523802515625
Nupdn
1
1 2 53.564750000000004
Ntot
2
1 3 0.25495704407966
3 2 -203.15015298772036
94 3 3
Id
3
1 1 1.0
2 2 1.0
3 3 -0.9669566480924983
Nupdn
1
1 2 53.564750000000004
Ntot
2
1 3 -0.2549408572781548
3 2 203.1639481756413
95 3 3
Id
3
1 1 1.0
2 2 1.0
3 3 -0.9669606380550044
Nupdn
1
1 2 53.564750000000004
Ntot
2
1 3 0.25492572340244385
3 2 -203.176847538016
96 3 3
Id
3
1 1 1.0
2 2 1.0
3 3 -0.9669643682923006
Nupdn
1
1 2 53.564750000000004
Ntot
2
1 3 -0.254911573791918
3 2 203.18890929905348
97 3 3
Id
3
1 1 1.0
2 2 1.0
3 3 -0.9669678557640771
Nupdn
1
1 2 53.564750000000004
Ntot
2
1 3 0.25489834428458447
3 2 -203.20018789220245
98 3 3
Id
3
1 1 1.0
2 2 1.0
3 3 -0.9669711163159236
Nupdn
1
1 2 53.564750000000004
Ntot
2
1 3 -0.2548859749196431
3 2 203.21073420776776
99 3 3
Id
3
1 1 1.0
2 2 1.0
3 3 -0.9669741647533476
Nupdn
1
1 2 53.564750000000004
Ntot
2
1 3 0.25487440966006225
3 2 -203.22059582425007
100 3 3
Id
3
1 1 1.0
2 2 1.0
3 3 -0.9669770149107806
Nupdn
1
1 2 53.564750000000004
Ntot
2
1 3 -0.2548635961337671
3 2 203.2298172244921
101 3 3
Id
3
1 1 1.0
2 2 1.0
3 3 -0.9669796797159029
Nupdn
1
1 2 53.564750000000004
Ntot
2
1 3 0.25485348539215535
3 2 -203.23843999763756
102 3 3
Id
3
1 1 1.0
2 2 1.0
3 3 -0.9669821712496367
Nupdn
1
1 2 53.564750000000004
Ntot
2
1 3 -0.2548440316847502
3 2 203.2465030278496
103 3 3
Id
3
1 1 1.0
2 2 1.0
3 3 -0.966984500802095
Nupdn
1
1 2 53.564750000000004
Ntot
2
1 3 0.25483519224887907
3 2 -203.2540426706581
104 3 3
Id
3
1 1 1.0
2 2 1.0
3 3 -0.9669866789247734
Nupdn
1
1 2 53.564750000000004
Ntot
2
1 3 -0.25482692711335875
3 2 203.2610929177606
105 3 3
Id
3
1 1 1.0
2 2 1.0
3 3 -0.9669887154792458
Nupdn
1
1 2 53.564750000000004
Ntot
2
1 3 0.2548191989152265
3 2 -203.26768555103536
106 3 3
Id
3
1 1 1.0
2 2 1.0
3 3 -0.966990619682601
Nupdn
1
1 2 53.564750000000004
Ntot
2
1 3 -0.254811972728636
3 2 203.27385028648115
107 3 3
Id
3
1 1 1.0
2 2 1.0
3 3 -0.966992400149846
Nupdn
1
1 2 53.564750000000004
Ntot
2
1 3 0.2548052159050907
3 2 -203.27961490874515
108 3 3
Id
3
1 1 1.0
2 2 1.0
3 3 -0.9669940649334856
Nupdn
1
1 2 53.564750000000004
Ntot
2
1 3 -0.254798897924252
3 2 203.28500539686144
109 3 3
Id
3
1 1 1.0
2 2 1.0
3 3 -0.9669956215604676
Nupdn
1
1 2 53.564750000000004
Ntot
2
1 3 0.2547929902546091
3 2 -203.29004604177535
110 3 3
Id
3
1 1 1.0
2 2 1.0
3 3 -0.9669970770666723
Nupdn
1
1 2 53.564750000000004
Ntot
2
1 3 -0.2547874662233443
3 2 203.29475955619552
111 3 3
Id
3
1 1 1.0
2 2 1.0
3 3 -0.9669984380291206
Nupdn
1
1 2 53.564750000000004
Ntot
2
1 3 0.25478230089478476
3 2 -203.29916717727812
112 3 3
Id
3
1 1 1.0
2 2 1.0
3 3 -0.966999710596042
Nupdn
1
1 2 53.564750000000004
Ntot
2
1 3 -0.2547774709568559
3 2 203.30328876261092
113 3 3
Id
3
1 1 1.0
2 2 1.0
3 3 -0.9670009005149562
Nupdn
1
1 2 53.564750000000004
Ntot
2
1 3 0.25477295461501337
3 2 -203.30714287993808
114 3 3
Id
3
1 1 1.0
2 2 1.0
3 3 -0.9670020131589045
Nupdn
1
1 2 53.564750000000004
Ntot
2
1 3 -0.25476873149314483
3 2 203.3107468910378
115 3 3
Id
3
1 1 1.0
2 2 1.0
3 3 -0.9670030535509417
Nupdn
1
1 2 53.564750000000004
Ntot
2
1 3 0.25476478254098267
3 2 -203.3141170301295
116 3 3
Id
3
1 1 1.0
2 2 1.0
3 3 -0.9670040263870217
Nupdn
1
1 2 53.564750000000004
Ntot
2
1 3 -0.2547610899475983
3 2 203.31726847717763
117 3 3
Id
3
1 1 1.0
2 2 1.0
3 3 -0.96700493605737
Nupdn
1
1 2 53.564750000000004
Ntot
2
1 3 0.2547576370605632
3 2 -203.32021542641834
118 3 3
Id
3
1 1 1.0
2 2 1.0
3 3 -0.9670057866664548
Nupdn
1
1 2 53.564750000000004
Ntot
2
1 3 -0.25475440831041724
3 2 203.3229711504226
119 3 3
Id
3
1 1 1.0
2 2 1.0
3 3 -0.9670065820516429
Nupdn
1
1 2 53.564750000000004
Ntot
2
1 3 0.2547513891400776
3 2 -203.32554805999297
120 3 3
Id
3
1 1 1.0
2 2 1.0
3 3 -0.9670073258006311
Nupdn
1
1 2 53.564750000000004
Ntot
2
1 3 -0.2547485659388724
3 2 203.32795776015618
121 3 3
Id
3
1 1 1.0
2 2 1.0
3 3 -0.9670080212677346
Nupdn
1
1 2 53.564750000000004
Ntot
2
1 3 0.2547459259808897
3 2 -203.33021110251858
122 3 3
Id
3
1 1 1.0
2 2 1.0
3 3 -0.9670086715891046
Nupdn
1
1 2 53.564750000000004
Ntot
2
1 3 -0.25474345736735804
3 2 203.33231823420988
123 3 3
Id
3
1 1 1.0
2 2 1.0
3 3 -0.9670092796969545
Nupdn
1
1 2 53.564750000000004
Ntot
2
1 3 0.2547411489727903
3 2 -203.33428864364646
124 3 3
Id
3
1 1 1.0
2 2 1.0
3 3 -0.9670098483328464
Nupdn
1
1 2 53.564750000000004
Ntot
2
1 3 -0.2547389903946502
3 2 203.3361312033161
125 3 3
Id
3
1 1 1.0
2 2 1.0
3 3 -0.9670103800601153
Nupdn
1
1 2 53.564750000000004
Ntot
2
1 3 0.2547369719063007
3 2 -203.33785420978364
126 3 3
Id
3
1 1 1.0
2 2 1.0
3 3 -0.9670108772754771
Nupdn
1
1 2 53.564750000000004
Ntot
2
1 3 -0.25473508441302756
3 2 203.33946542109138
127 3 3
Id
3
1 1 1.0
2 2 1.0
3 3 -0.9670113422198781
Nupdn
1
1 2 53.564750000000004
Ntot
2
1 3 0.25473331941092836
3 2 -203.34097209173345
128 3 3
Id
3
1 1 1.0
2 2 1.0
3 3 -0.9670117769886357
Nupdn
1
1 2 53.564750000000004
Ntot
2
1 3 -0.25473166894848626
3 2 203.3423810053511
129 3 3
Id
3
1 1 1.0
2 2 1.0
3 3 -0.9670121835409176
Nupdn
1
1 2 53.564750000000004
Ntot
2
1 3 0.254730125590646
3 2 -203.34369850530732
130 3 3
Id
3
1 1 1.0
2 2 1.0
3 3 -0.9670125637086018
Nupdn
1
1 2 53.564750000000004
Ntot
2
1 3 -0.25472868238523305
3 2 203.3449305232741
131 3 3
Id
3
1 1 1.0
2 2 1.0
3 3 -0.9670129192045571
Nupdn
1
1 2 53.564750000000004
Ntot
2
1 3 0.254727332831561
3 2 -203.34608260595928
132 3 3
Id
3
1 1 1.0
2 2 1.0
3 3 -0.9670132516303842
Nupdn
1
1 2 53.564750000000004
Ntot
2
1 3 -0.25472607085108295
3 2 203.34715994010128
133 3 3
Id
3
1 1 1.0
2 2 1.0
3 3 -0.9670135624836549
Nupdn
1
1 2 53.564750000000004
Ntot
2
1 3 0.2547248907599538
3 2 -203.34816737583515
134 3 3
Id
3
1 1 1.0
2 2 1.0
3 3 -0.9670138531646737
Nupdn
1
1 2 53.564750000000004
Ntot
2
1 3 -0.25472378724338124
3 2 203.34910944854616
135 3 3
Id
3
1 1 1.0
2 2 1.0
3 3 -0.967014124982803
Nupdn
1
1 2 53.564750000000004
Ntot
2
1 3 0.2547227553316425
3 2 -203.3499903992995
136 3 3
Id
3
1 1 1.0
2 2 1.0
3 3 -0.9670143791623764
Nupdn
1
1 2 53.564750000000004
Ntot
2
1 3 -0.2547217903776656
3 2 203.35081419394612
137 3 3
Id
3
1 1 1.0
2 2 1.0
3 3 -0.9670146168482241
Nupdn
1
1 2 53.564750000000004
Ntot
2
1 3 0.25472088803606724
3 2 -203.35158454098436
138 3 3
Id
3
1 1 1.0
2 2 1.0
3 3 -0.9670148391108393
Nupdn
1
1 2 53.564750000000004
Ntot
2
1 3 -0.25472004424355393
3 2 203.35230490826694
139 3 3
Id
3
1 1 1.0
2 2 1.0
3 3 -0.9670150469512104
Nupdn
1
1 2 53.564750000000004
Ntot
2
1 3 0.25471925520059985
3 2 -203.3529785386165
140 3 3
Id
3
1 1 1.0
2 2 1.0
3 3 -0.9670152413053372
Nupdn
1
1 2 53.564750000000004
Ntot
2
1 3 -0.25471851735431406
3 2 203.3536084644333
141 3 3
Id
3
1 1 1.0
2 2 1.0
3 3 -0.9670154230484531
Nupdn
1
1 2 53.564750000000004
Ntot
2
1 3 0.25471782738242327
3 2 -203.35419752135104
142 3 3
Id
3
1 1 1.0
2 2 1.0
3 3 -0.9670155929989701
Nupdn
1
1 2 53.564750000000004
Ntot
2
1 3 -0.2547171821782946
3 2 203.35474836100613
143 3 3
Id
3
1 1 1.0
2 2 1.0
3 3 -0.9670157519221743
Nupdn
1
1 2 53.564750000000004
Ntot
2
1 3 0.2547165788369332
3 2 -203.3552634629794
144 3 3
Id
3
1 1 1.0
2 2 1.0
3 3 -0.9670159005336743
Nupdn
1
1 2 53.564750000000004
Ntot
2
1 3 -0.25471601464188903
3 2 203.35574514596203
145 3 3
Id
3
1 1 1.0
2 2 1.0
3 3 -0.9670160395026268
Nupdn
1
1 2 53.564750000000004
Ntot
2
1 3 0.254715487053014
3 2 -203.35619557819672
146 3 3
Id
3
1 1 1.0
2 2 1.0
3 3 -0.967016169454755
Nupdn
1
1 2 53.564750000000004
Ntot
2
1 3 -0.25471499369501704
3 2 203.3566167872392
147 3 3
Id
3
1 1 1.0
2 2 1.0
3 3 -0.9670162909751687
Nupdn
1
1 2 53.564750000000004
Ntot
2
1 3 0.25471453234675906
3 2 -203.35701066909033
148 3 3
Id
3
1 1 1.0
2 2 1.0
3 3 -0.9670164046110008
Nupdn
1
1 2 53.564750000000004
Ntot
2
1 3 -0.25471410093124763
3 2 203.35737899673032
149 3 3
Id
3
1 1 1.0
2 2 1.0
3 3 -0.9670165108738735
Nupdn
1
1 2 53.564750000000004
Ntot
2
1 3 0.2547136975062776
3 2 -203.35772342810375
150 3 3
Id
3
1 1 1.0
2 2 1.0
3 3 -0.9670166102422055
Nupdn
1
1 2 53.564750000000004
Ntot
2
1 3 -0.25471332025568316
3 2 203.35804551358342
151 3 3
Id
3
1 1 1.0
2 2 1.0
3 3 -0.9670167031633652
Nupdn
1
1 2 53.564750000000004
Ntot
2
1 3 0.2547129674811548
3 2 -203.35834670295026
152 3 3
Id
3
1 1 1.0
2 2 1.0
3 3 -0.9670167900556885
Nupdn
1
1 2 53.564750000000004
Ntot
2
1 3 -0.25471263759459
3 2 203.35862835191995
153 3 3
Id
3
1 1 1.0
2 2 1.0
3 3 -0.9670168713103613
Nupdn
1
1 2 53.564750000000004
Ntot
2
1 3 0.2547123291109405
3 2 -203.35889172824864
154 3 3
Id
3
1 1 1.0
2 2 1.0
3 3 -0.9670169472931855
Nupdn
1
1 2 53.564750000000004
Ntot
2
1 3 -0.2547120406415229
3 2 203.35913801743814
155 3 3
Id
3
1 1 1.0
2 2 1.0
3 3 -0.9670170183462228
Nupdn
1
1 2 53.564750000000004
Ntot
2
1 3 0.2547117708877644
3 2 -203.35936832807425
156 3 3
Id
3
1 1 1.0
2 2 1.0
3 3 -0.9670170847893389
Nupdn
1
1 2 53.564750000000004
Ntot
2
1 3 -0.2547115186353548
3 2 203.35958369681705
157 3 3
Id
3
1 1 1.0
2 2 1.0
3 3 -0.9670171469216418
Nupdn
1
1 2 53.564750000000004
Ntot
2
1 3 0.2547112827487771
3 2 -203.3597850930686
158 3 3
Id
3
1 1 1.0
2 2 1.0
3 3 -0.9670172050228316
Nupdn
1
1 2 53.564750000000004
Ntot
2
1 3 -0.2547110621661948
3 2 203.3599734233349
159 3 3
Id
3
1 1 1.0
2 2 1.0
3 3 -0.9670172593544566
Nupdn
1
1 2 53.564750000000004
Ntot
2
1 3 0.2547108558946698
3 2 -203.36014953530946
160 3 3
Id
3
1 1 1.0
2 2 1.0
3 3 -0.9670173101610959
Nupdn
1
1 2 53.564750000000004
Ntot
2
1 3 -0.2547106630056916
3 2 203.36031422168674
161 3 3
Id
3
1 1 1.0
2 2 1.0
3 3 -0.9670173576714562
Nupdn
1
1 2 53.564750000000004
Ntot
2
1 3 0.2547104826309957
3 2 -203.36046822373248
162 3 3
Id
3
1 1 1.0
2 2 1.0
3 3 -0.9670174020994056
Nupdn
1
1 2 53.564750000000004
Ntot
2
1 3 -0.25471031395865434
3 2 203.36061223462
163 3 3
Id
3
1 1 1.0
2 2 1.0
3 3 -0.9670174436449346
Nupdn
1
1 2 53.564750000000004
Ntot
2
1 3 0.25471015622942045
3 2 -203.36074690254966
164 3 3
Id
3
1 1 1.0
2 2 1.0
3 3 -0.9670174824950566
Nupdn
1
1 2 53.564750000000004
Ntot
2
1 3 -0.2547100087333104
3 2 203.3608728336678
165 3 3
Id
3
1 1 1.0
2 2 1.0
3 3 -0.967017518824651
Nupdn
1
1 2 53.564750000000004
Ntot
2
1 3 0.25470987080640534
3 2 -203.36099059479466
166 3 3
Id
3
1 1 1.0
2 2 1.0
3 3 -0.9670175527972504
Nupdn
1
1 2 53.564750000000004
Ntot
2
1 3 -0.2547097418278633
3 2 203.3611007159766
167 3 3
Id
3
1 1 1.0
2 2 1.0
3 3 -0.9670175845657767
Nupdn
1
1 2 53.564750000000004
Ntot
2
1 3 0.2547096212171246
3 2 -203.3612036928714
168 3 3
Id
3
1 1 1.0
2 2 1.0
3 3 -0.9670176142732294
Nupdn
1
1 2 53.564750000000004
Ntot
2
1 3 -0.2547095084312954
3 2 203.36129998897894
169 3 3
Id
3
1 1 1.0
2 2 1.0
3 3 -0.9670176420533296
Nupdn
1
1 2 53.564750000000004
Ntot
2
1 3 0.2547094029627077
3 2 -203.36139003772863
170 3 3
Id
3
1 1 1.0
2 2 1.0
3 3 -0.9670176680311229
Nupdn
1
1 2 53.564750000000004
Ntot
2
1 3 -0.25470930433662886
3 2 203.3614742444303
171 3 3
Id
3
1 1 1.0
2 2 1.0
3 3 -0.9670176923235405
Nupdn
1
1 2 53.564750000000004
Ntot
2
1 3 0.25470921210913006
3 2 -203.3615529880973
172 3 3
Id
3
1 1 1.0
2 2 1.0
3 3 -0.9670177150399288
Nupdn
1
1 2 53.564750000000004
Ntot
2
1 3 -0.2547091258650826
3 2 203.36162662315465
173 3 3
Id
3
1 1 1.0
2 2 1.0
3 3 -0.9670177362825381
Nupdn
1
1 2 53.564750000000004
Ntot
2
1 3 0.25470904521629306
3 2 -203.36169548103166
174 3 3
Id
3
1 1 1.0
2 2 1.0
3 3 -0.9670177561469848
Nupdn
1
1 2 53.564750000000004
Ntot
2
1 3 -0.25470896979975155
3 2 203.36175987165723
175 3 3
Id
3
1 1 1.0
2 2 1.0
3 3 -0.9670177747226816
Nupdn
1
1 2 53.564750000000004
Ntot
2
1 3 0.2547088992760026
3 2 -203.36182008485093
176 3 3
Id
3
1 1 1.0
2 2 1.0
3 3 -0.9670177920932408
Nupdn
1
1 2 53.564750000000004
Ntot
2
1 3 -0.2547088333276128
3 2 203.36187639163103
177 3 3
Id
3
1 1 1.0
2 2 1.0
3 3 -0.9670178083368495
Nupdn
1
1 2 53.564750000000004
Ntot
2
1 3 0.2547087716577433
3 2 -203.36192904543273
178 3 3
Id
3
1 1 1.0
2 2 1.0
3 3 -0.9670178235266209
Nupdn
1
1 2 53.564750000000004
Ntot
2
1 3 -0.25470871398881584
3 2 203.3619782832482
179 3 3
Id
3
1 1 1.0
2 2 1.0
3 3 -0.9670178377309273
Nupdn
1
1 2 53.564750000000004
Ntot
2
1 3 0.2547086600612593
3 2 -203.36202432669504
180 3 3
Id
3
1 1 1.0
2 2 1.0
3 3 -0.967017851013702
Nupdn
1
1 2 53.564750000000004
Ntot
2
1 3 -0.25470860963234365
3 2 203.3620673830133
181 3 3
Id
3
1 1 1.0
2 2 1.0
3 3 -0.9670178634347324
Nupdn
1
1 2 53.564750000000004
Ntot
2
1 3 0.2547085624750865
3 2 -203.3621076459969
182 3 3
Id
3
1 1 1.0
2 2 1.0
3 3 -0.9670178750499263
Nupdn
1
1 2 53.564750000000004
Ntot
2
1 3 -0.2547085183772323
3 2 203.36214529686774
183 3 3
Id
3
1 1 1.0
2 2 1.0
3 3 -0.9670178859115643
Nupdn
1
1 2 53.564750000000004
Ntot
2
1 3 0.25470847714029593
3 2 -203.36218050509032
184 3 3
Id
3
1 1 1.0
2 2 1.0
3 3 -0.9670178960685352
Nupdn
1
1 2 53.564750000000004
Ntot
2
1 3 -0.2547084385786694
3 2 203.3622134291348
185 3 3
Id
3
1 1 1.0
2 2 1.0
3 3 -0.9670179055665558
Nupdn
1
1 2 53.564750000000004
Ntot
2
1 3 0.25470840251878707
3 2 -203.362244217191
186 3 3
Id
3
1 1 1.0
2 2 1.0
3 3 -0.9670179144483761
Nupdn
1
1 2 53.564750000000004
Ntot
2
1 3 -0.25470836879834324
3 2 203.36227300783375
187 3 3
Id
3
1 1 1.0
2 2 1.0
3 3 -0.9670179227539748
Nupdn
1
1 2 53.564750000000004
Ntot
2
1 3 0.2547083372655627
3 2 -203.36229993064822
188 3 3
Id
3
1 1 1.0
2 2 1.0
3 3 -0.9670179305207347
Nupdn
1
1 2 53.564750000000004
Ntot
2
1 3 -0.2547083077785164
3 2 203.36232510681197
189 3 3
Id
3
1 1 1.0
2 2 1.0
3 3 -0.9670179377836143
Nupdn
1
1 2 53.564750000000004
Ntot
2
1 3 0.25470828020448427
3 2 -203.3623486496413
190 3 3
Id
3
1 1 1.0
2 2 1.0
3 3 -0.9670179445753033
Nupdn
1
1 2 53.564750000000004
Ntot
2
1 3 -0.2547082544193565
3 2 203.36237066510122
191 3 3
Id
3
1 1 1.0
2 2 1.0
3 3 -0.9670179509263717
Nupdn
1
1 2 53.564750000000004
Ntot
2
1 3 0.2547082303070741
3 2 -203.36239125228147
192 3 3
Id
3
1 1 1.0
2 2 1.0
3 3 -0.9670179568654049
Nupdn
1
1 2 53.564750000000004
Ntot
2
1 3 -0.25470820775910885
3 2 203.36241050384396
193 3 3
Id
3
1 1 1.0
2 2 1.0
3 3 -0.9670179624191353
Nupdn
1
1 2 53.564750000000004
Ntot
2
1 3 0.2547081866739731
3 2 -203.36242850643833
194 3 3
Id
3
1 1 1.0
2 2 1.0
3 3 -0.9670179676125592
Nupdn
1
1 2 53.564750000000004
Ntot
2
1 3 -0.2547081669567636
3 2 203.3624453410933
195 3 3
Id
3
1 1 1.0
2 2 1.0
3 3 -0.9670179724690533
Nupdn
1
1 2 53.564750000000004
Ntot
2
1 3 0.2547081485187342
3 2 -203.36246108357975
196 3 3
Id
3
1 1 1.0
2 2 1.0
3 3 -0.967017977010475
Nupdn
1
1 2 53.564750000000004
Ntot
2
1 3 -0.2547081312768959
3 2 203.3624758047543
197 3 3
Id
3
1 1 1.0
2 2 1.0
3 3 -0.9670179812572663
Nupdn
1
1 2 53.564750000000004
Ntot
2
1 3 0.25470811515364394
3 2 -203.36248957087494
198 3 3
Id
3
1 1 1.0
2 2 1.0
3 3 -0.9670179852285408
Nupdn
1
1 2 53.564750000000004
Ntot
2
1 3 -0.2547081000764087
3 2 203.36250244390268
199 3 3
Id
3
1 1 1.0
2 2 1.0
3 3 -0.9670179889421735
Nupdn
1
1 2 53.564750000000004
Ntot
2
1 3 0.25470808597732814
3 2 -203.36251448177785
200 3 3
Id
3
1 1 1.0
2 2 1.0
3 3 -0.9670179924148798
Nupdn
1
1 2 53.564750000000004
Ntot
2
1 3 -0.254708072792943
3 2 203.36252573868208
201 3 3
Id
3
1 1 1.0
2 2 1.0
3 3 -0.96701799566229
Nupdn
1
1 2 53.564750000000004
Ntot
2
1 3 0.2547080604639114
3 2 -203.36253626528142
202 3 3
Id
3
1 1 1.0
2 2 1.0
3 3 -0.9670179986990199
Nupdn
1
1 2 53.564750000000004
Ntot
2
1 3 -0.25470804893474147
3 2 203.3625461089553
203 3 3
Id
3
1 1 1.0
2 2 1.0
3 3 -0.967018001538738
Nupdn
1
1 2 53.564750000000004
Ntot
2
1 3 0.2547080381535401
3 2 -203.36255531400982
204 3 3
Id
3
1 1 1.0
2 2 1.0
3 3 -0.967018004194226
Nupdn
1
1 2 53.564750000000004
Ntot
2
1 3 -0.25470802807178217
3 2 203.36256392187562
205 3 3
Id
3
1 1 1.0
2 2 1.0
3 3 -0.9670180066774359
Nupdn
1
1 2 53.564750000000004
Ntot
2
1 3 0.2547080186440906
3 2 -203.36257197129638
206 3 3
Id
3
1 1 1.0
2 2 1.0
3 3 -0.9670180089995444
Nupdn
1
1 2 53.564750000000004
Ntot
2
1 3 -0.2547080098280322
3 2 203.36257949850196
207 3 3
Id
3
1 1 1.0
2 2 1.0
3 3 -0.9670180111710034
Nupdn
1
1 2 53.564750000000004
Ntot
2
1 3 0.2547080015839259
3 2 -203.36258653737139
208 3 3
Id
3
1 1 1.0
2 2 1.0
3 3 -0.9670180132015862
Nupdn
1
1 2 53.564750000000004
Ntot
2
1 3 -0.25470799387466614
3 2 203.36259311958582
209 3 3
Id
3
1 1 1.0
2 2 1.0
3 3 -0.9670180151004324
Nupdn
1
1 2 53.564750000000004
Ntot
2
1 3 0.2547079866655534
3 2 -203.36259927477195
210 3 3
Id
3
1 1 1.0
2 2 1.0
3 3 -0.9670180168760887
Nupdn
1
1 2 53.564750000000004
Ntot
2
1 3 -0.25470797992414057
3 2 203.36260503063346
211 3 3
Id
3
1 1 1.0
2 2 1.0
3 3 -0.9670180185365476
Nupdn
1
1 2 53.564750000000004
Ntot
2
1 3 0.25470797362008474
3 2 -203.36261041307705
212 3 3
Id
3
1 1 1.0
2 2 1.0
3 3 -0.9670180200892817
Nupdn
1
1 2 53.564750000000004
Ntot
2
1 3 -0.25470796772501203
3 2 203.36261544632808
213 3 3
Id
3
1 1 1.0
2 2 1.0
3 3 -0.9670180215412802
Nupdn
1
1 2 53.564750000000004
Ntot
2
1 3 0.25470796221238906
3 2 -203.36262015304152
214 3 3
Id
3
1 1 1.0
2 2 1.0
3 3 -0.967018022899079
Nupdn
1
1 2 53.564750000000004
Ntot
2
1 3 -0.25470795705740373
3 2 203.36262455440186
215 3 3
Id
3
1 1 1.0
2 2 1.0
3 3 -0.9670180241687889
Nupdn
1
1 2 53.564750000000004
Ntot
2
1 3 0.25470795223685416
3 2 -203.36262867021856
216 3 3
Id
3
1 1 1.0
2 2 1.0
3 3 -0.9670180253561249
Nupdn
1
1 2 53.564750000000004
Ntot
2
1 3 -0.25470794772904315
3 2 203.3626325190175
217 3 3
Id
3
1 1 1.0
2 2 1.0
3 3 -0.967018026466431
Nupdn
1
1 2 53.564750000000004
Ntot
2
1 3 0.25470794351368164
3 2 -203.36263611812092
218 3 3
Id
3
1 1 1.0
2 2 1.0
3 3 -0.9670180275047047
Nupdn
1
1 2 53.564750000000004
Ntot
2
1 3 -0.2547079395717971
3 2 203.36263948372851
219 3 3
Id
3
1 1 1.0
2 2 1.0
3 3 -0.9670180284756189
Nupdn
1
1 2 53.564750000000004
Ntot
2
1 3 0.25470793588564666
3 2 -203.36264263098857
220 3 3
Id
3
1 1 1.0
2 2 1.0
3 3 -0.9670180293835446
Nupdn
1
1 2 53.564750000000004
Ntot
2
1 3 -0.2547079324386391
3 2 203.36264557406665
221 3 3
Id
3
1 1 1.0
2 2 1.0
3 3 -0.9670180302325673
Nupdn
1
1 2 53.564750000000004
Ntot
2
1 3 0.2547079292152601
3 2 -203.36264832620924
222 3 3
Id
3
1 1 1.0
2 2 1.0
3 3 -0.9670180310265086
Nupdn
1
1 2 53.564750000000004
Ntot
2
1 3 -0.25470792620100097
3 2 203.3626508998036
223 3 3
Id
3
1 1 1.0
2 2 1.0
3 3 -0.9670180317689419
Nupdn
1
1 2 53.564750000000004
Ntot
2
1 3 0.25470792338229653
3 2 -203.36265330643312
224 3 3
Id
3
1 1 1.0
2 2 1.0
3 3 -0.9670180324632089
Nupdn
1
1 2 53.564750000000004
Ntot
2
1 3 -0.25470792074645837
3 2 203.36265555692967
225 3 3
Id
3
1 1 1.0
2 2 1.0
3 3 -0.9670180331124352
Nupdn
1
1 2 53.564750000000004
Ntot
2
1 3 0.25470791828162254
3 2 -203.36265766142304
226 3 3
Id
3
1 1 1.0
2 2 1.0
3 3 -0.9670180337195415
Nupdn
1
1 2 53.564750000000004
Ntot
2
1 3 -0.254707915976696
3 2 203.36265962938495
227 3 3
Id
3
1 1 1.0
2 2 1.0
3 3 -0.9670180342872614
Nupdn
1
1 2 53.564750000000004
Ntot
2
1 3 0.2547079138213045
3 2 -203.36266146967293
228 3 3
Id
3
1 1 1.0
2 2 1.0
3 3 -0.9670180348181496
Nupdn
1
1 2 53.564750000000004
Ntot
2
1 3 -0.25470791180574637
3 2 203.3626631905702
229 3 3
Id
3
1 1 1.0
2 2 1.0
3 3 -0.9670180353145963
Nupdn
1
1 2 53.564750000000004
Ntot
2
1 3 0.25470790992094955
3 2 -203.3626647998227
230 3 3
Id
3
1 1 1.0
2 2 1.0
3 3 -0.9670180357788347
Nupdn
1
1 2 53.564750000000004
Ntot
2
1 3 -0.25470790815843186
3 2 203.36266630467267
231 3 3
Id
3
1 1 1.0
2 2 1.0
3 3 -0.9670180362129557
Nupdn
1
1 2 53.564750000000004
Ntot
2
1 3 0.2547079065102585
3 2 -203.36266771189432
232 3 3
Id
3
1 1 1.0
2 2 1.0
3 3 -0.9670180366189127
Nupdn
1
1 2 53.564750000000004
Ntot
2
1 3 -0.25470790496901247
3 2 203.3626690278206
233 3 3
Id
3
1 1 1.0
2 2 1.0
3 3 -0.9670180369985326
Nupdn
1
1 2 53.564750000000004
Ntot
2
1 3 0.2547079035277567
3 2 -203.36267025837483
234 3 3
Id
3
1 1 1.0
2 2 1.0
3 3 -0.9670180373535238
Nupdn
1
1 2 53.564750000000004
Ntot
2
1 3 -0.25470790218000416
3 2 203.36267140909524
235 3 3
Id
3
1 1 1.0
2 2 1.0
3 3 -0.9670180376854851
Nupdn
1
1 2 53.564750000000004
Ntot
2
1 3 0.2547079009196883
3 2 -203.36267248516168
236 3 3
Id
3
1 1 1.0
2 2 1.0
3 3 -0.9670180379959099
Nupdn
1
1 2 53.564750000000004
Ntot
2
1 3 -0.2547078997411371
3 2 203.3626734914169
237 3 3
Id
3
1 1 1.0
2 2 1.0
3 3 -0.9670180382861953
Nupdn
1
1 2 53.564750000000004
Ntot
2
1 3 0.2547078986390458
3 2 -203.36267443239038
238 3 3
Id
3
1 1 1.0
2 2 1.0
3 3 -0.9670180385576483
Nupdn
1
1 2 53.564750000000004
Ntot
2
1 3 -0.2547078976084536
3 2 203.36267531231724
239 3 3
Id
3
1 1 1.0
2 2 1.0
3 3 -0.9670180388114908
Nupdn
1
1 2 53.564750000000004
Ntot
2
1 3 0.25470789664472204
3 2 -203.36267613515741
240 3 3
Id
3
1 1 1.0
2 2 1.0
3 3 -0.9670180390488645
Nupdn
1
1 2 53.564750000000004
Ntot
2
1 3 -0.2547078957435143
3 2 203.36267690461517
241 3 3
Id
3
1 1 1.0
2 2 1.0
3 3 -0.9670180392708385
Nupdn
1
1 2 53.564750000000004
Ntot
2
1 3 0.25470789490077295
3 2 -203.36267762415372
242 3 3
Id
3
1 1 1.0
2 2 1.0
3 3 -0.9670180394784116
Nupdn
1
1 2 53.564750000000004
Ntot
2
1 3 -0.25470789411270534
3 2 203.36267829701103
243 3 3
Id
3
1 1 1.0
2 2 1.0
3 3 -0.9670180396725185
Nupdn
1
1 2 53.564750000000004
Ntot
2
1 3 0.25470789337576444
3 2 -203.36267892621635
244 3 3
Id
3
1 1 1.0
2 2 1.0
3 3 -0.9670180398540322
Nupdn
1
1 2 53.564750000000004
Ntot
2
1 3 -0.25470789268663324
3 2 203.36267951460107
245 3 3
Id
3
1 1 1.0
2 2 1.0
3 3 -0.9670180400237698
Nupdn
1
1 2 53.564750000000004
Ntot
2
1 3 0.25470789204221106
3 2 -203.36268006481356
246 3 3
Id
3
1 1 1.0
2 2 1.0
3 3 -0.9670180401824959
Nupdn
1
1 2 53.564750000000004
Ntot
2
1 3 -0.2547078914395958
3 2 203.36268057933074
247 3 3
Id
3
1 1 1.0
2 2 1.0
3 3 -0.9670180403309243
Nupdn
1
1 2 53.564750000000004
Ntot
2
1 3 0.25470789087607626
3 2 -203.3626810604678
248 3 3
Id
3
1 1 1.0
2 2 1.0
3 3 -0.9670180404697231
Nupdn
1
1 2 53.564750000000004
Ntot
2
1 3 -0.2547078903491152
3 2 203.36268151039067
249 3 3
Id
3
1 1 1.0
2 2 1.0
3 3 -0.9670180405995172
Nupdn
1
1 2 53.564750000000004
Ntot
2
1 3 0.2547078898563415
3 2 -203.36268193112406
250 3 3
Id
3
1 1 1.0
2 2 1.0
3 3 -0.9670180407208908
Nupdn
1
1 2 53.564750000000004
Ntot
2
1 3 -0.25470788939553746
3 2 203.3626823245624
251 3 3
Id
3
1 1 1.0
2 2 1.0
3 3 -0.9670180408343905
Nupdn
1
1 2 53.564750000000004
Ntot
2
1 3 0.25470788896462776
3 2 -203.36268269247546
252 3 3
Id
3
1 1 1.0
2 2 1.0
3 3 -0.9670180409405265
Nupdn
1
1 2 53.564750000000004
Ntot
2
1 3 -0.25470788856167464
3 2 203.36268303652014
253 3 3
Id
3
1 1 1.0
2 2 1.0
3 3 -0.9670180410397768
Nupdn
1
1 2 53.564750000000004
Ntot
2
1 3 0.254707888184863
3 2 -203.3626833582444
254 3 3
Id
3
1 1 1.0
2 2 1.0
3 3 -0.9670180411325882
Nupdn
1
1 2 53.564750000000004
Ntot
2
1 3 -0.2547078878324977
3 2 203.36268365909635
255 3 3
Id
3
1 1 1.0
2 2 1.0
3 3 -0.9670180412193781
Nupdn
1
1 2 53.564750000000004
Ntot
2
1 3 0.25470788750299206
3 2 -203.3626839404303
256 3 3
Id
3
1 1 1.0
2 2 1.0
3 3 -0.9670180413005376
Nupdn
1
1 2 53.564750000000004
Ntot
2
1 3 -0.25470788719486426
3 2 203.36268420351243
257 3 3
Id
3
1 1 1.0
2 2 1.0
3 3 -0.967018041376432
Nupdn
1
1 2 53.564750000000004
Ntot
2
1 3 0.2547078869067257
3 2 -203.36268444952665
258 3 3
Id
3
1 1 1.0
2 2 1.0
3 3 -0.9670180414474026
Nupdn
1
1 2 53.564750000000004
Ntot
2
1 3 -0.254707886637281
3 2 203.36268467958033
259 3 3
Id
3
1 1 1.0
2 2 1.0
3 3 -0.9670180415137684
Nupdn
1
1 2 53.564750000000004
Ntot
2
1 3 0.2547078863853167
3 2 -203.36268489470936
260 3 3
Id
3
1 1 1.0
2 2 1.0
3 3 -0.9670180415758292
Nupdn
1
1 2 53.564750000000004
Ntot
2
1 3 -0.2547078861496992
3 2 203.36268509588152
261 3 3
Id
3
1 1 1.0
2 2 1.0
3 3 -0.9670180416338632
Nupdn
1
1 2 53.564750000000004
Ntot
2
1 3 0.25470788592936716
3 2 -203.36268528400248
262 3 3
Id
3
1 1 1.0
2 2 1.0
3 3 -0.9670180416881327
Nupdn
1
1 2 53.564750000000004
Ntot
2
1 3 -0.25470788572332953
3 2 203.3626854599187
263 3 3
Id
3
1 1 1.0
2 2 1.0
3 3 -0.9670180417388812
Nupdn
1
1 2 53.564750000000004
Ntot
2
1 3 0.25470788553065893
3 2 -203.3626856244223
264 3 3
Id
3
1 1 1.0
2 2 1.0
3 3 -0.9670180417863377
Nupdn
1
1 2 53.564750000000004
Ntot
2
1 3 -0.25470788535048783
3 2 203.36268577825348
265 3 3
Id
3
1 1 1.0
2 2 1.0
3 3 -0.9670180418307148
Nupdn
1
1 2 53.564750000000004
Ntot
2
1 3 0.25470788518200566
3 2 -203.36268592210482
266 3 3
Id
3
1 1 1.0
2 2 1.0
3 3 -0.9670180418722134
Nupdn
1
1 2 53.564750000000004
Ntot
2
1 3 -0.25470788502445385
3 2 203.36268605662374
267 3 3
Id
3
1 1 1.0
2 2 1.0
3 3 -0.967018041911019
Nupdn
1
1 2 53.564750000000004
Ntot
2
1 3 0.25470788487712426
3 2 -203.36268618241527
268 3 3
Id
3
1 1 1.0
2 2 1.0
3 3 -0.9670180419473078
Nupdn
1
1 2 53.564750000000004
Ntot
2
1 3 -0.2547078847393517
3 2 203.36268630004616
269 3 3
Id
3
1 1 1.0
2 2 1.0
3 3 -0.967018041981242
Nupdn
1
1 2 53.564750000000004
Ntot
2
1 3 0.25470788461051747
3 2 -203.3626864100454
270 3 3
Id
3
1 1 1.0
2 2 1.0
3 3 -0.967018042012975
Nupdn
1
1 2 53.564750000000004
Ntot
2
1 3 -0.25470788449004145
3 2 203.3626865129086
271 3 3
Id
3
1 1 1.0
2 2 1.0
3 3 -0.9670180420426486
Nupdn
1
1 2 53.564750000000004
Ntot
2
1 3 0.2547078843773822
3 2 -203.36268660909823
272 3 3
Id
3
1 1 1.0
2 2 1.0
3 3 -0.9670180420703978
Nupdn
1
1 2 53.564750000000004
Ntot
2
1 3 -0.2547078842720312
3 2 203.36268669904737
273 3 3
Id
3
1 1 1.0
2 2 1.0
3 3 -0.9670180420963466
Nupdn
1
1 2 53.564750000000004
Ntot
2
1 3 0.25470788417351503
3 2 -203.3626867831613
274 3 3
Id
3
1 1 1.0
2 2 1.0
3 3 -0.9670180421206116
Nupdn
1
1 2 53.564750000000004
Ntot
2
1 3 -0.25470788408139056
3 2 203.36268686181788
275 3 3
Id
3
1 1 1.0
2 2 1.0
3 3 -0.9670180421433023
Nupdn
1
1 2 53.564750000000004
Ntot
2
1 3 0.2547078839952423
3 2 -203.3626869353718
276 3 3
Id
3
1 1 1.0
2 2 1.0
3 3 -0.9670180421645218
Nupdn
1
1 2 53.564750000000004
Ntot
2
1 3 -0.2547078839146829
3 2 203.36268700415377
277 3 3
Id
3
1 1 1.0
2 2 1.0
3 3 -0.9670180421843637
Nupdn
1
1 2 53.564750000000004
Ntot
2
1 3 0.25470788383935056
3 2 -203.3626870684735
278 3 3
Id
3
1 1 1.0
2 2 1.0
3 3 -0.9670180422029189
Nupdn
1
1 2 53.564750000000004
Ntot
2
1 3 -0.25470788376890513
3 2 203.36268712862022
279 3 3
Id
3
1 1 1.0
2 2 1.0
3 3 -0.9670180422202699
Nupdn
1
1 2 53.564750000000004
Ntot
2
1 3 0.2547078837030299
3 2 -203.36268718486502
280 3 3
Id
3
1 1 1.0
2 2 1.0
3 3 -0.9670180422364956
Nupdn
1
1 2 53.564750000000004
Ntot
2
1 3 -0.25470788364142855
3 2 203.36268723746076
281 3 3
Id
3
1 1 1.0
2 2 1.0
3 3 -0.9670180422516683
Nupdn
1
1 2 53.564750000000004
Ntot
2
1 3 0.25470788358382335
3 2 -203.36268728664422
282 3 3
Id
3
1 1 1.0
2 2 1.0
3 3 -0.9670180422658567
Nupdn
1
1 2 53.564750000000004
Ntot
2
1 3 -0.2547078835299558
3 2 203.36268733263685
283 3 3
Id
3
1 1 1.0
2 2 1.0
3 3 -0.967018042279125
Nupdn
1
1 2 53.564750000000004
Ntot
2
1 3 0.25470788347958234
3 2 -203.36268737564578
284 3 3
Id
3
1 1 1.0
2 2 1.0
3 3 -0.9670180422915322
Nupdn
1
1 2 53.564750000000004
Ntot
2
1 3 -0.25470788343247724
3 2 203.36268741586446
285 3 3
Id
3
1 1 1.0
2 2 1.0
3 3 -0.9670180423031343
Nupdn
1
1 2 53.564750000000004
Ntot
2
1 3 0.25470788338842865
3 2 -203.3626874534738
286 3 3
Id
3
1 1 1.0
2 2 1.0
3 3 -0.967018042313984
Nupdn
1
1 2 53.564750000000004
Ntot
2
1 3 -0.25470788334723704
3 2 203.36268748864356
287 3 3
Id
3
1 1 1.0
2 2 1.0
3 3 -0.9670180423241297
Nupdn
1
1 2 53.564750000000004
Ntot
2
1 3 0.2547078833087181
3 2 -203.36268752153137
288 3 3
Id
3
1 1 1.0
2 2 1.0
3 3 -0.9670180423336174
Nupdn
1
1 2 53.564750000000004
Ntot
2
1 3 -0.25470788327269783
3 2 203.36268755228554
289 3 3
Id
3
1 1 1.0
2 2 1.0
3 3 -0.9670180423424894
Nupdn
1
1 2 53.564750000000004
Ntot
2
1 3 0.2547078832390146
3 2 -203.36268758104444
290 3 3
Id
3
1 1 1.0
2 2 1.0
3 3 -0.9670180423507859
Nupdn
1
1 2 53.564750000000004
Ntot
2
1 3 -0.25470788320751675
3 2 203.36268760793777
291 3 3
Id
3
1 1 1.0
2 2 1.0
3 3 -0.9670180423585439
Nupdn
1
1 2 53.564750000000004
Ntot
2
1 3 0.25470788317806203
3 2 -203.36268763308615
292 3 3
Id
3
1 1 1.0
2 2 1.0
3 3 -0.9670180423657988
Nupdn
1
1 2 53.564750000000004
Ntot
2
1 3 -0.2547078831505183
3 2 203.36268765660316
293 3 3
Id
3
1 1 1.0
2 2 1.0
3 3 -0.9670180423725829
Nupdn
1
1 2 53.564750000000004
Ntot
2
1 3 0.2547078831247614
3 2 -203.3626876785943
294 3 3
Id
3
1 1 1.0
2 2 1.0
3 3 -0.9670180423789272
Nupdn
1
1 2 53.564750000000004
Ntot
2
1 3 -0.25470788310067627
3 2 203.36268769915895
295 3 3
Id
3
1 1 1.0
2 2 1.0
3 3 -0.9670180423848593
Nupdn
1
1 2 53.564750000000004
Ntot
2
1 3 0.2547078830781529
3 2 -203.36268771838928
296 3 3
Id
3
1 1 1.0
2 2 1.0
3 3 -0.9670180423904071
Nupdn
1
1 2 53.564750000000004
Ntot
2
1 3 -0.2547078830570909
3 2 203.36268773637227
297 3 3
Id
3
1 1 1.0
2 2 1.0
3 3 -0.9670180423955947
Nupdn
1
1 2 53.564750000000004
Ntot
2
1 3 0.25470788303739544
3 2 -203.3626877531882
298 3 3
Id
3
1 1 1.0
2 2 1.0
3 3 -0.967018042400446
Nupdn
1
1 2 53.564750000000004
Ntot
2
1 3 -0.2547078830189776
3 2 203.3626877689135
299 3 3
Id
3
1 1 1.0
2 2 1.0
3 3 -0.9670180424049823
Nupdn
1
1 2 53.564750000000004
Ntot
2
1 3 0.25470788300175484
3 2 -203.36268778361855
300 3 3
Id
3
1 1 1.0
2 2 1.0
3 3 -0.9670180424092245
Nupdn
1
1 2 53.564750000000004
Ntot
2
1 3 -0.25470788298564917
3 2 203.36268779736935
301 3 3
Id
3
1 1 1.0
2 2 1.0
3 3 -0.9670180424131913
Nupdn
1
1 2 53.564750000000004
Ntot
2
1 3 0.25470788297058866
3 2 -203.36268781022844
302 3 3
Id
3
1 1 1.0
2 2 1.0
3 3 -0.967018042416901
Nupdn
1
1 2 53.564750000000004
Ntot
2
1 3 -0.254707882956505
3 2 203.36268782225318
303 3 3
Id
3
1 1 1.0
2 2 1.0
3 3 -0.9670180424203698
Nupdn
1
1 2 53.564750000000004
Ntot
2
1 3 0.2547078829433351
3 2 -203.36268783349766
304 3 3
Id
3
1 1 1.0
2 2 1.0
3 3 -0.9670180424236137
Nupdn
1
1 2 53.564750000000004
Ntot
2
1 3 -0.25470788293101954
3 2 203.36268784401247
305 3 3
Id
3
1 1 1.0
2 2 1.0
3 3 -0.9670180424266472
Nupdn
1
1 2 53.564750000000004
Ntot
2
1 3 0.254707882919503
3 2 -203.36268785384564
306 3 3
Id
3
1 1 1.0
2 2 1.0
3 3 -0.9670180424294836
Nupdn
1
1 2 53.564750000000004
Ntot
2
1 3 -0.2547078829087339
3 2 203.3626878630406
307 3 3
Id
3
1 1 1.0
2 2 1.0
3 3 -0.9670180424321362
Nupdn
1
1 2 53.564750000000004
Ntot
2
1 3 0.25470788289866314
3 2 -203.36268787163877
308 3 3
Id
3
1 1 1.0
2 2 1.0
3 3 -0.9670180424346169
Nupdn
1
1 2 53.564750000000004
Ntot
2
1 3 -0.2547078828892459
3 2 203.3626878796795
309 3 3
Id
3
1 1 1.0
2 2 1.0
3 3 -0.9670180424369366
Nupdn
1
1 2 53.564750000000004
Ntot
2
1 3 0.2547078828804396
3 2 -203.3626878871983
310 3 3
Id
3
1 1 1.0
2 2 1.0
3 3 -0.9670180424391053
Nupdn
1
1 2 53.564750000000004
Ntot
2
1 3 -0.25470788287220486
3 2 203.36268789422948
311 3 3
Id
3
1 1 1.0
2 2 1.0
3 3 -0.9670180424411337
Nupdn
1
1 2 53.564750000000004
Ntot
2
1 3 0.2547078828645039
3 2 -203.3626879008042
312 3 3
Id
3
1 1 1.0
2 2 1.0
3 3 -0.9670180424430304
Nupdn
1
1 2 53.564750000000004
Ntot
2
1 3 -0.2547078828573026
3 2 203.3626879069528
313 3 3
Id
3
1 1 1.0
2 2 1.0
3 3 -0.967018042444804
Nupdn
1
1 2 53.564750000000004
Ntot
2
1 3 0.2547078828505686
3 2 -203.3626879127021
314 3 3
Id
3
1 1 1.0
2 2 1.0
3 3 -0.9670180424464629
Nupdn
1
1 2 53.564750000000004
Ntot
2
1 3 -0.2547078828442714
3 2 203.36268791807885
315 3 3
Id
3
1 1 1.0
2 2 1.0
3 3 -0.9670180424480137
Nupdn
1
1 2 53.564750000000004
Ntot
2
1 3 0.25470788283838247
3 2 -203.36268792310673
316 3 3
Id
3
1 1 1.0
2 2 1.0
3 3 -0.9670180424494643
Nupdn
1
1 2 53.564750000000004
Ntot
2
1 3 -0.2547078828328761
3 2 203.3626879278081
317 3 3
Id
3
1 1 1.0
2 2 1.0
3 3 -0.9670180424508206
Nupdn
1
1 2 53.564750000000004
Ntot
2
1 3 0.25470788282772727
3 2 -203.36268793220464
318 3 3
Id
3
1 1 1.0
2 2 1.0
3 3 -0.9670180424520889
Nupdn
1
1 2 53.564750000000004
Ntot
2
1 3 -0.25470788282291196
3 2 203.36268793631606
319 3 3
Id
3
1 1 1.0
2 2 1.0
3 3 -0.9670180424532748
Nupdn
1
1 2 53.564750000000004
Ntot
2
1 3 0.2547078828184089
3 2 -203.36268794016055
320 3 3
Id
3
1 1 1.0
2 2 1.0
3 3 -0.9670180424543839
Nupdn
1
1 2 53.564750000000004
Ntot
2
1 3 -0.25470788281419804
3 2 203.36268794375584
321 3 3
Id
3
1 1 1.0
2 2 1.0
3 3 -0.9670180424554213
Nupdn
1
1 2 53.564750000000004
Ntot
2
1 3 0.2547078828102601
3 2 -203.36268794711748
322 3 3
Id
3
1 1 1.0
2 2 1.0
3 3 -0.9670180424563908
Nupdn
1
1 2 53.564750000000004
Ntot
2
1 3 -0.2547078828065785
3 2 203.36268795026135
323 3 3
Id
3
1 1 1.0
2 2 1.0
3 3 -0.9670180424572978
Nupdn
1
1 2 53.564750000000004
Ntot
2
1 3 0.254707882803135
3 2 -203.36268795320137
324 3 3
Id
3
1 1 1.0
2 2 1.0
3 3 -0.967018042458146
Nupdn
1
1 2 53.564750000000004
Ntot
2
1 3 -0.2547078827999153
3 2 203.36268795595055
325 3 3
Id
3
1 1 1.0
2 2 1.0
3 3 -0.9670180424589392
Nupdn
1
1 2 53.564750000000004
Ntot
2
1 3 0.2547078827969044
3 2 -203.36268795852106
326 3 3
Id
3
1 1 1.0
2 2 1.0
3 3 -0.9670180424596806
Nupdn
1
1 2 53.564750000000004
Ntot
2
1 3 -0.25470788279408874
3 2 203.36268796092506
327 3 3
Id
3
1 1 1.0
2 2 1.0
3 3 -0.9670180424603743
Nupdn
1
1 2 53.564750000000004
Ntot
2
1 3 0.25470788279145606
3 2 -203.36268796317304
328 3 3
Id
3
1 1 1.0
2 2 1.0
3 3 -0.9670180424610226
Nupdn
1
1 2 53.564750000000004
Ntot
2
1 3 -0.2547078827889938
3 2 203.36268796527526
329 3 3
Id
3
1 1 1.0
2 2 1.0
3 3 -0.9670180424616288
Nupdn
1
1 2 53.564750000000004
Ntot
2
1 3 0.25470788278669176
3 2 -203.36268796724102
330 3 3
Id
3
1 1 1.0
2 2 1.0
3 3 -0.9670180424621961
Nupdn
1
1 2 53.564750000000004
Ntot
2
1 3 -0.25470788278453826
3 2 203.36268796907936
331 3 3
Id
3
1 1 1.0
2 2 1.0
3 3 -0.9670180424627268
Nupdn
1
1 2 53.564750000000004
Ntot
2
1 3 0.25470788278252476
3 2 -203.3626879707983
332 3 3
Id
3
1 1 1.0
2 2 1.0
3 3 -0.9670180424632222
Nupdn
1
1 2 53.564750000000004
Ntot
2
1 3 -0.2547078827806425
3 2 203.36268797240575
333 3 3
Id
3
1 1 1.0
2 2 1.0
3 3 -0.9670180424636863
Nupdn
1
1 2 53.564750000000004
Ntot
2
1 3 0.25470788277888184
3 2 -203.3626879739092
334 3 3
Id
3
1 1 1.0
2 2 1.0
3 3 -0.9670180424641197
Nupdn
1
1 2 53.564750000000004
Ntot
2
1 3 -0.2547078827772352
3 2 203.36268797531474
335 3 3
Id
3
1 1 1.0
2 2 1.0
3 3 -0.9670180424645252
Nupdn
1
1 2 53.564750000000004
Ntot
2
1 3 0.25470788277569595
3 2 -203.3626879766293
336 3 3
Id
3
1 1 1.0
2 2 1.0
3 3 -0.9670180424649044
Nupdn
1
1 2 53.564750000000004
Ntot
2
1 3 -0.25470788277425604
3 2 203.36268797785834
337 3 3
Id
3
1 1 1.0
2 2 1.0
3 3 -0.967018042465259
Nupdn
1
1 2 53.564750000000004
Ntot
2
1 3 0.2547078827729101
3 2 -203.36268797900797
338 3 3
Id
3
1 1 1.0
2 2 1.0
3 3 -0.9670180424655908
Nupdn
1
1 2 53.564750000000004
Ntot
2
1 3 -0.25470788277165074
3 2 203.36268798008294
339 3 3
Id
3
1 1 1.0
2 2 1.0
3 3 -0.9670180424659007
Nupdn
1
1 2 53.564750000000004
Ntot
2
1 3 0.2547078827704737
3 2 -203.36268798108802
340 3 3
Id
3
1 1 1.0
2 2 1.0
3 3 -0.9670180424661907
Nupdn
1
1 2 53.564750000000004
Ntot
2
1 3 -0.254707882769373
3 2 203.36268798202798
341 3 3
Id
3
1 1 1.0
2 2 1.0
3 3 -0.9670180424664618
Nupdn
1
1 2 53.564750000000004
Ntot
2
1 3 0.2547078827683436
3 2 -203.36268798290703
342 3 3
Id
3
1 1 1.0
2 2 1.0
3 3 -0.9670180424667156
Nupdn
1
1 2 53.564750000000004
Ntot
2
1 3 -0.2547078827673805
3 2 203.3626879837287
343 3 3
Id
3
1 1 1.0
2 2 1.0
3 3 -0.9670180424669523
Nupdn
1
1 2 53.564750000000004
Ntot
2
1 3 0.2547078827664803
3 2 -203.3626879844974
344 3 3
Id
3
1 1 1.0
2 2 1.0
3 3 -0.9670180424671742
Nupdn
1
1 2 53.564750000000004
Ntot
2
1 3 -0.25470788276563905
3 2 203.3626879852162
345 3 3
Id
3
1 1 1.0
2 2 1.0
3 3 -0.9670180424673818
Nupdn
1
1 2 53.564750000000004
Ntot
2
1 3 0.2547078827648515
3 2 -203.36268798588839
346 3 3
Id
3
1 1 1.0
2 2 1.0
3 3 -0.9670180424675754
Nupdn
1
1 2 53.564750000000004
Ntot
2
1 3 -0.25470788276411527
3 2 203.36268798651693
347 3 3
Id
3
1 1 1.0
2 2 1.0
3 3 -0.9670180424677566
Nupdn
1
1 2 53.564750000000004
Ntot
2
1 3 0.254707882763427
3 2 -203.36268798710455
348 3 3
Id
3
1 1 1.0
2 2 1.0
3 3 -0.9670180424679264
Nupdn
1
1 2 53.564750000000004
Ntot
2
1 3 -0.25470788276278333
3 2 203.36268798765408
349 3 3
Id
3
1 1 1.0
2 2 1.0
3 3 -0.967018042468085
Nupdn
1
1 2 53.564750000000004
Ntot
2
1 3 0.25470788276218137
3 2 -203.36268798816803
350 3 3
Id
3
1 1 1.0
2 2 1.0
3 3 -0.9670180424682331
Nupdn
1
1 2 53.564750000000004
Ntot
2
1 3 -0.25470788276161827
3 2 203.36268798864873
351 3 3
Id
3
1 1 1.0
2 2 1.0
3 3 -0.9670180424683716
Nupdn
1
1 2 53.564750000000004
Ntot
2
1 3 0.25470788276109196
3 2 -203.3626879890982
352 3 3
Id
3
1 1 1.0
2 2 1.0
3 3 -0.9670180424685015
Nupdn
1
1 2 53.564750000000004
Ntot
2
1 3 -0.2547078827605994
3 2 203.36268798951846
353 3 3
Id
3
1 1 1.0
2 2 1.0
3 3 -0.9670180424686228
Nupdn
1
1 2 53.564750000000004
Ntot
2
1 3 0.2547078827601391
3 2 -203.3626879899116
354 3 3
Id
3
1 1 1.0
2 2 1.0
3 3 -0.967018042468736
Nupdn
1
1 2 53.564750000000004
Ntot
2
1 3 -0.2547078827597086
3 2 203.36268799027894
355 3 3
Id
3
1 1 1.0
2 2 1.0
3 3 -0.9670180424688422
Nupdn
1
1 2 53.564750000000004
Ntot
2
1 3 0.25470788275930595
3 2 -203.36268799062262
356 3 3
Id
3
1 1 1.0
2 2 1.0
3 3 -0.9670180424689412
Nupdn
1
1 2 53.564750000000004
Ntot
2
1 3 -0.2547078827589302
3 2 203.36268799094395
357 3 3
Id
3
1 1 1.0
2 2 1.0
3 3 -0.9670180424690342
Nupdn
1
1 2 53.564750000000004
Ntot
2
1 3 0.254707882758578
3 2 -203.36268799124463
358 3 3
Id
3
1 1 1.0
2 2 1.0
3 3 -0.9670180424691208
Nupdn
1
1 2 53.564750000000004
Ntot
2
1 3 -0.2547078827582488
3 2 203.36268799152558
359 3 3
Id
3
1 1 1.0
2 2 1.0
3 3 -0.9670180424692019
Nupdn
1
1 2 53.564750000000004
Ntot
2
1 3 0.25470788275794093
3 2 -203.3626879917883
360 3 3
Id
3
1 1 1.0
2 2 1.0
3 3 -0.9670180424692778
Nupdn
1
1 2 53.564750000000004
Ntot
2
1 3 -0.2547078827576532
3 2 203.3626879920339
361 3 3
Id
3
1 1 1.0
2 2 1.0
3 3 -0.9670180424693484
Nupdn
1
1 2 53.564750000000004
Ntot
2
1 3 0.25470788275738415
3 2 -203.3626879922638
362 3 3
Id
3
1 1 1.0
2 2 1.0
3 3 -0.9670180424694148
Nupdn
1
1 2 53.564750000000004
Ntot
2
1 3 -0.2547078827571325
3 2 203.3626879924788
363 3 3
Id
3
1 1 1.0
2 2 1.0
3 3 -0.9670180424694768
Nupdn
1
1 2 53.564750000000004
Ntot
2
1 3 0.2547078827568972
3 2 -203.36268799267958
364 3 3
Id
3
1 1 1.0
2 2 1.0
3 3 -0.9670180424695345
Nupdn
1
1 2 53.564750000000004
Ntot
2
1 3 -0.2547078827566769
3 2 203.3626879928675
365 3 3
Id
3
1 1 1.0
2 2 1.0
3 3 -0.9670180424695891
Nupdn
1
1 2 53.564750000000004
Ntot
2
1 3 0.25470788275647144
3 2 -203.36268799304332
366 3 3
Id
3
1 1 1.0
2 2 1.0
3 3 -0.9670180424696395
Nupdn
1
1 2 53.564750000000004
Ntot
2
1 3 -0.2547078827562788
3 2 203.36268799320743
367 3 3
Id
3
1 1 1.0
2 2 1.0
3 3 -0.967018042469687
Nupdn
1
1 2 53.564750000000004
Ntot
2
1 3 0.2547078827560991
3 2 -203.3626879933613
368 3 3
Id
3
1 1 1.0
2 2 1.0
3 3 -0.9670180424697312
Nupdn
1
1 2 53.564750000000004
Ntot
2
1 3 -0.25470788275593054
3 2 203.36268799350475
369 3 3
Id
3
1 1 1.0
2 2 1.0
3 3 -0.9670180424697727
Nupdn
1
1 2 53.564750000000004
Ntot
2
1 3 0.25470788275577316
3 2 -203.36268799363924
370 3 3
Id
3
1 1 1.0
2 2 1.0
3 3 -0.9670180424698116
Nupdn
1
1 2 53.564750000000004
Ntot
2
1 3 -0.25470788275562634
3 2 203.36268799376498
371 3 3
Id
3
1 1 1.0
2 2 1.0
3 3 -0.9670180424698476
Nupdn
1
1 2 53.564750000000004
Ntot
2
1 3 0.25470788275548867
3 2 -203.3626879938823
372 3 3
Id
3
1 1 1.0
2 2 1.0
3 3 -0.9670180424698818
Nupdn
1
1 2 53.564750000000004
Ntot
2
1 3 -0.25470788275535955
3 2 203.36268799399224
373 3 3
Id
3
1 1 1.0
2 2 1.0
3 3 -0.9670180424699133
Nupdn
1
1 2 53.564750000000004
Ntot
2
1 3 0.25470788275523926
3 2 -203.3626879940953
374 3 3
Id
3
1 1 1.0
2 2 1.0
3 3 -0.9670180424699428
Nupdn
1
1 2 53.564750000000004
Ntot
2
1 3 -0.2547078827551267
3 2 203.36268799419133
375 3 3
Id
3
1 1 1.0
2 2 1.0
3 3 -0.9670180424699706
Nupdn
1
1 2 53.564750000000004
Ntot
2
1 3 0.2547078827550216
3 2 -203.36268799428117
376 3 3
Id
3
1 1 1.0
2 2 1.0
3 3 -0.9670180424699968
Nupdn
1
1 2 53.564750000000004
Ntot
2
1 3 -0.2547078827549231
3 2 203.36268799436533
377 3 3
Id
3
1 1 1.0
2 2 1.0
3 3 -0.967018042470021
Nupdn
1
1 2 53.564750000000004
Ntot
2
1 3 0.25470788275483097
3 2 -203.3626879944437
378 3 3
Id
3
1 1 1.0
2 2 1.0
3 3 -0.9670180424700434
Nupdn
1
1 2 53.564750000000004
Ntot
2
1 3 -0.25470788275474504
3 2 203.3626879945171
379 3 3
Id
3
1 1 1.0
2 2 1.0
3 3 -0.9670180424700647
Nupdn
1
1 2 53.564750000000004
Ntot
2
1 3 0.2547078827546643
3 2 -203.36268799458583
380 3 3
Id
3
1 1 1.0
2 2 1.0
3 3 -0.9670180424700847
Nupdn
1
1 2 53.564750000000004
Ntot
2
1 3 -0.25470788275458933
3 2 203.36268799465006
381 3 3
Id
3
1 1 1.0
2 2 1.0
3 3 -0.9670180424701031
Nupdn
1
1 2 53.564750000000004
Ntot
2
1 3 0.25470788275451917
3 2 -203.36268799471006
382 3 3
Id
3
1 1 1.0
2 2 1.0
3 3 -0.9670180424701205
Nupdn
1
1 2 53.564750000000004
Ntot
2
1 3 -0.25470788275445344
3 2 203.36268799476636
383 3 3
Id
3
1 1 1.0
2 2 1.0
3 3 -0.9670180424701367
Nupdn
1
1 2 53.564750000000004
Ntot
2
1 3 0.2547078827543919
3 2 -203.3626879948189
384 3 3
Id
3
1 1 1.0
2 2 1.0
3 3 -0.967018042470152
Nupdn
1
1 2 53.564750000000004
Ntot
2
1 3 -0.2547078827543344
3 2 203.36268799486783
385 3 3
Id
3
1 1 1.0
2 2 1.0
3 3 -0.9670180424701658
Nupdn
1
1 2 53.564750000000004
Ntot
2
1 3 0.25470788275428025
3 2 -203.36268799491376
386 3 3
Id
3
1 1 1.0
2 2 1.0
3 3 -0.9670180424701793
Nupdn
1
1 2 53.564750000000004
Ntot
2
1 3 -0.2547078827542301
3 2 203.36268799495673
387 3 3
Id
3
1 1 1.0
2 2 1.0
3 3 -0.9670180424701915
Nupdn
1
1 2 53.564750000000004
Ntot
2
1 3 0.25470788275418316
3 2 -203.3626879949971
388 3 3
Id
3
1 1 1.0
2 2 1.0
3 3 -0.9670180424702031
Nupdn
1
1 2 53.564750000000004
Ntot
2
1 3 -0.25470788275413914
3 2 203.36268799503452
389 3 3
Id
3
1 1 1.0
2 2 1.0
3 3 -0.9670180424702142
Nupdn
1
1 2 53.564750000000004
Ntot
2
1 3 0.2547078827540978
3 2 -203.3626879950698
390 3 3
Id
3
1 1 1.0
2 2 1.0
3 3 -0.9670180424702242
Nupdn
1
1 2 53.564750000000004
Ntot
2
1 3 -0.2547078827540595
3 2 203.36268799510248
391 3 3
Id
3
1 1 1.0
2 2 1.0
3 3 -0.9670180424702337
Nupdn
1
1 2 53.564750000000004
Ntot
2
1 3 0.2547078827540233
3 2 -203.36268799513317
392 3 3
Id
3
1 1 1.0
2 2 1.0
3 3 -0.9670180424702426
Nupdn
1
1 2 53.564750000000004
Ntot
2
1 3 -0.2547078827539898
3 2 203.36268799516213
393 3 3
Id
3
1 1 1.0
2 2 1.0
3 3 -0.9670180424702508
Nupdn
1
1 2 53.564750000000004
Ntot
2
1 3 0.254707882753958
3 2 -203.36268799518885
394 3 3
Id
3
1 1 1.0
2 2 1.0
3 3 -0.9670180424702586
Nupdn
1
1 2 53.564750000000004
Ntot
2
1 3 -0.2547078827539287
3 2 203.36268799521392
395 3 3
Id
3
1 1 1.0
2 2 1.0
3 3 -0.9670180424702659
Nupdn
1
1 2 53.564750000000004
Ntot
2
1 3 0.2547078827539016
3 2 -203.36268799523754
396 3 3
Id
3
1 1 1.0
2 2 1.0
3 3 -0.9670180424702728
Nupdn
1
1 2 53.564750000000004
Ntot
2
1 3 -0.25470788275387574
3 2 203.36268799525934
397 3 3
Id
3
1 1 1.0
2 2 1.0
3 3 -0.9670180424702788
Nupdn
1
1 2 53.564750000000004
Ntot
2
1 3 0.25470788275385153
3 2 -203.36268799528008
398 3 3
Id
3
1 1 1.0
2 2 1.0
3 3 -0.967018042470285
Nupdn
1
1 2 53.564750000000004
Ntot
2
1 3 -0.25470788275382905
3 2 203.36268799529947
399 3 3
Id
3
1 1 1.0
2 2 1.0
3 3 -0.9670180424702903
Nupdn
1
1 2 53.564750000000004
Ntot
2
1 3 0.2547078827538081
3 2 -203.36268799531723
400 3 3
Id
3
1 1 1.0
2 2 1.0
3 3 -0.9670180424702957
Nupdn
1
1 2 53.564750000000004
Ntot
2
1 3 -0.25470788275378836
3 2 203.36268799533394
401 3 3
Id
3
1 1 1.0
2 2 1.0
3 3 -0.9670180424703005
Nupdn
1
1 2 53.564750000000004
Ntot
2
1 3 0.25470788275377015
3 2 -203.36268799534966
402 3 3
Id
3
1 1 1.0
2 2 1.0
3 3 -0.9670180424703048
Nupdn
1
1 2 53.564750000000004
Ntot
2
1 3 -0.25470788275375267
3 2 203.36268799536452
403 3 3
Id
3
1 1 1.0
2 2 1.0
3 3 -0.9670180424703094
Nupdn
1
1 2 53.564750000000004
Ntot
2
1 3 0.25470788275373657
3 2 -203.36268799537814
404 3 3
Id
3
1 1 1.0
2 2 1.0
3 3 -0.9670180424703132
Nupdn
1
1 2 53.564750000000004
Ntot
2
1 3 -0.2547078827537214
3 2 203.36268799539096
405 3 3
Id
3
1 1 1.0
2 2 1.0
3 3 -0.967018042470317
Nupdn
1
1 2 53.564750000000004
Ntot
2
1 3 0.25470788275370737
3 2 -203.36268799540312
406 3 3
Id
3
1 1 1.0
2 2 1.0
3 3 -0.9670180424703203
Nupdn
1
1 2 53.564750000000004
Ntot
2
1 3 -0.2547078827536943
3 2 203.36268799541438
407 3 3
Id
3
1 1 1.0
2 2 1.0
3 3 -0.9670180424703236
Nupdn
1
1 2 53.564750000000004
Ntot
2
1 3 0.2547078827536821
3 2 -203.36268799542478
408 3 3
Id
3
1 1 1.0
2 2 1.0
3 3 -0.9670180424703265
Nupdn
1
1 2 53.564750000000004
Ntot
2
1 3 -0.25470788275367046
3 2 203.36268799543464
409 3 3
Id
3
1 1 1.0
2 2 1.0
3 3 -0.9670180424703292
Nupdn
1
1 2 53.564750000000004
Ntot
2
1 3 0.25470788275365985
3 2 -203.36268799544357
410 3 3
Id
3
1 1 1.0
2 2 1.0
3 3 -0.9670180424703321
Nupdn
1
1 2 53.564750000000004
Ntot
2
1 3 -0.25470788275364986
3 2 203.36268799545232
411 3 3
Id
3
1 1 1.0
2 2 1.0
3 3 -0.9670180424703347
Nupdn
1
1 2 53.564750000000004
Ntot
2
1 3 0.25470788275364026
3 2 -203.36268799546053
412 3 3
Id
3
1 1 1.0
2 2 1.0
3 3 -0.967018042470337
Nupdn
1
1 2 53.564750000000004
Ntot
2
1 3 -0.2547078827536312
3 2 203.36268799546775
413 3 3
Id
3
1 1 1.0
2 2 1.0
3 3 -0.967018042470339
Nupdn
1
1 2 53.564750000000004
Ntot
2
1 3 0.2547078827536231
3 2 -203.36268799547483
414 3 3
Id
3
1 1 1.0
2 2 1.0
3 3 -0.967018042470341
Nupdn
1
1 2 53.564750000000004
Ntot
2
1 3 -0.2547078827536158
3 2 203.3626879954815
415 3 3
Id
3
1 1 1.0
2 2 1.0
3 3 -0.967018042470343
Nupdn
1
1 2 53.564750000000004
Ntot
2
1 3 0.2547078827536085
3 2 -203.36268799548753
416 3 3
Id
3
1 1 1.0
2 2 1.0
3 3 -0.967018042470345
Nupdn
1
1 2 53.564750000000004
Ntot
2
1 3 -0.25470788275360157
3 2 203.3626879954933
417 3 3
Id
3
1 1 1.0
2 2 1.0
3 3 -0.9670180424703465
Nupdn
1
1 2 53.564750000000004
Ntot
2
1 3 0.25470788275359546
3 2 -203.36268799549882
418 3 3
Id
3
1 1 1.0
2 2 1.0
3 3 -0.9670180424703478
Nupdn
1
1 2 53.564750000000004
Ntot
2
1 3 -0.2547078827535895
3 2 203.3626879955038
419 3 3
Id
3
1 1 1.0
2 2 1.0
3 3 -0.9670180424703496
Nupdn
1
1 2 53.564750000000004
Ntot
2
1 3 0.2547078827535841
3 2 -203.36268799550834
420 3 3
Id
3
1 1 1.0
2 2 1.0
3 3 -0.967018042470351
Nupdn
1
1 2 53.564750000000004
Ntot
2
1 3 -0.254707882753579
3 2 203.36268799551272
421 3 3
Id
3
1 1 1.0
2 2 1.0
3 3 -0.9670180424703518
Nupdn
1
1 2 53.564750000000004
Ntot
2
1 3 0.2547078827535742
3 2 -203.3626879955167
422 3 3
Id
3
1 1 1.0
2 2 1.0
3 3 -0.9670180424703534
Nupdn
1
1 2 53.564750000000004
Ntot
2
1 3 -0.25470788275356965
3 2 203.36268799552047
423 3 3
Id
3
1 1 1.0
2 2 1.0
3 3 -0.9670180424703543
Nupdn
1
1 2 53.564750000000004
Ntot
2
1 3 0.25470788275356576
3 2 -203.36268799552403
424 3 3
Id
3
1 1 1.0
2 2 1.0
3 3 -0.9670180424703554
Nupdn
1
1 2 53.564750000000004
Ntot
2
1 3 -0.2547078827535614
3 2 203.36268799552786
425 3 3
Id
3
1 1 1.0
2 2 1.0
3 3 -0.9670180424703565
Nupdn
1
1 2 53.564750000000004
Ntot
2
1 3 0.2547078827535578
3 2 -203.36268799553076
426 3 3
Id
3
1 1 1.0
2 2 1.0
3 3 -0.9670180424703574
Nupdn
1
1 2 53.564750000000004
Ntot
2
1 3 -0.2547078827535542
3 2 203.36268799553372
427 3 3
Id
3
1 1 1.0
2 2 1.0
3 3 -0.967018042470358
Nupdn
1
1 2 53.564750000000004
Ntot
2
1 3 0.2547078827535514
3 2 -203.36268799553636
428 3 3
Id
3
1 1 1.0
2 2 1.0
3 3 -0.9670180424703587
Nupdn
1
1 2 53.564750000000004
Ntot
2
1 3 -0.254707882753548
3 2 203.36268799553923
429 3 3
Id
3
1 1 1.0
2 2 1.0
3 3 -0.9670180424703594
Nupdn
1
1 2 53.564750000000004
Ntot
2
1 3 0.25470788275354544
3 2 -203.36268799554145
430 3 3
Id
3
1 1 1.0
2 2 1.0
3 3 -0.9670180424703603
Nupdn
1
1 2 53.564750000000004
Ntot
2
1 3 -0.2547078827535427
3 2 203.3626879955439
431 3 3
Id
3
1 1 1.0
2 2 1.0
3 3 -0.9670180424703612
Nupdn
1
1 2 53.564750000000004
Ntot
2
1 3 0.2547078827535401
3 2 -203.36268799554605
432 3 3
Id
3
1 1 1.0
2 2 1.0
3 3 -0.9670180424703618
Nupdn
1
1 2 53.564750000000004
Ntot
2
1 3 -0.2547078827535377
3 2 203.362687995548
433 3 3
Id
3
1 1 1.0
2 2 1.0
3 3 -0.967018042470362
Nupdn
1
1 2 53.564750000000004
Ntot
2
1 3 0.2547078827535356
3 2 -203.36268799554963
434 3 3
Id
3
1 1 1.0
2 2 1.0
3 3 -0.9670180424703625
Nupdn
1
1 2 53.564750000000004
Ntot
2
1 3 -0.25470788275353384
3 2 203.3626879955512
435 3 3
Id
3
1 1 1.0
2 2 1.0
3 3 -0.9670180424703632
Nupdn
1
1 2 53.564750000000004
Ntot
2
1 3 0.25470788275353184
3 2 -203.36268799555305
436 3 3
Id
3
1 1 1.0
2 2 1.0
3 3 -0.9670180424703636
Nupdn
1
1 2 53.564750000000004
Ntot
2
1 3 -0.25470788275353007
3 2 203.3626879955544
437 3 3
Id
3
1 1 1.0
2 2 1.0
3 3 -0.967018042470364
Nupdn
1
1 2 53.564750000000004
Ntot
2
1 3 0.2547078827535284
3 2 -203.36268799555597
438 3 3
Id
3
1 1 1.0
2 2 1.0
3 3 -0.9670180424703643
Nupdn
1
1 2 53.564750000000004
Ntot
2
1 3 -0.25470788275352707
3 2 203.36268799555725
439 3 3
Id
3
1 1 1.0
2 2 1.0
3 3 -0.9670180424703647
Nupdn
1
1 2 53.564750000000004
Ntot
2
1 3 0.2547078827535254
3 2 -203.3626879955583
440 3 3
Id
3
1 1 1.0
2 2 1.0
3 3 -0.9670180424703652
Nupdn
1
1 2 53.564750000000004
Ntot
2
1 3 -0.25470788275352396
3 2 203.3626879955594
441 3 3
Id
3
1 1 1.0
2 2 1.0
3 3 -0.9670180424703654
Nupdn
1
1 2 53.564750000000004
Ntot
2
1 3 0.2547078827535229
3 2 -203.36268799556058
442 3 3
Id
3
1 1 1.0
2 2 1.0
3 3 -0.9670180424703658
Nupdn
1
1 2 53.564750000000004
Ntot
2
1 3 -0.25470788275352185
3 2 203.36268799556174
443 3 3
Id
3
1 1 1.0
2 2 1.0
3 3 -0.9670180424703663
Nupdn
1
1 2 53.564750000000004
Ntot
2
1 3 0.25470788275352046
3 2 -203.36268799556274
444 3 3
Id
3
1 1 1.0
2 2 1.0
3 3 -0.9670180424703663
Nupdn
1
1 2 53.564750000000004
Ntot
2
1 3 -0.2547078827535196
3 2 203.36268799556333
445 3 3
Id
3
1 1 1.0
2 2 1.0
3 3 -0.9670180424703669
Nupdn
1
1 2 53.564750000000004
Ntot
2
1 3 0.25470788275351863
3 2 -203.3626879955644
446 3 3
Id
3
1 1 1.0
2 2 1.0
3 3 -0.9670180424703667
Nupdn
1
1 2 53.564750000000004
Ntot
2
1 3 -0.25470788275351786
3 2 203.36268799556484
447 3 3
Id
3
1 1 1.0
2 2 1.0
3 3 -0.9670180424703672
Nupdn
1
1 2 53.564750000000004
Ntot
2
1 3 0.254707882753517
3 2 -203.36268799556558
448 3 3
Id
3
1 1 1.0
2 2 1.0
3 3 -0.9670180424703674
Nupdn
1
1 2 53.564750000000004
Ntot
2
1 3 -0.2547078827535162
3 2 203.36268799556632
449 3 3
Id
3
1 1 1.0
2 2 1.0
3 3 -0.9670180424703676
Nupdn
1
1 2 53.564750000000004
Ntot
2
1 3 0.25470788275351514
3 2 -203.3626879955673
450 3 3
Id
3
1 1 1.0
2 2 1.0
3 3 -0.9670180424703678
Nupdn
1
1 2 53.564750000000004
Ntot
2
1 3 -0.25470788275351475
3 2 203.36268799556774
451 3 3
Id
3
1 1 1.0
2 2 1.0
3 3 -0.9670180424703678
Nupdn
1
1 2 53.564750000000004
Ntot
2
1 3 0.25470788275351386
3 2 -203.36268799556845
452 3 3
Id
3
1 1 1.0
2 2 1.0
3 3 -0.9670180424703678
Nupdn
1
1 2 53.564750000000004
Ntot
2
1 3 -0.2547078827535133
3 2 203.36268799556876
453 3 3
Id
3
1 1 1.0
2 2 1.0
3 3 -0.9670180424703683
Nupdn
1
1 2 53.564750000000004
Ntot
2
1 3 0.2547078827535128
3 2 -203.36268799556913
454 3 3
Id
3
1 1 1.0
2 2 1.0
3 3 -0.967018042470368
Nupdn
1
1 2 53.564750000000004
Ntot
2
1 3 -0.2547078827535123
3 2 203.3626879955697
455 3 3
Id
3
1 1 1.0
2 2 1.0
3 3 -0.9670180424703685
Nupdn
1
1 2 53.564750000000004
Ntot
2
1 3 0.2547078827535118
3 2 -203.36268799557
456 3 3
Id
3
1 1 1.0
2 2 1.0
3 3 -0.9670180424703687
Nupdn
1
1 2 53.564750000000004
Ntot
2
1 3 -0.25470788275351136
3 2 203.3626879955704
457 3 3
Id
3
1 1 1.0
2 2 1.0
3 3 -0.9670180424703685
Nupdn
1
1 2 53.564750000000004
Ntot
2
1 3 0.2547078827535109
3 2 -203.362687995571
458 3 3
Id
3
1 1 1.0
2 2 1.0
3 3 -0.9670180424703687
Nupdn
1
1 2 53.564750000000004
Ntot
2
1 3 -0.25470788275351064
3 2 203.36268799557092
459 3 3
Id
3
1 1 1.0
2 2 1.0
3 3 -0.9670180424703689
Nupdn
1
1 2 53.564750000000004
Ntot
2
1 3 0.2547078827535102
3 2 -203.36268799557166
460 3 3
Id
3
1 1 1.0
2 2 1.0
3 3 -0.9670180424703689
Nupdn
1
1 2 53.564750000000004
Ntot
2
1 3 -0.2547078827535098
3 2 203.36268799557175
461 3 3
Id
3
1 1 1.0
2 2 1.0
3 3 -0.9670180424703689
Nupdn
1
1 2 53.564750000000004
Ntot
2
1 3 0.25470788275350953
3 2 -203.36268799557197
462 3 3
Id
3
1 1 1.0
2 2 1.0
3 3 -0.9670180424703694
Nupdn
1
1 2 53.564750000000004
Ntot
2
1 3 -0.25470788275350886
3 2 203.3626879955726
463 3 3
Id
3
1 1 1.0
2 2 1.0
3 3 -0.9670180424703692
Nupdn
1
1 2 53.564750000000004
Ntot
2
1 3 0.25470788275350886
3 2 -203.3626879955725
464 3 3
Id
3
1 1 1.0
2 2 1.0
3 3 -0.9670180424703692
Nupdn
1
1 2 53.564750000000004
Ntot
2
1 3 -0.2547078827535085
3 2 203.36268799557314
465 3 3
Id
3
1 1 1.0
2 2 1.0
3 3 -0.9670180424703694
Nupdn
1
1 2 53.564750000000004
Ntot
2
1 3 0.2547078827535083
3 2 -203.36268799557317
466 3 3
Id
3
1 1 1.0
2 2 1.0
3 3 -0.9670180424703696
Nupdn
1
1 2 53.564750000000004
Ntot
2
1 3 -0.25470788275350786
3 2 203.36268799557348
467 3 3
Id
3
1 1 1.0
2 2 1.0
3 3 -0.9670180424703696
Nupdn
1
1 2 53.564750000000004
Ntot
2
1 3 0.25470788275350775
3 2 -203.3626879955734
468 3 3
Id
3
1 1 1.0
2 2 1.0
3 3 -0.9670180424703696
Nupdn
1
1 2 53.564750000000004
Ntot
2
1 3 -0.2547078827535076
3 2 203.36268799557362
469 3 3
Id
3
1 1 1.0
2 2 1.0
3 3 -0.9670180424703694
Nupdn
1
1 2 53.564750000000004
Ntot
2
1 3 0.25470788275350753
3 2 -203.3626879955739
470 3 3
Id
3
1 1 1.0
2 2 1.0
3 3 -0.9670180424703696
Nupdn
1
1 2 53.564750000000004
Ntot
2
1 3 -0.25470788275350703
3 2 203.36268799557402
471 3 3
Id
3
1 1 1.0
2 2 1.0
3 3 -0.9670180424703696
Nupdn
1
1 2 53.564750000000004
Ntot
2
1 3 0.25470788275350714
3 2 -203.36268799557402
472 3 3
Id
3
1 1 1.0
2 2 1.0
3 3 -0.9670180424703698
Nupdn
1
1 2 53.564750000000004
Ntot
2
1 3 -0.25470788275350675
3 2 203.36268799557433
473 3 3
Id
3
1 1 1.0
2 2 1.0
3 3 -0.9670180424703696
Nupdn
1
1 2 53.564750000000004
Ntot
2
1 3 0.2547078827535069
3 2 -203.3626879955742
474 3 3
Id
3
1 1 1.0
2 2 1.0
3 3 -0.96701804247037
Nupdn
1
1 2 53.564750000000004
Ntot
2
1 3 -0.2547078827535068
3 2 203.36268799557442
475 3 3
Id
3
1 1 1.0
2 2 1.0
3 3 -0.9670180424703698
Nupdn
1
1 2 53.564750000000004
Ntot
2
1 3 0.25470788275350675
3 2 -203.36268799557453
476 3 3
Id
3
1 1 1.0
2 2 1.0
3 3 -0.96701804247037
Nupdn
1
1 2 53.564750000000004
Ntot
2
1 3 -0.2547078827535065
3 2 203.36268799557473
477 3 3
Id
3
1 1 1.0
2 2 1.0
3 3 -0.96701804247037
Nupdn
1
1 2 53.564750000000004
Ntot
2
1 3 0.25470788275350664
3 2 -203.36268799557453
478 3 3
Id
3
1 1 1.0
2 2 1.0
3 3 -0.96701804247037
Nupdn
1
1 2 53.564750000000004
Ntot
2
1 3 -0.25470788275350614
3 2 203.3626879955749
479 3 3
Id
3
1 1 1.0
2 2 1.0
3 3 -0.96701804247037
Nupdn
1
1 2 53.564750000000004
Ntot
2
1 3 0.2547078827535062
3 2 -203.36268799557482
480 3 3
Id
3
1 1 1.0
2 2 1.0
3 3 -0.9670180424703703
Nupdn
1
1 2 53.564750000000004
Ntot
2
1 3 -0.25470788275350603
3 2 203.362687995575
481 3 3
Id
3
1 1 1.0
2 2 1.0
3 3 -0.96701804247037
Nupdn
1
1 2 53.564750000000004
Ntot
2
1 3 0.2547078827535061
3 2 -203.36268799557502
482 3 3
Id
3
1 1 1.0
2 2 1.0
3 3 -0.96701804247037
Nupdn
1
1 2 53.564750000000004
Ntot
2
1 3 -0.2547078827535059
3 2 203.36268799557496
483 3 3
Id
3
1 1 1.0
2 2 1.0
3 3 -0.96701804247037
Nupdn
1
1 2 53.564750000000004
Ntot
2
1 3 0.25470788275350603
3 2 -203.3626879955751
484 3 3
Id
3
1 1 1.0
2 2 1.0
3 3 -0.9670180424703698
Nupdn
1
1 2 53.564750000000004
Ntot
2
1 3 -0.2547078827535059
3 2 203.36268799557507
485 3 3
Id
3
1 1 1.0
2 2 1.0
3 3 -0.9670180424703698
Nupdn
1
1 2 53.564750000000004
Ntot
2
1 3 0.2547078827535061
3 2 -203.36268799557502
486 3 3
Id
3
1 1 1.0
2 2 1.0
3 3 -0.9670180424703703
Nupdn
1
1 2 53.564750000000004
Ntot
2
1 3 -0.25470788275350587
3 2 203.36268799557524
487 3 3
Id
3
1 1 1.0
2 2 1.0
3 3 -0.96701804247037
Nupdn
1
1 2 53.564750000000004
Ntot
2
1 3 0.25470788275350587
3 2 -203.36268799557527
488 3 3
Id
3
1 1 1.0
2 2 1.0
3 3 -0.96701804247037
Nupdn
1
1 2 53.564750000000004
Ntot
2
1 3 -0.2547078827535056
3 2 203.3626879955754
489 3 3
Id
3
1 1 1.0
2 2 1.0
3 3 -0.96701804247037
Nupdn
1
1 2 53.564750000000004
Ntot
2
1 3 0.2547078827535053
3 2 -203.36268799557564
490 3 3
Id
3
1 1 1.0
2 2 1.0
3 3 -0.9670180424703703
Nupdn
1
1 2 53.564750000000004
Ntot
2
1 3 -0.2547078827535055
3 2 203.36268799557544
491 3 3
Id
3
1 1 1.0
2 2 1.0
3 3 -0.96701804247037
Nupdn
1
1 2 53.564750000000004
Ntot
2
1 3 0.25470788275350525
3 2 -203.36268799557573
492 3 3
Id
3
1 1 1.0
2 2 1.0
3 3 -0.96701804247037
Nupdn
1
1 2 53.564750000000004
Ntot
2
1 3 -0.25470788275350553
3 2 203.36268799557558
493 3 3
Id
3
1 1 1.0
2 2 1.0
3 3 -0.9670180424703703
Nupdn
1
1 2 53.564750000000004
Ntot
2
1 3 0.25470788275350537
3 2 -203.3626879955756
494 3 3
Id
3
1 1 1.0
2 2 1.0
3 3 -0.9670180424703703
Nupdn
1
1 2 53.564750000000004
Ntot
2
1 3 -0.2547078827535053
3 2 203.3626879955755
495 3 3
Id
3
1 1 1.0
2 2 1.0
3 3 -0.9670180424703703
Nupdn
1
1 2 53.564750000000004
Ntot
2
1 3 0.25470788275350525
3 2 -203.36268799557575
496 3 3
Id
3
1 1 1.0
2 2 1.0
3 3 -0.9670180424703703
Nupdn
1
1 2 53.564750000000004
Ntot
2
1 3 -0.25470788275350525
3 2 203.36268799557556
497 3 3
Id
3
1 1 1.0
2 2 1.0
3 3 -0.9670180424703703
Nupdn
1
1 2 53.564750000000004
Ntot
2
1 3 0.2547078827535051
3 2 -203.3626879955758
498 3 3
Id
3
1 1 1.0
2 2 1.0
3 3 -0.96701804247037
Nupdn
1
1 2 53.564750000000004
Ntot
2
1 3 -0.2547078827535052
3 2 203.36268799557564
499 3 3
Id
3
1 1 1.0
2 2 1.0
3 3 -0.9670180424703703
Nupdn
1
1 2 53.564750000000004
Ntot
2
1 3 0.25470788275350514
3 2 -203.3626879955759
500 3 3
Id
3
1 1 1.0
2 2 1.0
3 3 -0.9670180424703705
Nupdn
1
1 2 53.564750000000004
Ntot
2
1 3 -0.25470788275350525
3 2 203.36268799557578
501 3 3
Id
3
1 1 1.0
2 2 1.0
3 3 -0.9670180424703705
Nupdn
1
1 2 53.564750000000004
Ntot
2
1 3 0.25470788275350503
3 2 -203.36268799557587
502 3 3
Id
3
1 1 1.0
2 2 1.0
3 3 -0.9670180424703703
Nupdn
1
1 2 53.564750000000004
Ntot
2
1 3 -0.25470788275350537
3 2 203.36268799557578
503 3 3
Id
3
1 1 1.0
2 2 1.0
3 3 -0.96701804247037
Nupdn
1
1 2 53.564750000000004
Ntot
2
1 3 0.2547078827535052
3 2 -203.36268799557587
504 3 3
Id
3
1 1 1.0
2 2 1.0
3 3 -0.9670180424703705
Nupdn
1
1 2 53.564750000000004
Ntot
2
1 3 -0.2547078827535052
3 2 203.36268799557575
505 3 3
Id
3
1 1 1.0
2 2 1.0
3 3 -0.9670180424703703
Nupdn
1
1 2 53.564750000000004
Ntot
2
1 3 0.2547078827535052
3 2 -203.36268799557604
506 3 3
Id
3
1 1 1.0
2 2 1.0
3 3 -0.9670180424703703
Nupdn
1
1 2 53.564750000000004
Ntot
2
1 3 -0.2547078827535053
3 2 203.36268799557564
507 3 3
Id
3
1 1 1.0
2 2 1.0
3 3 -0.96701804247037
Nupdn
1
1 2 53.564750000000004
Ntot
2
1 3 0.254707882753505
3 2 -203.36268799557578
508 3 3
Id
3
1 1 1.0
2 2 1.0
3 3 -0.96701804247037
Nupdn
1
1 2 53.564750000000004
Ntot
2
1 3 -0.2547078827535052
3 2 203.36268799557558
509 3 3
Id
3
1 1 1.0
2 2 1.0
3 3 -0.9670180424703703
Nupdn
1
1 2 53.564750000000004
Ntot
2
1 3 0.254707882753505
3 2 -203.36268799557584
510 3 3
Id
3
1 1 1.0
2 2 1.0
3 3 -0.9670180424703703
Nupdn
1
1 2 53.564750000000004
Ntot
2
1 3 -0.25470788275350514
3 2 203.36268799557587
511 3 3
Id
3
1 1 1.0
2 2 1.0
3 3 -0.9670180424703703
Nupdn
1
1 2 53.564750000000004
Ntot
2
1 3 0.2547078827535051
3 2 -203.36268799557587
512 3 3
Id
3
1 1 1.0
2 2 1.0
3 3 -0.96701804247037
Nupdn
1
1 2 53.564750000000004
Ntot
2
1 3 -0.2547078827535052
3 2 203.36268799557564
513 3 1
Id
1
2 1 1.0
Nupdn
1
1 1 53.564750000000004
Ntot
1
3 1 -203.36268799557598
