513
1 1 3
Id
1
1 1 1.0
Nupdn
1
1 2 107.12950000000001
Ntot
1
1 3 1.0
2 3 3
Id
3
1 1 1.0
2 2 1.0
3 3 -0.6951526607370007
Nupdn
1
1 2 107.12950000000001
Ntot
2
1 3 -0.7188621413527551
3 2 103.59615938082962
3 3 3
Id
3
1 1 1.0
2 2 1.0
3 3 -0.8025428276211648
Nupdn
1
1 2 107.12950000000001
Ntot
2
1 3 0.5965945103953147
3 2 -144.11130232269866
4 3 3
Id
3
1 1 1.0
2 2 1.0
3 3 -0.8510659796103748
Nupdn
1
1 2 107.12950000000001
Ntot
2
1 3 -0.5250587570451839
3 2 173.6458475157354
5 3 3
Id
3
1 1 1.0
2 2 1.0
3 3 -0.8788129971899847
Nupdn
1
1 2 107.12950000000001
Ntot
2
1 3 0.47716633993813495
3 2 -197.30393597056874
6 3 3
Id
3
1 1 1.0
2 2 1.0
3 3 -0.8967675762792702
Nupdn
1
1 2 107.12950000000001
Ntot
2
1 3 -0.4425018803736357
3 2 217.1070142840773
7 3 3
Id
3
1 1 1.0
2 2 1.0
3 3 -0.9093192133378396
Nupdn
1
1 2 107.12950000000001
Ntot
2
1 3 0.4160992288561138
3 2 -234.11461956581022
8 3 3
Id
3
1 1 1.0
2 2 1.0
3 3 -0.9185721315563797
Nupdn
1
1 2 107.12950000000001
Ntot
2
1 3 -0.395253385979132
3 2 248.969842279263
9 3 3
Id
3
1 1 1.0
2 2 1.0
3 3 -0.925662612971538
Nupdn
1
1 2 107.12950000000001
Ntot
2
1 3 0.3783500058764434
3 2 -262.1006247022989
10 3 3
Id
3
1 1 1.0
2 2 1.0
3 3 -0.9312585821981718
Nupdn
1
1 2 107.12950000000001
Ntot
2
1 3 -0.36435896185252636
3 2 273.8103813183516
11 3 3
Id
3
1 1 1.0
2 2 1.0
3 3 -0.9357785299591383
Nupdn
1
1 2 107.12950000000001
Ntot
2
1 3 0.35258834760597785
3 2 -284.3244443724146
12 3 3
Id
3
1 1 1.0
2 2 1.0
3 3 -0.9394980749734234
Nupdn
1
1 2 107.12950000000001
Ntot
2
1 3 -0.34255418129287496
3 2 293.81617425598984
13 3 3
Id
3
1 1 1.0
2 2 1.0
3 3 -0.9426061727554789
Nupdn
1
1 2 107.12950000000001
Ntot
2
1 3 0.3339065783767494
3 2 -302.4226970163804
14 3 3
Id
3
1 1 1.0
2 2 1.0
3 3 -0.945236713713967
Nupdn
1
1 2 107.12950000000001
Ntot
2
1 3 -0.32638559258524313
3 2 310.25492185404363
15 3 3
Id
3
1 1 1.0
2 2 1.0
3 3 -0.9474872311416329
Nupdn
1
1 2 107.12950000000001
Ntot
2
1 3 0.31979360034803983
3 2 -317.40420451853373
16 3 3
Id
3
1 1 1.0
2 2 1.0
3 3 -0.9494304650159451
Nupdn
1
1 2 107.12950000000001
Ntot
2
1 3 -0.3139773751396842
3 2 323.9469434913115
17 3 3
Id
3
1 1 1.0
2 2 1.0
3 3 -0.9511217748337806
Nupdn
1
1 2 107.12950000000001
Ntot
2
1 3 0.30881607703783703
3 2 -329.9478484229663
18 3 3
Id
3
1 1 1.0
2 2 1.0
3 3 -0.9526040420945872
Nupdn
1
1 2 107.12950000000001
Ntot
2
1 3 -0.30421298293309845
3 2 335.4623255839641
19 3 3
Id
3
1 1 1.0
2 2 1.0
3 3 -0.9539110014447922
Nupdn
1
1 2 107.12950000000001
Ntot
2
1 3 0.3000896554741491
3 2 -340.5382583675332
20 3 3
Id
3
1 1 1.0
2 2 1.0
3 3 -0.9550695583685054
Nupdn
1
1 2 107.12950000000001
Ntot
2
1 3 -0.29638174484571117
3 2 345.2173625150289
21 3 3
Id
3
1 1 1.0
2 2 1.0
3 3 -0.9561014358359416
Nupdn
1
1 2 107.12950000000001
Ntot
2
1 3 0.2930359097319831
3 2 -349.5362355557995
22 3 3
Id
3
1 1 1.0
2 2 1.0
3 3 -0.9570243661748481
Nupdn
1
1 2 107.12950000000001
Ntot
2
1 3 -0.29000752153630444
3 2 353.527181960671
23 3 3
Id
3
1 1 1.0
2 2 1.0
3 3 -0.9578529682713322
Nupdn
1
1 2 107.12950000000001
Ntot
2
1 3 0.2872589270567548
3 2 -357.2188708487021
24 3 3
Id
3
1 1 1.0
2 2 1.0
3 3 -0.9585994029512399
Nupdn
1
1 2 107.12950000000001
Ntot
2
1 3 -0.284758116059097
3 2 360.63686668425686
25 3 3
Id
3
1 1 1.0
2 2 1.0
3 3 -0.9592738693451364
Nupdn
1
1 2 107.12950000000001
Ntot
2
1 3 0.28247768689156755
3 2 -363.80406224955357
26 3 3
Id
3
1 1 1.0
2 2 1.0
3 3 -0.9598849855071474
Nupdn
1
1 2 107.12950000000001
Ntot
2
1 3 -0.28039403452631306
3 2 366.7410354453807
27 3 3
Id
3
1 1 1.0
2 2 1.0
3 3 -0.9604400836043574
Nupdn
1
1 2 107.12950000000001
Ntot
2
1 3 0.2784867066954095
3 2 -369.4663460149605
28 3 3
Id
3
1 1 1.0
2 2 1.0
3 3 -0.9609454412454363
Nupdn
1
1 2 107.12950000000001
Ntot
2
1 3 -0.2767378885328384
3 2 371.9967843712413
29 3 3
Id
3
1 1 1.0
2 2 1.0
3 3 -0.9614064645102935
Nupdn
1
1 2 107.12950000000001
Ntot
2
1 3 0.275131986504328
3 2 -374.3475818582632
30 3 3
Id
3
1 1 1.0
2 2 1.0
3 3 -0.9618278340544775
Nupdn
1
1 2 107.12950000000001
Ntot
2
1 3 -0.27365528980465953
3 2 376.5325896747368
31 3 3
Id
3
1 1 1.0
2 2 1.0
3 3 -0.9622136227007752
Nupdn
1
1 2 107.12950000000001
Ntot
2
1 3 0.2722956927478837
3 2 -378.5644321174222
32 3 3
Id
3
1 1 1.0
2 2 1.0
3 3 -0.9625673908092274
Nupdn
1
1 2 107.12950000000001
Ntot
2
1 3 -0.2710424655855916
3 2 380.4546386150451
33 3 3
Id
3
1 1 1.0
2 2 1.0
3 3 -0.9628922641789113
Nupdn
1
1 2 107.12950000000001
Ntot
2
1 3 0.2698860640796588
3 2 -382.2137581172323
34 3 3
Id
3
1 1 1.0
2 2 1.0
3 3 -0.9631909981073394
Nupdn
1
1 2 107.12950000000001
Ntot
2
1 3 -0.2688179703163223
3 2 383.8514587038931
35 3 3
Id
3
1 1 1.0
2 2 1.0
3 3 -0.9634660303980074
Nupdn
1
1 2 107.12950000000001
Ntot
2
1 3 0.2678305588783802
3 2 -385.37661473645625
36 3 3
Id
3
1 1 1.0
2 2 1.0
3 3 -0.9637195254817481
Nupdn
1
1 2 107.12950000000001
Ntot
2
1 3 -0.2669169837332097
3 2 386.79738344522343
37 3 3
Id
3
1 1 1.0
2 2 1.0
3 3 -0.9639534113457628
Nupdn
1
1 2 107.12950000000001
Ntot
2
1 3 0.2660710821469834
3 2 -388.12127250912016
38 3 3
Id
3
1 1 1.0
2 2 1.0
3 3 -0.9641694106049787
Nupdn
1
1 2 107.12950000000001
Ntot
2
1 3 -0.2652872926727699
3 2 389.3551999145877
39 3 3
Id
3
1 1 1.0
2 2 1.0
3 3 -0.9643690667746134
Nupdn
1
1 2 107.12950000000001
Ntot
2
1 3 0.26456058483504596
3 2 -390.50554716397534
40 3 3
Id
3
1 1 1.0
2 2 1.0
3 3 -0.9645537665895465
Nupdn
1
1 2 107.12950000000001
Ntot
2
1 3 -0.26388639858453944
3 2 391.57820672879825
41 3 3
Id
3
1 1 1.0
2 2 1.0
3 3 -0.9647247590499508
Nupdn
1
1 2 107.12950000000001
Ntot
2
1 3 0.2632605919540835
3 2 -392.57862450095627
42 3 3
Id
3
1 1 1.0
2 2 1.0
3 3 -0.9648831717422917
Nupdn
1
1 2 107.12950000000001
Ntot
2
1 3 -0.2626793956299865
3 2 393.5118378784852
43 3 3
Id
3
1 1 1.0
2 2 1.0
3 3 -0.965030024881971
Nupdn
1
1 2 107.12950000000001
Ntot
2
1 3 0.26213937338046506
3 2 -394.3825100266196
44 3 3
Id
3
1 1 1.0
2 2 1.0
3 3 -0.9651662434421604
Nupdn
1
1 2 107.12950000000001
Ntot
2
1 3 -0.2616373874654544
3 2 395.19496077558546
45 3 3
Id
3
1 1 1.0
2 2 1.0
3 3 -0.9652926676681541
Nupdn
1
1 2 107.12950000000001
Ntot
2
1 3 0.26117056829991175
3 2 -395.9531945506373
46 3 3
Id
3
1 1 1.0
2 2 1.0
3 3 -0.9654100622241264
Nupdn
1
1 2 107.12950000000001
Ntot
2
1 3 -0.26073628776295943
3 2 396.66092567469616
47 3 3
Id
3
1 1 1.0
2 2 1.0
3 3 -0.9655191241769043
Nupdn
1
1 2 107.12950000000001
Ntot
2
1 3 0.2603321356434187
3 2 -397.3216013377121
48 3 3
Id
3
1 1 1.0
2 2 1.0
3 3 -0.9656204899870138
Nupdn
1
1 2 107.12950000000001
Ntot
2
1 3 -0.25995589879292896
3 2 397.93842248782806
49 3 3
Id
3
1 1 1.0
2 2 1.0
3 3 -0.9657147416492806
Nupdn
1
1 2 107.12950000000001
Ntot
2
1 3 0.2596055426243111
3 2 -398.51436286641194
50 3 3
Id
3
1 1 1.0
2 2 1.0
3 3 -0.965802412102361
Nupdn
1
1 2 107.12950000000001
Ntot
2
1 3 -0.2592791946478956
3 2 399.0521863808923
51 3 3
Id
3
1 1 1.0
2 2 1.0
3 3 -0.9658839900077132
Nupdn
1
1 2 107.12950000000001
Ntot
2
1 3 0.25897512978427095
3 2 -399.5544629854095
52 3 3
Id
3
1 1 1.0
2 2 1.0
3 3 -0.9659599239829728
Nupdn
1
1 2 107.12950000000001
Ntot
2
1 3 -0.2586917572301243
3 2 400.0235832186901
53 3 3
Id
3
1 1 1.0
2 2 1.0
3 3 -0.9660306263617817
Nupdn
1
1 2 107.12950000000001
Ntot
2
1 3 0.2584276086858058
3 2 -400.46177153094806
54 3 3
Id
3
1 1 1.0
2 2 1.0
3 3 -0.9660964765413822
Nupdn
1
1 2 107.12950000000001
Ntot
2
1 3 -0.25818132778016045
3 2 400.8710985163387
55 3 3
Id
3
1 1 1.0
2 2 1.0
3 3 -0.9661578239703219
Nupdn
1
1 2 107.12950000000001
Ntot
2
1 3 0.2579516605508338
3 2 -401.25349215432317
56 3 3
Id
3
1 1 1.0
2 2 1.0
3 3 -0.9662149908210906
Nupdn
1
1 2 107.12950000000001
Ntot
2
1 3 -0.25773744685745653
3 2 401.61074815183895
57 3 3
Id
3
1 1 1.0
2 2 1.0
3 3 -0.9662682743861872
Nupdn
1
1 2 107.12950000000001
Ntot
2
1 3 0.25753761262141817
3 2 -401.94453946819755
58 3 3
Id
3
1 1 1.0
2 2 1.0
3 3 -0.9663179492307892
Nupdn
1
1 2 107.12950000000001
Ntot
2
1 3 -0.2573511627997857
3 2 402.2564250959195
59 3 3
Id
3
1 1 1.0
2 2 1.0
3 3 -0.96636426913066
Nupdn
1
1 2 107.12950000000001
Ntot
2
1 3 0.25717717501280285
3 2 -402.547858163071
60 3 3
Id
3
1 1 1.0
2 2 1.0
3 3 -0.9664074688201225
Nupdn
1
1 2 107.12950000000001
Ntot
2
1 3 -0.25701479375453085
3 2 402.82019341596805
61 3 3
Id
3
1 1 1.0
2 2 1.0
3 3 -0.9664477655716452
Nupdn
1
1 2 107.12950000000001
Ntot
2
1 3 0.2568632251249172
3 2 -403.0746941352021
62 3 3
Id
3
1 1 1.0
2 2 1.0
3 3 -0.9664853606258039
Nupdn
1
1 2 107.12950000000001
Ntot
2
1 3 -0.25672173202907883
3 2 403.3125385327106
63 3 3
Id
3
1 1 1.0
2 2 1.0
3 3 -0.9665204404880003
Nupdn
1
1 2 107.12950000000001
Ntot
2
1 3 0.25658962979606487
3 2 -403.53482567301785
64 3 3
Id
3
1 1 1.0
2 2 1.0
3 3 -0.9665531781062775
Nupdn
1
1 2 107.12950000000001
Ntot
2
1 3 -0.2564662821749768
3 2 403.7425809576436
65 3 3
Id
3
1 1 1.0
2 2 1.0
3 3 -0.9665837339427881
Nupdn
1
1 2 107.12950000000001
Ntot
2
1 3 0.25635109767117836
3 2 -403.9367612080486
66 3 3
Id
3
1 1 1.0
2 2 1.0
3 3 -0.9666122569499807
Nupdn
1
1 2 107.12950000000001
Ntot
2
1 3 -0.25624352618956947
3 2 404.118259379222
67 3 3
Id
3
1 1 1.0
2 2 1.0
3 3 -0.9666388854612342
Nupdn
1
1 2 107.12950000000001
Ntot
2
1 3 0.2561430559555785
3 2 -404.2879089331174
68 3 3
Id
3
1 1 1.0
2 2 1.0
3 3 -0.9666637480045366
Nupdn
1
1 2 107.12950000000001
Ntot
2
1 3 -0.25604921068775405
3 2 404.44648789852664
69 3 3
Id
3
1 1 1.0
2 2 1.0
3 3 -0.9666869640468181
Nupdn
1
1 2 107.12950000000001
Ntot
2
1 3 0.2559615469986571
3 2 -404.594722641667
70 3 3
Id
3
1 1 1.0
2 2 1.0
3 3 -0.9667086446756876
Nupdn
1
1 2 107.12950000000001
Ntot
2
1 3 -0.25587965200323126
3 2 404.733291369633
71 3 3
Id
3
1 1 1.0
2 2 1.0
3 3 -0.9667288932245617
Nupdn
1
1 2 107.12950000000001
Ntot
2
1 3 0.25580314111600355
3 2 -404.86282738699884
72 3 3
Id
3
1 1 1.0
2 2 1.0
3 3 -0.9667478058465235
Nupdn
1
1 2 107.12950000000001
Ntot
2
1 3 -0.2557316560203916
3 2 404.9839221241223
73 3 3
Id
3
1 1 1.0
2 2 1.0
3 3 -0.9667654720416803
Nupdn
1
1 2 107.12950000000001
Ntot
2
1 3 0.25566486279508027
3 2 -405.0971279541905
74 3 3
Id
3
1 1 1.0
2 2 1.0
3 3 -0.9667819751422588
Nupdn
1
1 2 107.12950000000001
Ntot
2
1 3 -0.2556024501839384
3 2 405.2029608146175
75 3 3
Id
3
1 1 1.0
2 2 1.0
3 3 -0.9667973927592679
Nupdn
1
1 2 107.12950000000001
Ntot
2
1 3 0.2555441279972644
3 2 -405.3019026471735
76 3 3
Id
3
1 1 1.0
2 2 1.0
3 3 -0.9668117971941257
Nupdn
1
1 2 107.12950000000001
Ntot
2
1 3 -0.25548962563334066
3 2 405.394403670033
77 3 3
Id
3
1 1 1.0
2 2 1.0
3 3 -0.9668252558183397
Nupdn
1
1 2 107.12950000000001
Ntot
2
1 3 0.2554386907103185
3 2 -405.4808844939281
78 3 3
Id
3
1 1 1.0
2 2 1.0
3 3 -0.9668378314239896
Nupdn
1
1 2 107.12950000000001
Ntot
2
1 3 -0.25539108779939285
3 2 405.561738093597
79 3 3
Id
3
1 1 1.0
2 2 1.0
3 3 -0.9668495825475132
Nupdn
1
1 2 107.12950000000001
Ntot
2
1 3 0.25534659725106884
3 2 -405.6373316448821
80 3 3
Id
3
1 1 1.0
2 2 1.0
3 3 -0.9668605637690451
Nupdn
1
1 2 107.12950000000001
Ntot
2
1 3 -0.2553050141070559
3 2 405.7080082370122
81 3 3
Id
3
1 1 1.0
2 2 1.0
3 3 -0.966870825989339
Nupdn
1
1 2 107.12950000000001
Ntot
2
1 3 0.2552661470910174
3 2 -405.7740884688972
82 3 3
Id
3
1 1 1.0
2 2 1.0
3 3 -0.9668804166861227
Nupdn
1
1 2 107.12950000000001
Ntot
2
1 3 -0.25522981767197594
3 2 405.8358719375799
83 3 3
Id
3
1 1 1.0
2 2 1.0
3 3 -0.9668893801515528
Nupdn
1
1 2 107.12950000000001
Ntot
2
1 3 0.2551958591947493
3 2 -405.8936386263944
84 3 3
Id
3
1 1 1.0
2 2 1.0
3 3 -0.9668977577122975
Nupdn
1
1 2 107.12950000000001
Ntot
2
1 3 -0.25516411607224676
3 2 405.94765019980804
85 3 3
Id
3
1 1 1.0
2 2 1.0
3 3 -0.9669055879336206
Nupdn
1
1 2 107.12950000000001
Ntot
2
1 3 0.2551344430349217
3 2 -405.99815121142456
86 3 3
Id
3
1 1 1.0
2 2 1.0
3 3 -0.9669129068087283
Nupdn
1
1 2 107.12950000000001
Ntot
2
1 3 -0.2551067044330575
3 2 406.0453702311359
87 3 3
Id
3
1 1 1.0
2 2 1.0
3 3 -0.9669197479345357
Nupdn
1
1 2 107.12950000000001
Ntot
2
1 3 0.25508077358792386
3 2 -406.0895208969879
88 3 3
Id
3
1 1 1.0
2 2 1.0
3 3 -0.9669261426748883
Nupdn
1
1 2 107.12950000000001
Ntot
2
1 3 -0.2550565321881827
3 2 406.1308028969148
89 3 3
Id
3
1 1 1.0
2 2 1.0
3 3 -0.9669321203122092
Nupdn
1
1 2 107.12950000000001
Ntot
2
1 3 0.255033869728191
3 2 -406.16940288514354
90 3 3
Id
3
1 1 1.0
2 2 1.0
3 3 -0.966937708188444
Nupdn
1
1 2 107.12950000000001
Ntot
2
1 3 -0.25501268298514007
3 2 406.205495337697
91 3 3
Id
3
1 1 1.0
2 2 1.0
3 3 -0.9669429318361129
Nupdn
1
1 2 107.12950000000001
Ntot
2
1 3 0.25499287553220545
3 2 -406.2392433511486
92 3 3
Id
3
1 1 1.0
2 2 1.0
3 3 -0.9669478151001982
Nupdn
1
1 2 107.12950000000001
Ntot
2
1 3 -0.25497435728510515
3 2 406.27079938845344
93 3 3
Id
3
1 1 1.0
2 2 1.0
3 3 -0.9669523802515625
Nupdn
1
1 2 107.12950000000001
Ntot
2
1 3 0.25495704407966
3 2 -406.3003059754407
94 3 3
Id
3
1 1 1.0
2 2 1.0
3 3 -0.9669566480924983
Nupdn
1
1 2 107.12950000000001
Ntot
2
1 3 -0.2549408572781548
3 2 406.3278963512826
95 3 3
Id
3
1 1 1.0
2 2 1.0
3 3 -0.9669606380550044
Nupdn
1
1 2 107.12950000000001
Ntot
2
1 3 0.25492572340244385
3 2 -406.353695076032
96 3 3
Id
3
1 1 1.0
2 2 1.0
3 3 -0.9669643682923006
Nupdn
1
1 2 107.12950000000001
Ntot
2
1 3 -0.254911573791918
3 2 406.37781859810696
97 3 3
Id
3
1 1 1.0
2 2 1.0
3 3 -0.9669678557640771
Nupdn
1
1 2 107.12950000000001
Ntot
2
1 3 0.25489834428458447
3 2 -406.4003757844049
98 3 3
Id
3
1 1 1.0
2 2 1.0
3 3 -0.9669711163159236
Nupdn
1
1 2 107.12950000000001
Ntot
2
1 3 -0.2548859749196431
3 2 406.4214684155355
99 3 3
Id
3
1 1 1.0
2 2 1.0
3 3 -0.9669741647533476
Nupdn
1
1 2 107.12950000000001
Ntot
2
1 3 0.25487440966006225
3 2 -406.44119164850014
100 3 3
Id
3
1 1 1.0
2 2 1.0
3 3 -0.9669770149107806
Nupdn
1
1 2 107.12950000000001
Ntot
2
1 3 -0.2548635961337671
3 2 406.4596344489842
101 3 3
Id
3
1 1 1.0
2 2 1.0
3 3 -0.9669796797159029
Nupdn
1
1 2 107.12950000000001
Ntot
2
1 3 0.25485348539215535
3 2 -406.4768799952751
102 3 3
Id
3
1 1 1.0
2 2 1.0
3 3 -0.9669821712496367
Nupdn
1
1 2 107.12950000000001
Ntot
2
1 3 -0.2548440316847502
3 2 406.4930060556992
103 3 3
Id
3
1 1 1.0
2 2 1.0
3 3 -0.966984500802095
Nupdn
1
1 2 107.12950000000001
Ntot
2
1 3 0.25483519224887907
3 2 -406.5080853413162
104 3 3
Id
3
1 1 1.0
2 2 1.0
3 3 -0.9669866789247734
Nupdn
1
1 2 107.12950000000001
Ntot
2
1 3 -0.25482692711335875
3 2 406.5221858355212
105 3 3
Id
3
1 1 1.0
2 2 1.0
3 3 -0.9669887154792458
Nupdn
1
1 2 107.12950000000001
Ntot
2
1 3 0.2548191989152265
3 2 -406.5353711020707
106 3 3
Id
3
1 1 1.0
2 2 1.0
3 3 -0.966990619682601
Nupdn
1
1 2 107.12950000000001
Ntot
2
1 3 -0.254811972728636
3 2 406.5477005729623
107 3 3
Id
3
1 1 1.0
2 2 1.0
3 3 -0.966992400149846
Nupdn
1
1 2 107.12950000000001
Ntot
2
1 3 0.2548052159050907
3 2 -406.5592298174903
108 3 3
Id
3
1 1 1.0
2 2 1.0
3 3 -0.9669940649334856
Nupdn
1
1 2 107.12950000000001
Ntot
2
1 3 -0.254798897924252
3 2 406.5700107937229
109 3 3
Id
3
1 1 1.0
2 2 1.0
3 3 -0.9669956215604676
Nupdn
1
1 2 107.12950000000001
Ntot
2
1 3 0.2547929902546091
3 2 -406.5800920835507
110 3 3
Id
3
1 1 1.0
2 2 1.0
3 3 -0.9669970770666723
Nupdn
1
1 2 107.12950000000001
Ntot
2
1 3 -0.2547874662233443
3 2 406.58951911239103
111 3 3
Id
3
1 1 1.0
2 2 1.0
3 3 -0.9669984380291206
Nupdn
1
1 2 107.12950000000001
Ntot
2
1 3 0.25478230089478476
3 2 -406.59833435455624
112 3 3
Id
3
1 1 1.0
2 2 1.0
3 3 -0.966999710596042
Nupdn
1
1 2 107.12950000000001
Ntot
2
1 3 -0.2547774709568559
3 2 406.60657752522184
113 3 3
Id
3
1 1 1.0
2 2 1.0
3 3 -0.9670009005149562
Nupdn
1
1 2 107.12950000000001
Ntot
2
1 3 0.25477295461501337
3 2 -406.61428575987617
114 3 3
Id
3
1 1 1.0
2 2 1.0
3 3 -0.9670020131589045
Nupdn
1
1 2 107.12950000000001
Ntot
2
1 3 -0.25476873149314483
3 2 406.6214937820756
115 3 3
Id
3
1 1 1.0
2 2 1.0
3 3 -0.9670030535509417
Nupdn
1
1 2 107.12950000000001
Ntot
2
1 3 0.25476478254098267
3 2 -406.628234060259
116 3 3
Id
3
1 1 1.0
2 2 1.0
3 3 -0.9670040263870217
Nupdn
1
1 2 107.12950000000001
Ntot
2
1 3 -0.2547610899475983
3 2 406.63453695435527
117 3 3
Id
3
1 1 1.0
2 2 1.0
3 3 -0.96700493605737
Nupdn
1
1 2 107.12950000000001
Ntot
2
1 3 0.2547576370605632
3 2 -406.6404308528367
118 3 3
Id
3
1 1 1.0
2 2 1.0
3 3 -0.9670057866664548
Nupdn
1
1 2 107.12950000000001
Ntot
2
1 3 -0.25475440831041724
3 2 406.6459423008452
119 3 3
Id
3
1 1 1.0
2 2 1.0
3 3 -0.9670065820516429
Nupdn
1
1 2 107.12950000000001
Ntot
2
1 3 0.2547513891400776
3 2 -406.65109611998594
120 3 3
Id
3
1 1 1.0
2 2 1.0
3 3 -0.9670073258006311
Nupdn
1
1 2 107.12950000000001
Ntot
2
1 3 -0.2547485659388724
3 2 406.65591552031236
121 3 3
Id
3
1 1 1.0
2 2 1.0
3 3 -0.9670080212677346
Nupdn
1
1 2 107.12950000000001
Ntot
2
1 3 0.2547459259808897
3 2 -406.66042220503715
122 3 3
Id
3
1 1 1.0
2 2 1.0
3 3 -0.9670086715891046
Nupdn
1
1 2 107.12950000000001
Ntot
2
1 3 -0.25474345736735804
3 2 406.66463646841976
123 3 3
Id
3
1 1 1.0
2 2 1.0
3 3 -0.9670092796969545
Nupdn
1
1 2 107.12950000000001
Ntot
2
1 3 0.2547411489727903
3 2 -406.6685772872929
124 3 3
Id
3
1 1 1.0
2 2 1.0
3 3 -0.9670098483328464
Nupdn
1
1 2 107.12950000000001
Ntot
2
1 3 -0.2547389903946502
3 2 406.6722624066322
125 3 3
Id
3
1 1 1.0
2 2 1.0
3 3 -0.9670103800601153
Nupdn
1
1 2 107.12950000000001
Ntot
2
1 3 0.2547369719063007
3 2 -406.6757084195673
126 3 3
Id
3
1 1 1.0
2 2 1.0
3 3 -0.9670108772754771
Nupdn
1
1 2 107.12950000000001
Ntot
2
1 3 -0.25473508441302756
3 2 406.67893084218275
127 3 3
Id
3
1 1 1.0
2 2 1.0
3 3 -0.9670113422198781
Nupdn
1
1 2 107.12950000000001
Ntot
2
1 3 0.25473331941092836
3 2 -406.6819441834669
128 3 3
Id
3
1 1 1.0
2 2 1.0
3 3 -0.9670117769886357
Nupdn
1
1 2 107.12950000000001
Ntot
2
1 3 -0.25473166894848626
3 2 406.6847620107022
129 3 3
Id
3
1 1 1.0
2 2 1.0
3 3 -0.9670121835409176
Nupdn
1
1 2 107.12950000000001
Ntot
2
1 3 0.254730125590646
3 2 -406.68739701061463
130 3 3
Id
3
1 1 1.0
2 2 1.0
3 3 -0.9670125637086018
Nupdn
1
1 2 107.12950000000001
Ntot
2
1 3 -0.25472868238523305
3 2 406.6898610465482
131 3 3
Id
3
1 1 1.0
2 2 1.0
3 3 -0.9670129192045571
Nupdn
1
1 2 107.12950000000001
Ntot
2
1 3 0.254727332831561
3 2 -406.69216521191856
132 3 3
Id
3
1 1 1.0
2 2 1.0
3 3 -0.9670132516303842
Nupdn
1
1 2 107.12950000000001
Ntot
2
1 3 -0.25472607085108295
3 2 406.69431988020256
133 3 3
Id
3
1 1 1.0
2 2 1.0
3 3 -0.9670135624836549
Nupdn
1
1 2 107.12950000000001
Ntot
2
1 3 0.2547248907599538
3 2 -406.6963347516703
134 3 3
Id
3
1 1 1.0
2 2 1.0
3 3 -0.9670138531646737
Nupdn
1
1 2 107.12950000000001
Ntot
2
1 3 -0.25472378724338124
3 2 406.6982188970923
135 3 3
Id
3
1 1 1.0
2 2 1.0
3 3 -0.967014124982803
Nupdn
1
1 2 107.12950000000001
Ntot
2
1 3 0.2547227553316425
3 2 -406.699980798599
136 3 3
Id
3
1 1 1.0
2 2 1.0
3 3 -0.9670143791623764
Nupdn
1
1 2 107.12950000000001
Ntot
2
1 3 -0.2547217903776656
3 2 406.70162838789224
137 3 3
Id
3
1 1 1.0
2 2 1.0
3 3 -0.9670146168482241
Nupdn
1
1 2 107.12950000000001
Ntot
2
1 3 0.25472088803606724
3 2 -406.7031690819687
138 3 3
Id
3
1 1 1.0
2 2 1.0
3 3 -0.9670148391108393
Nupdn
1
1 2 107.12950000000001
Ntot
2
1 3 -0.25472004424355393
3 2 406.7046098165339
139 3 3
Id
3
1 1 1.0
2 2 1.0
3 3 -0.9670150469512104
Nupdn
1
1 2 107.12950000000001
Ntot
2
1 3 0.25471925520059985
3 2 -406.705957077233
140 3 3
Id
3
1 1 1.0
2 2 1.0
3 3 -0.9670152413053372
Nupdn
1
1 2 107.12950000000001
Ntot
2
1 3 -0.25471851735431406
3 2 406.7072169288666
141 3 3
Id
3
1 1 1.0
2 2 1.0
3 3 -0.9670154230484531
Nupdn
1
1 2 107.12950000000001
Ntot
2
1 3 0.25471782738242327
3 2 -406.7083950427021
142 3 3
Id
3
1 1 1.0
2 2 1.0
3 3 -0.9670155929989701
Nupdn
1
1 2 107.12950000000001
Ntot
2
1 3 -0.2547171821782946
3 2 406.70949672201226
143 3 3
Id
3
1 1 1.0
2 2 1.0
3 3 -0.9670157519221743
Nupdn
1
1 2 107.12950000000001
Ntot
2
1 3 0.2547165788369332
3 2 -406.7105269259588
144 3 3
Id
3
1 1 1.0
2 2 1.0
3 3 -0.9670159005336743
Nupdn
1
1 2 107.12950000000001
Ntot
2
1 3 -0.25471601464188903
3 2 406.71149029192406
145 3 3
Id
3
1 1 1.0
2 2 1.0
3 3 -0.9670160395026268
Nupdn
1
1 2 107.12950000000001
Ntot
2
1 3 0.254715487053014
3 2 -406.71239115639344
146 3 3
Id
3
1 1 1.0
2 2 1.0
3 3 -0.967016169454755
Nupdn
1
1 2 107.12950000000001
Ntot
2
1 3 -0.25471499369501704
3 2 406.7132335744784
147 3 3
Id
3
1 1 1.0
2 2 1.0
3 3 -0.9670162909751687
Nupdn
1
1 2 107.12950000000001
Ntot
2
1 3 0.25471453234675906
3 2 -406.71402133818066
148 3 3
Id
3
1 1 1.0
2 2 1.0
3 3 -0.9670164046110008
Nupdn
1
1 2 107.12950000000001
Ntot
2
1 3 -0.25471410093124763
3 2 406.71475799346064
149 3 3
Id
3
1 1 1.0
2 2 1.0
3 3 -0.9670165108738735
Nupdn
1
1 2 107.12950000000001
Ntot
2
1 3 0.2547136975062776
3 2 -406.7154468562075
150 3 3
Id
3
1 1 1.0
2 2 1.0
3 3 -0.9670166102422055
Nupdn
1
1 2 107.12950000000001
Ntot
2
1 3 -0.25471332025568316
3 2 406.71609102716684
151 3 3
Id
3
1 1 1.0
2 2 1.0
3 3 -0.9670167031633652
Nupdn
1
1 2 107.12950000000001
Ntot
2
1 3 0.2547129674811548
3 2 -406.7166934059005
152 3 3
Id
3
1 1 1.0
2 2 1.0
3 3 -0.9670167900556885
Nupdn
1
1 2 107.12950000000001
Ntot
2
1 3 -0.25471263759459
3 2 406.7172567038399
153 3 3
Id
3
1 1 1.0
2 2 1.0
3 3 -0.9670168713103613
Nupdn
1
1 2 107.12950000000001
Ntot
2
1 3 0.2547123291109405
3 2 -406.7177834564973
154 3 3
Id
3
1 1 1.0
2 2 1.0
3 3 -0.9670169472931855
Nupdn
1
1 2 107.12950000000001
Ntot
2
1 3 -0.2547120406415229
3 2 406.7182760348763
155 3 3
Id
3
1 1 1.0
2 2 1.0
3 3 -0.9670170183462228
Nupdn
1
1 2 107.12950000000001
Ntot
2
1 3 0.2547117708877644
3 2 -406.7187366561485
156 3 3
Id
3
1 1 1.0
2 2 1.0
3 3 -0.9670170847893389
Nupdn
1
1 2 107.12950000000001
Ntot
2
1 3 -0.2547115186353548
3 2 406.7191673936341
157 3 3
Id
3
1 1 1.0
2 2 1.0
3 3 -0.9670171469216418
Nupdn
1
1 2 107.12950000000001
Ntot
2
1 3 0.2547112827487771
3 2 -406.7195701861372
158 3 3
Id
3
1 1 1.0
2 2 1.0
3 3 -0.9670172050228316
Nupdn
1
1 2 107.12950000000001
Ntot
2
1 3 -0.2547110621661948
3 2 406.7199468466698
159 3 3
Id
3
1 1 1.0
2 2 1.0
3 3 -0.9670172593544566
Nupdn
1
1 2 107.12950000000001
Ntot
2
1 3 0.2547108558946698
3 2 -406.7202990706189
160 3 3
Id
3
1 1 1.0
2 2 1.0
3 3 -0.9670173101610959
Nupdn
1
1 2 107.12950000000001
Ntot
2
1 3 -0.2547106630056916
3 2 406.72062844337347
161 3 3
Id
3
1 1 1.0
2 2 1.0
3 3 -0.9670173576714562
Nupdn
1
1 2 107.12950000000001
Ntot
2
1 3 0.2547104826309957
3 2 -406.72093644746496
162 3 3
Id
3
1 1 1.0
2 2 1.0
3 3 -0.9670174020994056
Nupdn
1
1 2 107.12950000000001
Ntot
2
1 3 -0.25471031395865434
3 2 406.72122446924
163 3 3
Id
3
1 1 1.0
2 2 1.0
3 3 -0.9670174436449346
Nupdn
1
1 2 107.12950000000001
Ntot
2
1 3 0.25471015622942045
3 2 -406.7214938050993
164 3 3
Id
3
1 1 1.0
2 2 1.0
3 3 -0.9670174824950566
Nupdn
1
1 2 107.12950000000001
Ntot
2
1 3 -0.2547100087333104
3 2 406.7217456673356
165 3 3
Id
3
1 1 1.0
2 2 1.0
3 3 -0.967017518824651
Nupdn
1
1 2 107.12950000000001
Ntot
2
1 3 0.25470987080640534
3 2 -406.7219811895893
166 3 3
Id
3
1 1 1.0
2 2 1.0
3 3 -0.9670175527972504
Nupdn
1
1 2 107.12950000000001
Ntot
2
1 3 -0.2547097418278633
3 2 406.7222014319532
167 3 3
Id
3
1 1 1.0
2 2 1.0
3 3 -0.9670175845657767
Nupdn
1
1 2 107.12950000000001
Ntot
2
1 3 0.2547096212171246
3 2 -406.7224073857428
168 3 3
Id
3
1 1 1.0
2 2 1.0
3 3 -0.9670176142732294
Nupdn
1
1 2 107.12950000000001
Ntot
2
1 3 -0.2547095084312954
3 2 406.7225999779579
169 3 3
Id
3
1 1 1.0
2 2 1.0
3 3 -0.9670176420533296
Nupdn
1
1 2 107.12950000000001
Ntot
2
1 3 0.2547094029627077
3 2 -406.72278007545725
170 3 3
Id
3
1 1 1.0
2 2 1.0
3 3 -0.9670176680311229
Nupdn
1
1 2 107.12950000000001
Ntot
2
1 3 -0.25470930433662886
3 2 406.7229484888606
171 3 3
Id
3
1 1 1.0
2 2 1.0
3 3 -0.9670176923235405
Nupdn
1
1 2 107.12950000000001
Ntot
2
1 3 0.25470921210913006
3 2 -406.7231059761946
172 3 3
Id
3
1 1 1.0
2 2 1.0
3 3 -0.9670177150399288
Nupdn
1
1 2 107.12950000000001
Ntot
2
1 3 -0.2547091258650826
3 2 406.7232532463093
173 3 3
Id
3
1 1 1.0
2 2 1.0
3 3 -0.9670177362825381
Nupdn
1
1 2 107.12950000000001
Ntot
2
1 3 0.25470904521629306
3 2 -406.7233909620633
174 3 3
Id
3
1 1 1.0
2 2 1.0
3 3 -0.9670177561469848
Nupdn
1
1 2 107.12950000000001
Ntot
2
1 3 -0.25470896979975155
3 2 406.72351974331445
175 3 3
Id
3
1 1 1.0
2 2 1.0
3 3 -0.9670177747226816
Nupdn
1
1 2 107.12950000000001
Ntot
2
1 3 0.2547088992760026
3 2 -406.72364016970187
176 3 3
Id
3
1 1 1.0
2 2 1.0
3 3 -0.9670177920932408
Nupdn
1
1 2 107.12950000000001
Ntot
2
1 3 -0.2547088333276128
3 2 406.72375278326206
177 3 3
Id
3
1 1 1.0
2 2 1.0
3 3 -0.9670178083368495
Nupdn
1
1 2 107.12950000000001
Ntot
2
1 3 0.2547087716577433
3 2 -406.72385809086546
178 3 3
Id
3
1 1 1.0
2 2 1.0
3 3 -0.9670178235266209
Nupdn
1
1 2 107.12950000000001
Ntot
2
1 3 -0.25470871398881584
3 2 406.7239565664964
179 3 3
Id
3
1 1 1.0
2 2 1.0
3 3 -0.9670178377309273
Nupdn
1
1 2 107.12950000000001
Ntot
2
1 3 0.2547086600612593
3 2 -406.72404865339007
180 3 3
Id
3
1 1 1.0
2 2 1.0
3 3 -0.967017851013702
Nupdn
1
1 2 107.12950000000001
Ntot
2
1 3 -0.25470860963234365
3 2 406.7241347660266
181 3 3
Id
3
1 1 1.0
2 2 1.0
3 3 -0.9670178634347324
Nupdn
1
1 2 107.12950000000001
Ntot
2
1 3 0.2547085624750865
3 2 -406.7242152919938
182 3 3
Id
3
1 1 1.0
2 2 1.0
3 3 -0.9670178750499263
Nupdn
1
1 2 107.12950000000001
Ntot
2
1 3 -0.2547085183772323
3 2 406.7242905937355
183 3 3
Id
3
1 1 1.0
2 2 1.0
3 3 -0.9670178859115643
Nupdn
1
1 2 107.12950000000001
Ntot
2
1 3 0.25470847714029593
3 2 -406.72436101018064
184 3 3
Id
3
1 1 1.0
2 2 1.0
3 3 -0.9670178960685352
Nupdn
1
1 2 107.12950000000001
Ntot
2
1 3 -0.2547084385786694
3 2 406.7244268582696
185 3 3
Id
3
1 1 1.0
2 2 1.0
3 3 -0.9670179055665558
Nupdn
1
1 2 107.12950000000001
Ntot
2
1 3 0.25470840251878707
3 2 -406.724488434382
186 3 3
Id
3
1 1 1.0
2 2 1.0
3 3 -0.9670179144483761
Nupdn
1
1 2 107.12950000000001
Ntot
2
1 3 -0.25470836879834324
3 2 406.7245460156675
187 3 3
Id
3
1 1 1.0
2 2 1.0
3 3 -0.9670179227539748
Nupdn
1
1 2 107.12950000000001
Ntot
2
1 3 0.2547083372655627
3 2 -406.72459986129644
188 3 3
Id
3
1 1 1.0
2 2 1.0
3 3 -0.9670179305207347
Nupdn
1
1 2 107.12950000000001
Ntot
2
1 3 -0.2547083077785164
3 2 406.72465021362393
189 3 3
Id
3
1 1 1.0
2 2 1.0
3 3 -0.9670179377836143
Nupdn
1
1 2 107.12950000000001
Ntot
2
1 3 0.25470828020448427
3 2 -406.7246972992826
190 3 3
Id
3
1 1 1.0
2 2 1.0
3 3 -0.9670179445753033
Nupdn
1
1 2 107.12950000000001
Ntot
2
1 3 -0.2547082544193565
3 2 406.72474133020245
191 3 3
Id
3
1 1 1.0
2 2 1.0
3 3 -0.9670179509263717
Nupdn
1
1 2 107.12950000000001
Ntot
2
1 3 0.2547082303070741
3 2 -406.72478250456294
192 3 3
Id
3
1 1 1.0
2 2 1.0
3 3 -0.9670179568654049
Nupdn
1
1 2 107.12950000000001
Ntot
2
1 3 -0.25470820775910885
3 2 406.7248210076879
193 3 3
Id
3
1 1 1.0
2 2 1.0
3 3 -0.9670179624191353
Nupdn
1
1 2 107.12950000000001
Ntot
2
1 3 0.2547081866739731
3 2 -406.72485701287667
194 3 3
Id
3
1 1 1.0
2 2 1.0
3 3 -0.9670179676125592
Nupdn
1
1 2 107.12950000000001
Ntot
2
1 3 -0.2547081669567636
3 2 406.7248906821866
195 3 3
Id
3
1 1 1.0
2 2 1.0
3 3 -0.9670179724690533
Nupdn
1
1 2 107.12950000000001
Ntot
2
1 3 0.2547081485187342
3 2 -406.7249221671595
196 3 3
Id
3
1 1 1.0
2 2 1.0
3 3 -0.967017977010475
Nupdn
1
1 2 107.12950000000001
Ntot
2
1 3 -0.2547081312768959
3 2 406.7249516095086
197 3 3
Id
3
1 1 1.0
2 2 1.0
3 3 -0.9670179812572663
Nupdn
1
1 2 107.12950000000001
Ntot
2
1 3 0.25470811515364394
3 2 -406.7249791417499
198 3 3
Id
3
1 1 1.0
2 2 1.0
3 3 -0.9670179852285408
Nupdn
1
1 2 107.12950000000001
Ntot
2
1 3 -0.2547081000764087
3 2 406.72500488780537
199 3 3
Id
3
1 1 1.0
2 2 1.0
3 3 -0.9670179889421735
Nupdn
1
1 2 107.12950000000001
Ntot
2
1 3 0.25470808597732814
3 2 -406.7250289635557
200 3 3
Id
3
1 1 1.0
2 2 1.0
3 3 -0.9670179924148798
Nupdn
1
1 2 107.12950000000001
Ntot
2
1 3 -0.254708072792943
3 2 406.72505147736416
201 3 3
Id
3
1 1 1.0
2 2 1.0
3 3 -0.96701799566229
Nupdn
1
1 2 107.12950000000001
Ntot
2
1 3 0.2547080604639114
3 2 -406.72507253056284
202 3 3
Id
3
1 1 1.0
2 2 1.0
3 3 -0.9670179986990199
Nupdn
1
1 2 107.12950000000001
Ntot
2
1 3 -0.25470804893474147
3 2 406.7250922179106
203 3 3
Id
3
1 1 1.0
2 2 1.0
3 3 -0.967018001538738
Nupdn
1
1 2 107.12950000000001
Ntot
2
1 3 0.2547080381535401
3 2 -406.72511062801965
204 3 3
Id
3
1 1 1.0
2 2 1.0
3 3 -0.967018004194226
Nupdn
1
1 2 107.12950000000001
Ntot
2
1 3 -0.25470802807178217
3 2 406.72512784375124
205 3 3
Id
3
1 1 1.0
2 2 1.0
3 3 -0.9670180066774359
Nupdn
1
1 2 107.12950000000001
Ntot
2
1 3 0.2547080186440906
3 2 -406.72514394259275
206 3 3
Id
3
1 1 1.0
2 2 1.0
3 3 -0.9670180089995444
Nupdn
1
1 2 107.12950000000001
Ntot
2
1 3 -0.2547080098280322
3 2 406.7251589970039
207 3 3
Id
3
1 1 1.0
2 2 1.0
3 3 -0.9670180111710034
Nupdn
1
1 2 107.12950000000001
Ntot
2
1 3 0.2547080015839259
3 2 -406.72517307474277
208 3 3
Id
3
1 1 1.0
2 2 1.0
3 3 -0.9670180132015862
Nupdn
1
1 2 107.12950000000001
Ntot
2
1 3 -0.25470799387466614
3 2 406.72518623917165
209 3 3
Id
3
1 1 1.0
2 2 1.0
3 3 -0.9670180151004324
Nupdn
1
1 2 107.12950000000001
Ntot
2
1 3 0.2547079866655534
3 2 -406.7251985495439
210 3 3
Id
3
1 1 1.0
2 2 1.0
3 3 -0.9670180168760887
Nupdn
1
1 2 107.12950000000001
Ntot
2
1 3 -0.25470797992414057
3 2 406.7252100612669
211 3 3
Id
3
1 1 1.0
2 2 1.0
3 3 -0.9670180185365476
Nupdn
1
1 2 107.12950000000001
Ntot
2
1 3 0.25470797362008474
3 2 -406.7252208261541
212 3 3
Id
3
1 1 1.0
2 2 1.0
3 3 -0.9670180200892817
Nupdn
1
1 2 107.12950000000001
Ntot
2
1 3 -0.25470796772501203
3 2 406.72523089265616
213 3 3
Id
3
1 1 1.0
2 2 1.0
3 3 -0.9670180215412802
Nupdn
1
1 2 107.12950000000001
Ntot
2
1 3 0.25470796221238906
3 2 -406.72524030608304
214 3 3
Id
3
1 1 1.0
2 2 1.0
3 3 -0.967018022899079
Nupdn
1
1 2 107.12950000000001
Ntot
2
1 3 -0.25470795705740373
3 2 406.7252491088037
215 3 3
Id
3
1 1 1.0
2 2 1.0
3 3 -0.9670180241687889
Nupdn
1
1 2 107.12950000000001
Ntot
2
1 3 0.25470795223685416
3 2 -406.7252573404371
216 3 3
Id
3
1 1 1.0
2 2 1.0
3 3 -0.9670180253561249
Nupdn
1
1 2 107.12950000000001
Ntot
2
1 3 -0.25470794772904315
3 2 406.725265038035
217 3 3
Id
3
1 1 1.0
2 2 1.0
3 3 -0.967018026466431
Nupdn
1
1 2 107.12950000000001
Ntot
2
1 3 0.25470794351368164
3 2 -406.72527223624184
218 3 3
Id
3
1 1 1.0
2 2 1.0
3 3 -0.9670180275047047
Nupdn
1
1 2 107.12950000000001
Ntot
2
1 3 -0.2547079395717971
3 2 406.72527896745703
219 3 3
Id
3
1 1 1.0
2 2 1.0
3 3 -0.9670180284756189
Nupdn
1
1 2 107.12950000000001
Ntot
2
1 3 0.25470793588564666
3 2 -406.72528526197715
220 3 3
Id
3
1 1 1.0
2 2 1.0
3 3 -0.9670180293835446
Nupdn
1
1 2 107.12950000000001
Ntot
2
1 3 -0.2547079324386391
3 2 406.7252911481333
221 3 3
Id
3
1 1 1.0
2 2 1.0
3 3 -0.9670180302325673
Nupdn
1
1 2 107.12950000000001
Ntot
2
1 3 0.2547079292152601
3 2 -406.7252966524185
222 3 3
Id
3
1 1 1.0
2 2 1.0
3 3 -0.9670180310265086
Nupdn
1
1 2 107.12950000000001
Ntot
2
1 3 -0.25470792620100097
3 2 406.7253017996072
223 3 3
Id
3
1 1 1.0
2 2 1.0
3 3 -0.9670180317689419
Nupdn
1
1 2 107.12950000000001
Ntot
2
1 3 0.25470792338229653
3 2 -406.72530661286623
224 3 3
Id
3
1 1 1.0
2 2 1.0
3 3 -0.9670180324632089
Nupdn
1
1 2 107.12950000000001
Ntot
2
1 3 -0.25470792074645837
3 2 406.72531111385933
225 3 3
Id
3
1 1 1.0
2 2 1.0
3 3 -0.9670180331124352
Nupdn
1
1 2 107.12950000000001
Ntot
2
1 3 0.25470791828162254
3 2 -406.7253153228461
226 3 3
Id
3
1 1 1.0
2 2 1.0
3 3 -0.9670180337195415
Nupdn
1
1 2 107.12950000000001
Ntot
2
1 3 -0.254707915976696
3 2 406.7253192587699
227 3 3
Id
3
1 1 1.0
2 2 1.0
3 3 -0.9670180342872614
Nupdn
1
1 2 107.12950000000001
Ntot
2
1 3 0.2547079138213045
3 2 -406.72532293934586
228 3 3
Id
3
1 1 1.0
2 2 1.0
3 3 -0.9670180348181496
Nupdn
1
1 2 107.12950000000001
Ntot
2
1 3 -0.25470791180574637
3 2 406.7253263811404
229 3 3
Id
3
1 1 1.0
2 2 1.0
3 3 -0.9670180353145963
Nupdn
1
1 2 107.12950000000001
Ntot
2
1 3 0.25470790992094955
3 2 -406.7253295996454
230 3 3
Id
3
1 1 1.0
2 2 1.0
3 3 -0.9670180357788347
Nupdn
1
1 2 107.12950000000001
Ntot
2
1 3 -0.25470790815843186
3 2 406.72533260934534
231 3 3
Id
3
1 1 1.0
2 2 1.0
3 3 -0.9670180362129557
Nupdn
1
1 2 107.12950000000001
Ntot
2
1 3 0.2547079065102585
3 2 -406.72533542378864
232 3 3
Id
3
1 1 1.0
2 2 1.0
3 3 -0.9670180366189127
Nupdn
1
1 2 107.12950000000001
Ntot
2
1 3 -0.25470790496901247
3 2 406.7253380556412
233 3 3
Id
3
1 1 1.0
2 2 1.0
3 3 -0.9670180369985326
Nupdn
1
1 2 107.12950000000001
Ntot
2
1 3 0.2547079035277567
3 2 -406.72534051674967
234 3 3
Id
3
1 1 1.0
2 2 1.0
3 3 -0.9670180373535238
Nupdn
1
1 2 107.12950000000001
Ntot
2
1 3 -0.25470790218000416
3 2 406.7253428181905
235 3 3
Id
3
1 1 1.0
2 2 1.0
3 3 -0.9670180376854851
Nupdn
1
1 2 107.12950000000001
Ntot
2
1 3 0.2547079009196883
3 2 -406.72534497032336
236 3 3
Id
3
1 1 1.0
2 2 1.0
3 3 -0.9670180379959099
Nupdn
1
1 2 107.12950000000001
Ntot
2
1 3 -0.2547078997411371
3 2 406.7253469828338
237 3 3
Id
3
1 1 1.0
2 2 1.0
3 3 -0.9670180382861953
Nupdn
1
1 2 107.12950000000001
Ntot
2
1 3 0.2547078986390458
3 2 -406.72534886478076
238 3 3
Id
3
1 1 1.0
2 2 1.0
3 3 -0.9670180385576483
Nupdn
1
1 2 107.12950000000001
Ntot
2
1 3 -0.2547078976084536
3 2 406.7253506246345
239 3 3
Id
3
1 1 1.0
2 2 1.0
3 3 -0.9670180388114908
Nupdn
1
1 2 107.12950000000001
Ntot
2
1 3 0.25470789664472204
3 2 -406.72535227031483
240 3 3
Id
3
1 1 1.0
2 2 1.0
3 3 -0.9670180390488645
Nupdn
1
1 2 107.12950000000001
Ntot
2
1 3 -0.2547078957435143
3 2 406.72535380923034
241 3 3
Id
3
1 1 1.0
2 2 1.0
3 3 -0.9670180392708385
Nupdn
1
1 2 107.12950000000001
Ntot
2
1 3 0.25470789490077295
3 2 -406.72535524830744
242 3 3
Id
3
1 1 1.0
2 2 1.0
3 3 -0.9670180394784116
Nupdn
1
1 2 107.12950000000001
Ntot
2
1 3 -0.25470789411270534
3 2 406.72535659402206
243 3 3
Id
3
1 1 1.0
2 2 1.0
3 3 -0.9670180396725185
Nupdn
1
1 2 107.12950000000001
Ntot
2
1 3 0.25470789337576444
3 2 -406.7253578524327
244 3 3
Id
3
1 1 1.0
2 2 1.0
3 3 -0.9670180398540322
Nupdn
1
1 2 107.12950000000001
Ntot
2
1 3 -0.25470789268663324
3 2 406.72535902920214
245 3 3
Id
3
1 1 1.0
2 2 1.0
3 3 -0.9670180400237698
Nupdn
1
1 2 107.12950000000001
Ntot
2
1 3 0.25470789204221106
3 2 -406.7253601296271
246 3 3
Id
3
1 1 1.0
2 2 1.0
3 3 -0.9670180401824959
Nupdn
1
1 2 107.12950000000001
Ntot
2
1 3 -0.2547078914395958
3 2 406.7253611586615
247 3 3
Id
3
1 1 1.0
2 2 1.0
3 3 -0.9670180403309243
Nupdn
1
1 2 107.12950000000001
Ntot
2
1 3 0.25470789087607626
3 2 -406.7253621209356
248 3 3
Id
3
1 1 1.0
2 2 1.0
3 3 -0.9670180404697231
Nupdn
1
1 2 107.12950000000001
Ntot
2
1 3 -0.2547078903491152
3 2 406.72536302078134
249 3 3
Id
3
1 1 1.0
2 2 1.0
3 3 -0.9670180405995172
Nupdn
1
1 2 107.12950000000001
Ntot
2
1 3 0.2547078898563415
3 2 -406.7253638622481
250 3 3
Id
3
1 1 1.0
2 2 1.0
3 3 -0.9670180407208908
Nupdn
1
1 2 107.12950000000001
Ntot
2
1 3 -0.25470788939553746
3 2 406.7253646491248
251 3 3
Id
3
1 1 1.0
2 2 1.0
3 3 -0.9670180408343905
Nupdn
1
1 2 107.12950000000001
Ntot
2
1 3 0.25470788896462776
3 2 -406.7253653849509
252 3 3
Id
3
1 1 1.0
2 2 1.0
3 3 -0.9670180409405265
Nupdn
1
1 2 107.12950000000001
Ntot
2
1 3 -0.25470788856167464
3 2 406.7253660730403
253 3 3
Id
3
1 1 1.0
2 2 1.0
3 3 -0.9670180410397768
Nupdn
1
1 2 107.12950000000001
Ntot
2
1 3 0.254707888184863
3 2 -406.7253667164888
254 3 3
Id
3
1 1 1.0
2 2 1.0
3 3 -0.9670180411325882
Nupdn
1
1 2 107.12950000000001
Ntot
2
1 3 -0.2547078878324977
3 2 406.7253673181927
255 3 3
Id
3
1 1 1.0
2 2 1.0
3 3 -0.9670180412193781
Nupdn
1
1 2 107.12950000000001
Ntot
2
1 3 0.25470788750299206
3 2 -406.7253678808606
256 3 3
Id
3
1 1 1.0
2 2 1.0
3 3 -0.9670180413005376
Nupdn
1
1 2 107.12950000000001
Ntot
2
1 3 -0.25470788719486426
3 2 406.72536840702486
257 3 3
Id
3
1 1 1.0
2 2 1.0
3 3 -0.967018041376432
Nupdn
1
1 2 107.12950000000001
Ntot
2
1 3 0.2547078869067257
3 2 -406.7253688990533
258 3 3
Id
3
1 1 1.0
2 2 1.0
3 3 -0.9670180414474026
Nupdn
1
1 2 107.12950000000001
Ntot
2
1 3 -0.254707886637281
3 2 406.72536935916065
259 3 3
Id
3
1 1 1.0
2 2 1.0
3 3 -0.9670180415137684
Nupdn
1
1 2 107.12950000000001
Ntot
2
1 3 0.2547078863853167
3 2 -406.7253697894187
260 3 3
Id
3
1 1 1.0
2 2 1.0
3 3 -0.9670180415758292
Nupdn
1
1 2 107.12950000000001
Ntot
2
1 3 -0.2547078861496992
3 2 406.72537019176303
261 3 3
Id
3
1 1 1.0
2 2 1.0
3 3 -0.9670180416338632
Nupdn
1
1 2 107.12950000000001
Ntot
2
1 3 0.25470788592936716
3 2 -406.72537056800496
262 3 3
Id
3
1 1 1.0
2 2 1.0
3 3 -0.9670180416881327
Nupdn
1
1 2 107.12950000000001
Ntot
2
1 3 -0.25470788572332953
3 2 406.7253709198374
263 3 3
Id
3
1 1 1.0
2 2 1.0
3 3 -0.9670180417388812
Nupdn
1
1 2 107.12950000000001
Ntot
2
1 3 0.25470788553065893
3 2 -406.7253712488446
264 3 3
Id
3
1 1 1.0
2 2 1.0
3 3 -0.9670180417863377
Nupdn
1
1 2 107.12950000000001
Ntot
2
1 3 -0.25470788535048783
3 2 406.72537155650696
265 3 3
Id
3
1 1 1.0
2 2 1.0
3 3 -0.9670180418307148
Nupdn
1
1 2 107.12950000000001
Ntot
2
1 3 0.25470788518200566
3 2 -406.72537184420963
266 3 3
Id
3
1 1 1.0
2 2 1.0
3 3 -0.9670180418722134
Nupdn
1
1 2 107.12950000000001
Ntot
2
1 3 -0.25470788502445385
3 2 406.7253721132475
267 3 3
Id
3
1 1 1.0
2 2 1.0
3 3 -0.967018041911019
Nupdn
1
1 2 107.12950000000001
Ntot
2
1 3 0.25470788487712426
3 2 -406.72537236483055
268 3 3
Id
3
1 1 1.0
2 2 1.0
3 3 -0.9670180419473078
Nupdn
1
1 2 107.12950000000001
Ntot
2
1 3 -0.2547078847393517
3 2 406.7253726000923
269 3 3
Id
3
1 1 1.0
2 2 1.0
3 3 -0.967018041981242
Nupdn
1
1 2 107.12950000000001
Ntot
2
1 3 0.25470788461051747
3 2 -406.7253728200908
270 3 3
Id
3
1 1 1.0
2 2 1.0
3 3 -0.967018042012975
Nupdn
1
1 2 107.12950000000001
Ntot
2
1 3 -0.25470788449004145
3 2 406.7253730258172
271 3 3
Id
3
1 1 1.0
2 2 1.0
3 3 -0.9670180420426486
Nupdn
1
1 2 107.12950000000001
Ntot
2
1 3 0.2547078843773822
3 2 -406.72537321819647
272 3 3
Id
3
1 1 1.0
2 2 1.0
3 3 -0.9670180420703978
Nupdn
1
1 2 107.12950000000001
Ntot
2
1 3 -0.2547078842720312
3 2 406.72537339809475
273 3 3
Id
3
1 1 1.0
2 2 1.0
3 3 -0.9670180420963466
Nupdn
1
1 2 107.12950000000001
Ntot
2
1 3 0.25470788417351503
3 2 -406.7253735663226
274 3 3
Id
3
1 1 1.0
2 2 1.0
3 3 -0.9670180421206116
Nupdn
1
1 2 107.12950000000001
Ntot
2
1 3 -0.25470788408139056
3 2 406.72537372363576
275 3 3
Id
3
1 1 1.0
2 2 1.0
3 3 -0.9670180421433023
Nupdn
1
1 2 107.12950000000001
Ntot
2
1 3 0.2547078839952423
3 2 -406.7253738707436
276 3 3
Id
3
1 1 1.0
2 2 1.0
3 3 -0.9670180421645218
Nupdn
1
1 2 107.12950000000001
Ntot
2
1 3 -0.2547078839146829
3 2 406.72537400830754
277 3 3
Id
3
1 1 1.0
2 2 1.0
3 3 -0.9670180421843637
Nupdn
1
1 2 107.12950000000001
Ntot
2
1 3 0.25470788383935056
3 2 -406.725374136947
278 3 3
Id
3
1 1 1.0
2 2 1.0
3 3 -0.9670180422029189
Nupdn
1
1 2 107.12950000000001
Ntot
2
1 3 -0.25470788376890513
3 2 406.72537425724045
279 3 3
Id
3
1 1 1.0
2 2 1.0
3 3 -0.9670180422202699
Nupdn
1
1 2 107.12950000000001
Ntot
2
1 3 0.2547078837030299
3 2 -406.72537436973005
280 3 3
Id
3
1 1 1.0
2 2 1.0
3 3 -0.9670180422364956
Nupdn
1
1 2 107.12950000000001
Ntot
2
1 3 -0.25470788364142855
3 2 406.7253744749215
281 3 3
Id
3
1 1 1.0
2 2 1.0
3 3 -0.9670180422516683
Nupdn
1
1 2 107.12950000000001
Ntot
2
1 3 0.25470788358382335
3 2 -406.72537457328843
282 3 3
Id
3
1 1 1.0
2 2 1.0
3 3 -0.9670180422658567
Nupdn
1
1 2 107.12950000000001
Ntot
2
1 3 -0.2547078835299558
3 2 406.7253746652737
283 3 3
Id
3
1 1 1.0
2 2 1.0
3 3 -0.967018042279125
Nupdn
1
1 2 107.12950000000001
Ntot
2
1 3 0.25470788347958234
3 2 -406.72537475129155
284 3 3
Id
3
1 1 1.0
2 2 1.0
3 3 -0.9670180422915322
Nupdn
1
1 2 107.12950000000001
Ntot
2
1 3 -0.25470788343247724
3 2 406.7253748317289
285 3 3
Id
3
1 1 1.0
2 2 1.0
3 3 -0.9670180423031343
Nupdn
1
1 2 107.12950000000001
Ntot
2
1 3 0.25470788338842865
3 2 -406.7253749069476
286 3 3
Id
3
1 1 1.0
2 2 1.0
3 3 -0.967018042313984
Nupdn
1
1 2 107.12950000000001
Ntot
2
1 3 -0.25470788334723704
3 2 406.7253749772871
287 3 3
Id
3
1 1 1.0
2 2 1.0
3 3 -0.9670180423241297
Nupdn
1
1 2 107.12950000000001
Ntot
2
1 3 0.2547078833087181
3 2 -406.72537504306274
288 3 3
Id
3
1 1 1.0
2 2 1.0
3 3 -0.9670180423336174
Nupdn
1
1 2 107.12950000000001
Ntot
2
1 3 -0.25470788327269783
3 2 406.72537510457107
289 3 3
Id
3
1 1 1.0
2 2 1.0
3 3 -0.9670180423424894
Nupdn
1
1 2 107.12950000000001
Ntot
2
1 3 0.2547078832390146
3 2 -406.7253751620889
290 3 3
Id
3
1 1 1.0
2 2 1.0
3 3 -0.9670180423507859
Nupdn
1
1 2 107.12950000000001
Ntot
2
1 3 -0.25470788320751675
3 2 406.72537521587554
291 3 3
Id
3
1 1 1.0
2 2 1.0
3 3 -0.9670180423585439
Nupdn
1
1 2 107.12950000000001
Ntot
2
1 3 0.25470788317806203
3 2 -406.7253752661723
292 3 3
Id
3
1 1 1.0
2 2 1.0
3 3 -0.9670180423657988
Nupdn
1
1 2 107.12950000000001
Ntot
2
1 3 -0.2547078831505183
3 2 406.7253753132063
293 3 3
Id
3
1 1 1.0
2 2 1.0
3 3 -0.9670180423725829
Nupdn
1
1 2 107.12950000000001
Ntot
2
1 3 0.2547078831247614
3 2 -406.7253753571886
294 3 3
Id
3
1 1 1.0
2 2 1.0
3 3 -0.9670180423789272
Nupdn
1
1 2 107.12950000000001
Ntot
2
1 3 -0.25470788310067627
3 2 406.7253753983179
295 3 3
Id
3
1 1 1.0
2 2 1.0
3 3 -0.9670180423848593
Nupdn
1
1 2 107.12950000000001
Ntot
2
1 3 0.2547078830781529
3 2 -406.72537543677856
296 3 3
Id
3
1 1 1.0
2 2 1.0
3 3 -0.9670180423904071
Nupdn
1
1 2 107.12950000000001
Ntot
2
1 3 -0.2547078830570909
3 2 406.72537547274453
297 3 3
Id
3
1 1 1.0
2 2 1.0
3 3 -0.9670180423955947
Nupdn
1
1 2 107.12950000000001
Ntot
2
1 3 0.25470788303739544
3 2 -406.7253755063764
298 3 3
Id
3
1 1 1.0
2 2 1.0
3 3 -0.967018042400446
Nupdn
1
1 2 107.12950000000001
Ntot
2
1 3 -0.2547078830189776
3 2 406.725375537827
299 3 3
Id
3
1 1 1.0
2 2 1.0
3 3 -0.9670180424049823
Nupdn
1
1 2 107.12950000000001
Ntot
2
1 3 0.25470788300175484
3 2 -406.7253755672371
300 3 3
Id
3
1 1 1.0
2 2 1.0
3 3 -0.9670180424092245
Nupdn
1
1 2 107.12950000000001
Ntot
2
1 3 -0.25470788298564917
3 2 406.7253755947387
301 3 3
Id
3
1 1 1.0
2 2 1.0
3 3 -0.9670180424131913
Nupdn
1
1 2 107.12950000000001
Ntot
2
1 3 0.25470788297058866
3 2 -406.7253756204569
302 3 3
Id
3
1 1 1.0
2 2 1.0
3 3 -0.967018042416901
Nupdn
1
1 2 107.12950000000001
Ntot
2
1 3 -0.254707882956505
3 2 406.72537564450636
303 3 3
Id
3
1 1 1.0
2 2 1.0
3 3 -0.9670180424203698
Nupdn
1
1 2 107.12950000000001
Ntot
2
1 3 0.2547078829433351
3 2 -406.7253756669953
304 3 3
Id
3
1 1 1.0
2 2 1.0
3 3 -0.9670180424236137
Nupdn
1
1 2 107.12950000000001
Ntot
2
1 3 -0.25470788293101954
3 2 406.72537568802494
305 3 3
Id
3
1 1 1.0
2 2 1.0
3 3 -0.9670180424266472
Nupdn
1
1 2 107.12950000000001
Ntot
2
1 3 0.254707882919503
3 2 -406.7253757076913
306 3 3
Id
3
1 1 1.0
2 2 1.0
3 3 -0.9670180424294836
Nupdn
1
1 2 107.12950000000001
Ntot
2
1 3 -0.2547078829087339
3 2 406.7253757260812
307 3 3
Id
3
1 1 1.0
2 2 1.0
3 3 -0.9670180424321362
Nupdn
1
1 2 107.12950000000001
Ntot
2
1 3 0.25470788289866314
3 2 -406.72537574327754
308 3 3
Id
3
1 1 1.0
2 2 1.0
3 3 -0.9670180424346169
Nupdn
1
1 2 107.12950000000001
Ntot
2
1 3 -0.2547078828892459
3 2 406.725375759359
309 3 3
Id
3
1 1 1.0
2 2 1.0
3 3 -0.9670180424369366
Nupdn
1
1 2 107.12950000000001
Ntot
2
1 3 0.2547078828804396
3 2 -406.7253757743966
310 3 3
Id
3
1 1 1.0
2 2 1.0
3 3 -0.9670180424391053
Nupdn
1
1 2 107.12950000000001
Ntot
2
1 3 -0.25470788287220486
3 2 406.72537578845896
311 3 3
Id
3
1 1 1.0
2 2 1.0
3 3 -0.9670180424411337
Nupdn
1
1 2 107.12950000000001
Ntot
2
1 3 0.2547078828645039
3 2 -406.7253758016084
312 3 3
Id
3
1 1 1.0
2 2 1.0
3 3 -0.9670180424430304
Nupdn
1
1 2 107.12950000000001
Ntot
2
1 3 -0.2547078828573026
3 2 406.7253758139056
313 3 3
Id
3
1 1 1.0
2 2 1.0
3 3 -0.967018042444804
Nupdn
1
1 2 107.12950000000001
Ntot
2
1 3 0.2547078828505686
3 2 -406.7253758254042
314 3 3
Id
3
1 1 1.0
2 2 1.0
3 3 -0.9670180424464629
Nupdn
1
1 2 107.12950000000001
Ntot
2
1 3 -0.2547078828442714
3 2 406.7253758361577
315 3 3
Id
3
1 1 1.0
2 2 1.0
3 3 -0.9670180424480137
Nupdn
1
1 2 107.12950000000001
Ntot
2
1 3 0.25470788283838247
3 2 -406.72537584621347
316 3 3
Id
3
1 1 1.0
2 2 1.0
3 3 -0.9670180424494643
Nupdn
1
1 2 107.12950000000001
Ntot
2
1 3 -0.2547078828328761
3 2 406.7253758556162
317 3 3
Id
3
1 1 1.0
2 2 1.0
3 3 -0.9670180424508206
Nupdn
1
1 2 107.12950000000001
Ntot
2
1 3 0.25470788282772727
3 2 -406.7253758644093
318 3 3
Id
3
1 1 1.0
2 2 1.0
3 3 -0.9670180424520889
Nupdn
1
1 2 107.12950000000001
Ntot
2
1 3 -0.25470788282291196
3 2 406.7253758726321
319 3 3
Id
3
1 1 1.0
2 2 1.0
3 3 -0.9670180424532748
Nupdn
1
1 2 107.12950000000001
Ntot
2
1 3 0.2547078828184089
3 2 -406.7253758803211
320 3 3
Id
3
1 1 1.0
2 2 1.0
3 3 -0.9670180424543839
Nupdn
1
1 2 107.12950000000001
Ntot
2
1 3 -0.25470788281419804
3 2 406.7253758875117
321 3 3
Id
3
1 1 1.0
2 2 1.0
3 3 -0.9670180424554213
Nupdn
1
1 2 107.12950000000001
Ntot
2
1 3 0.2547078828102601
3 2 -406.72537589423496
322 3 3
Id
3
1 1 1.0
2 2 1.0
3 3 -0.9670180424563908
Nupdn
1
1 2 107.12950000000001
Ntot
2
1 3 -0.2547078828065785
3 2 406.7253759005227
323 3 3
Id
3
1 1 1.0
2 2 1.0
3 3 -0.9670180424572978
Nupdn
1
1 2 107.12950000000001
Ntot
2
1 3 0.254707882803135
3 2 -406.72537590640275
324 3 3
Id
3
1 1 1.0
2 2 1.0
3 3 -0.967018042458146
Nupdn
1
1 2 107.12950000000001
Ntot
2
1 3 -0.2547078827999153
3 2 406.7253759119011
325 3 3
Id
3
1 1 1.0
2 2 1.0
3 3 -0.9670180424589392
Nupdn
1
1 2 107.12950000000001
Ntot
2
1 3 0.2547078827969044
3 2 -406.72537591704213
326 3 3
Id
3
1 1 1.0
2 2 1.0
3 3 -0.9670180424596806
Nupdn
1
1 2 107.12950000000001
Ntot
2
1 3 -0.25470788279408874
3 2 406.7253759218501
327 3 3
Id
3
1 1 1.0
2 2 1.0
3 3 -0.9670180424603743
Nupdn
1
1 2 107.12950000000001
Ntot
2
1 3 0.25470788279145606
3 2 -406.7253759263461
328 3 3
Id
3
1 1 1.0
2 2 1.0
3 3 -0.9670180424610226
Nupdn
1
1 2 107.12950000000001
Ntot
2
1 3 -0.2547078827889938
3 2 406.7253759305505
329 3 3
Id
3
1 1 1.0
2 2 1.0
3 3 -0.9670180424616288
Nupdn
1
1 2 107.12950000000001
Ntot
2
1 3 0.25470788278669176
3 2 -406.72537593448203
330 3 3
Id
3
1 1 1.0
2 2 1.0
3 3 -0.9670180424621961
Nupdn
1
1 2 107.12950000000001
Ntot
2
1 3 -0.25470788278453826
3 2 406.7253759381587
331 3 3
Id
3
1 1 1.0
2 2 1.0
3 3 -0.9670180424627268
Nupdn
1
1 2 107.12950000000001
Ntot
2
1 3 0.25470788278252476
3 2 -406.7253759415966
332 3 3
Id
3
1 1 1.0
2 2 1.0
3 3 -0.9670180424632222
Nupdn
1
1 2 107.12950000000001
Ntot
2
1 3 -0.2547078827806425
3 2 406.7253759448115
333 3 3
Id
3
1 1 1.0
2 2 1.0
3 3 -0.9670180424636863
Nupdn
1
1 2 107.12950000000001
Ntot
2
1 3 0.25470788277888184
3 2 -406.7253759478184
334 3 3
Id
3
1 1 1.0
2 2 1.0
3 3 -0.9670180424641197
Nupdn
1
1 2 107.12950000000001
Ntot
2
1 3 -0.2547078827772352
3 2 406.7253759506295
335 3 3
Id
3
1 1 1.0
2 2 1.0
3 3 -0.9670180424645252
Nupdn
1
1 2 107.12950000000001
Ntot
2
1 3 0.25470788277569595
3 2 -406.7253759532586
336 3 3
Id
3
1 1 1.0
2 2 1.0
3 3 -0.9670180424649044
Nupdn
1
1 2 107.12950000000001
Ntot
2
1 3 -0.25470788277425604
3 2 406.7253759557167
337 3 3
Id
3
1 1 1.0
2 2 1.0
3 3 -0.967018042465259
Nupdn
1
1 2 107.12950000000001
Ntot
2
1 3 0.2547078827729101
3 2 -406.72537595801595
338 3 3
Id
3
1 1 1.0
2 2 1.0
3 3 -0.9670180424655908
Nupdn
1
1 2 107.12950000000001
Ntot
2
1 3 -0.25470788277165074
3 2 406.7253759601659
339 3 3
Id
3
1 1 1.0
2 2 1.0
3 3 -0.9670180424659007
Nupdn
1
1 2 107.12950000000001
Ntot
2
1 3 0.2547078827704737
3 2 -406.72537596217603
340 3 3
Id
3
1 1 1.0
2 2 1.0
3 3 -0.9670180424661907
Nupdn
1
1 2 107.12950000000001
Ntot
2
1 3 -0.254707882769373
3 2 406.72537596405596
341 3 3
Id
3
1 1 1.0
2 2 1.0
3 3 -0.9670180424664618
Nupdn
1
1 2 107.12950000000001
Ntot
2
1 3 0.2547078827683436
3 2 -406.72537596581407
342 3 3
Id
3
1 1 1.0
2 2 1.0
3 3 -0.9670180424667156
Nupdn
1
1 2 107.12950000000001
Ntot
2
1 3 -0.2547078827673805
3 2 406.7253759674574
343 3 3
Id
3
1 1 1.0
2 2 1.0
3 3 -0.9670180424669523
Nupdn
1
1 2 107.12950000000001
Ntot
2
1 3 0.2547078827664803
3 2 -406.7253759689948
344 3 3
Id
3
1 1 1.0
2 2 1.0
3 3 -0.9670180424671742
Nupdn
1
1 2 107.12950000000001
Ntot
2
1 3 -0.25470788276563905
3 2 406.7253759704324
345 3 3
Id
3
1 1 1.0
2 2 1.0
3 3 -0.9670180424673818
Nupdn
1
1 2 107.12950000000001
Ntot
2
1 3 0.2547078827648515
3 2 -406.72537597177677
346 3 3
Id
3
1 1 1.0
2 2 1.0
3 3 -0.9670180424675754
Nupdn
1
1 2 107.12950000000001
Ntot
2
1 3 -0.25470788276411527
3 2 406.72537597303386
347 3 3
Id
3
1 1 1.0
2 2 1.0
3 3 -0.9670180424677566
Nupdn
1
1 2 107.12950000000001
Ntot
2
1 3 0.254707882763427
3 2 -406.7253759742091
348 3 3
Id
3
1 1 1.0
2 2 1.0
3 3 -0.9670180424679264
Nupdn
1
1 2 107.12950000000001
Ntot
2
1 3 -0.25470788276278333
3 2 406.72537597530817
349 3 3
Id
3
1 1 1.0
2 2 1.0
3 3 -0.967018042468085
Nupdn
1
1 2 107.12950000000001
Ntot
2
1 3 0.25470788276218137
3 2 -406.72537597633607
350 3 3
Id
3
1 1 1.0
2 2 1.0
3 3 -0.9670180424682331
Nupdn
1
1 2 107.12950000000001
Ntot
2
1 3 -0.25470788276161827
3 2 406.72537597729746
351 3 3
Id
3
1 1 1.0
2 2 1.0
3 3 -0.9670180424683716
Nupdn
1
1 2 107.12950000000001
Ntot
2
1 3 0.25470788276109196
3 2 -406.7253759781964
352 3 3
Id
3
1 1 1.0
2 2 1.0
3 3 -0.9670180424685015
Nupdn
1
1 2 107.12950000000001
Ntot
2
1 3 -0.2547078827605994
3 2 406.7253759790369
353 3 3
Id
3
1 1 1.0
2 2 1.0
3 3 -0.9670180424686228
Nupdn
1
1 2 107.12950000000001
Ntot
2
1 3 0.2547078827601391
3 2 -406.7253759798232
354 3 3
Id
3
1 1 1.0
2 2 1.0
3 3 -0.967018042468736
Nupdn
1
1 2 107.12950000000001
Ntot
2
1 3 -0.2547078827597086
3 2 406.7253759805579
355 3 3
Id
3
1 1 1.0
2 2 1.0
3 3 -0.9670180424688422
Nupdn
1
1 2 107.12950000000001
Ntot
2
1 3 0.25470788275930595
3 2 -406.72537598124524
356 3 3
Id
3
1 1 1.0
2 2 1.0
3 3 -0.9670180424689412
Nupdn
1
1 2 107.12950000000001
Ntot
2
1 3 -0.2547078827589302
3 2 406.7253759818879
357 3 3
Id
3
1 1 1.0
2 2 1.0
3 3 -0.9670180424690342
Nupdn
1
1 2 107.12950000000001
Ntot
2
1 3 0.254707882758578
3 2 -406.72537598248925
358 3 3
Id
3
1 1 1.0
2 2 1.0
3 3 -0.9670180424691208
Nupdn
1
1 2 107.12950000000001
Ntot
2
1 3 -0.2547078827582488
3 2 406.72537598305115
359 3 3
Id
3
1 1 1.0
2 2 1.0
3 3 -0.9670180424692019
Nupdn
1
1 2 107.12950000000001
Ntot
2
1 3 0.25470788275794093
3 2 -406.7253759835766
360 3 3
Id
3
1 1 1.0
2 2 1.0
3 3 -0.9670180424692778
Nupdn
1
1 2 107.12950000000001
Ntot
2
1 3 -0.2547078827576532
3 2 406.7253759840678
361 3 3
Id
3
1 1 1.0
2 2 1.0
3 3 -0.9670180424693484
Nupdn
1
1 2 107.12950000000001
Ntot
2
1 3 0.25470788275738415
3 2 -406.7253759845276
362 3 3
Id
3
1 1 1.0
2 2 1.0
3 3 -0.9670180424694148
Nupdn
1
1 2 107.12950000000001
Ntot
2
1 3 -0.2547078827571325
3 2 406.7253759849576
363 3 3
Id
3
1 1 1.0
2 2 1.0
3 3 -0.9670180424694768
Nupdn
1
1 2 107.12950000000001
Ntot
2
1 3 0.2547078827568972
3 2 -406.72537598535916
364 3 3
Id
3
1 1 1.0
2 2 1.0
3 3 -0.9670180424695345
Nupdn
1
1 2 107.12950000000001
Ntot
2
1 3 -0.2547078827566769
3 2 406.725375985735
365 3 3
Id
3
1 1 1.0
2 2 1.0
3 3 -0.9670180424695891
Nupdn
1
1 2 107.12950000000001
Ntot
2
1 3 0.25470788275647144
3 2 -406.72537598608665
366 3 3
Id
3
1 1 1.0
2 2 1.0
3 3 -0.9670180424696395
Nupdn
1
1 2 107.12950000000001
Ntot
2
1 3 -0.2547078827562788
3 2 406.72537598641486
367 3 3
Id
3
1 1 1.0
2 2 1.0
3 3 -0.967018042469687
Nupdn
1
1 2 107.12950000000001
Ntot
2
1 3 0.2547078827560991
3 2 -406.7253759867226
368 3 3
Id
3
1 1 1.0
2 2 1.0
3 3 -0.9670180424697312
Nupdn
1
1 2 107.12950000000001
Ntot
2
1 3 -0.25470788275593054
3 2 406.7253759870095
369 3 3
Id
3
1 1 1.0
2 2 1.0
3 3 -0.9670180424697727
Nupdn
1
1 2 107.12950000000001
Ntot
2
1 3 0.25470788275577316
3 2 -406.7253759872785
370 3 3
Id
3
1 1 1.0
2 2 1.0
3 3 -0.9670180424698116
Nupdn
1
1 2 107.12950000000001
Ntot
2
1 3 -0.25470788275562634
3 2 406.72537598752996
371 3 3
Id
3
1 1 1.0
2 2 1.0
3 3 -0.9670180424698476
Nupdn
1
1 2 107.12950000000001
Ntot
2
1 3 0.25470788275548867
3 2 -406.7253759877646
372 3 3
Id
3
1 1 1.0
2 2 1.0
3 3 -0.9670180424698818
Nupdn
1
1 2 107.12950000000001
Ntot
2
1 3 -0.25470788275535955
3 2 406.7253759879845
373 3 3
Id
3
1 1 1.0
2 2 1.0
3 3 -0.9670180424699133
Nupdn
1
1 2 107.12950000000001
Ntot
2
1 3 0.25470788275523926
3 2 -406.7253759881906
374 3 3
Id
3
1 1 1.0
2 2 1.0
3 3 -0.9670180424699428
Nupdn
1
1 2 107.12950000000001
Ntot
2
1 3 -0.2547078827551267
3 2 406.72537598838267
375 3 3
Id
3
1 1 1.0
2 2 1.0
3 3 -0.9670180424699706
Nupdn
1
1 2 107.12950000000001
Ntot
2
1 3 0.2547078827550216
3 2 -406.72537598856235
376 3 3
Id
3
1 1 1.0
2 2 1.0
3 3 -0.9670180424699968
Nupdn
1
1 2 107.12950000000001
Ntot
2
1 3 -0.2547078827549231
3 2 406.72537598873066
377 3 3
Id
3
1 1 1.0
2 2 1.0
3 3 -0.967018042470021
Nupdn
1
1 2 107.12950000000001
Ntot
2
1 3 0.25470788275483097
3 2 -406.7253759888874
378 3 3
Id
3
1 1 1.0
2 2 1.0
3 3 -0.9670180424700434
Nupdn
1
1 2 107.12950000000001
Ntot
2
1 3 -0.25470788275474504
3 2 406.7253759890342
379 3 3
Id
3
1 1 1.0
2 2 1.0
3 3 -0.9670180424700647
Nupdn
1
1 2 107.12950000000001
Ntot
2
1 3 0.2547078827546643
3 2 -406.72537598917165
380 3 3
Id
3
1 1 1.0
2 2 1.0
3 3 -0.9670180424700847
Nupdn
1
1 2 107.12950000000001
Ntot
2
1 3 -0.25470788275458933
3 2 406.7253759893001
381 3 3
Id
3
1 1 1.0
2 2 1.0
3 3 -0.9670180424701031
Nupdn
1
1 2 107.12950000000001
Ntot
2
1 3 0.25470788275451917
3 2 -406.7253759894201
382 3 3
Id
3
1 1 1.0
2 2 1.0
3 3 -0.9670180424701205
Nupdn
1
1 2 107.12950000000001
Ntot
2
1 3 -0.25470788275445344
3 2 406.7253759895327
383 3 3
Id
3
1 1 1.0
2 2 1.0
3 3 -0.9670180424701367
Nupdn
1
1 2 107.12950000000001
Ntot
2
1 3 0.2547078827543919
3 2 -406.7253759896378
384 3 3
Id
3
1 1 1.0
2 2 1.0
3 3 -0.967018042470152
Nupdn
1
1 2 107.12950000000001
Ntot
2
1 3 -0.2547078827543344
3 2 406.72537598973565
385 3 3
Id
3
1 1 1.0
2 2 1.0
3 3 -0.9670180424701658
Nupdn
1
1 2 107.12950000000001
Ntot
2
1 3 0.25470788275428025
3 2 -406.7253759898275
386 3 3
Id
3
1 1 1.0
2 2 1.0
3 3 -0.9670180424701793
Nupdn
1
1 2 107.12950000000001
Ntot
2
1 3 -0.2547078827542301
3 2 406.72537598991346
387 3 3
Id
3
1 1 1.0
2 2 1.0
3 3 -0.9670180424701915
Nupdn
1
1 2 107.12950000000001
Ntot
2
1 3 0.25470788275418316
3 2 -406.7253759899942
388 3 3
Id
3
1 1 1.0
2 2 1.0
3 3 -0.9670180424702031
Nupdn
1
1 2 107.12950000000001
Ntot
2
1 3 -0.25470788275413914
3 2 406.72537599006904
389 3 3
Id
3
1 1 1.0
2 2 1.0
3 3 -0.9670180424702142
Nupdn
1
1 2 107.12950000000001
Ntot
2
1 3 0.2547078827540978
3 2 -406.7253759901396
390 3 3
Id
3
1 1 1.0
2 2 1.0
3 3 -0.9670180424702242
Nupdn
1
1 2 107.12950000000001
Ntot
2
1 3 -0.2547078827540595
3 2 406.72537599020495
391 3 3
Id
3
1 1 1.0
2 2 1.0
3 3 -0.9670180424702337
Nupdn
1
1 2 107.12950000000001
Ntot
2
1 3 0.2547078827540233
3 2 -406.72537599026634
392 3 3
Id
3
1 1 1.0
2 2 1.0
3 3 -0.9670180424702426
Nupdn
1
1 2 107.12950000000001
Ntot
2
1 3 -0.2547078827539898
3 2 406.72537599032427
393 3 3
Id
3
1 1 1.0
2 2 1.0
3 3 -0.9670180424702508
Nupdn
1
1 2 107.12950000000001
Ntot
2
1 3 0.254707882753958
3 2 -406.7253759903777
394 3 3
Id
3
1 1 1.0
2 2 1.0
3 3 -0.9670180424702586
Nupdn
1
1 2 107.12950000000001
Ntot
2
1 3 -0.2547078827539287
3 2 406.72537599042784
395 3 3
Id
3
1 1 1.0
2 2 1.0
3 3 -0.9670180424702659
Nupdn
1
1 2 107.12950000000001
Ntot
2
1 3 0.2547078827539016
3 2 -406.7253759904751
396 3 3
Id
3
1 1 1.0
2 2 1.0
3 3 -0.9670180424702728
Nupdn
1
1 2 107.12950000000001
Ntot
2
1 3 -0.25470788275387574
3 2 406.72537599051867
397 3 3
Id
3
1 1 1.0
2 2 1.0
3 3 -0.9670180424702788
Nupdn
1
1 2 107.12950000000001
Ntot
2
1 3 0.25470788275385153
3 2 -406.72537599056017
398 3 3
Id
3
1 1 1.0
2 2 1.0
3 3 -0.967018042470285
Nupdn
1
1 2 107.12950000000001
Ntot
2
1 3 -0.25470788275382905
3 2 406.72537599059893
399 3 3
Id
3
1 1 1.0
2 2 1.0
3 3 -0.9670180424702903
Nupdn
1
1 2 107.12950000000001
Ntot
2
1 3 0.2547078827538081
3 2 -406.72537599063446
400 3 3
Id
3
1 1 1.0
2 2 1.0
3 3 -0.9670180424702957
Nupdn
1
1 2 107.12950000000001
Ntot
2
1 3 -0.25470788275378836
3 2 406.7253759906679
401 3 3
Id
3
1 1 1.0
2 2 1.0
3 3 -0.9670180424703005
Nupdn
1
1 2 107.12950000000001
Ntot
2
1 3 0.25470788275377015
3 2 -406.7253759906993
402 3 3
Id
3
1 1 1.0
2 2 1.0
3 3 -0.9670180424703048
Nupdn
1
1 2 107.12950000000001
Ntot
2
1 3 -0.25470788275375267
3 2 406.72537599072905
403 3 3
Id
3
1 1 1.0
2 2 1.0
3 3 -0.9670180424703094
Nupdn
1
1 2 107.12950000000001
Ntot
2
1 3 0.25470788275373657
3 2 -406.7253759907563
404 3 3
Id
3
1 1 1.0
2 2 1.0
3 3 -0.9670180424703132
Nupdn
1
1 2 107.12950000000001
Ntot
2
1 3 -0.2547078827537214
3 2 406.7253759907819
405 3 3
Id
3
1 1 1.0
2 2 1.0
3 3 -0.967018042470317
Nupdn
1
1 2 107.12950000000001
Ntot
2
1 3 0.25470788275370737
3 2 -406.72537599080624
406 3 3
Id
3
1 1 1.0
2 2 1.0
3 3 -0.9670180424703203
Nupdn
1
1 2 107.12950000000001
Ntot
2
1 3 -0.2547078827536943
3 2 406.72537599082875
407 3 3
Id
3
1 1 1.0
2 2 1.0
3 3 -0.9670180424703236
Nupdn
1
1 2 107.12950000000001
Ntot
2
1 3 0.2547078827536821
3 2 -406.72537599084956
408 3 3
Id
3
1 1 1.0
2 2 1.0
3 3 -0.9670180424703265
Nupdn
1
1 2 107.12950000000001
Ntot
2
1 3 -0.25470788275367046
3 2 406.7253759908693
409 3 3
Id
3
1 1 1.0
2 2 1.0
3 3 -0.9670180424703292
Nupdn
1
1 2 107.12950000000001
Ntot
2
1 3 0.25470788275365985
3 2 -406.72537599088713
410 3 3
Id
3
1 1 1.0
2 2 1.0
3 3 -0.9670180424703321
Nupdn
1
1 2 107.12950000000001
Ntot
2
1 3 -0.25470788275364986
3 2 406.72537599090464
411 3 3
Id
3
1 1 1.0
2 2 1.0
3 3 -0.9670180424703347
Nupdn
1
1 2 107.12950000000001
Ntot
2
1 3 0.25470788275364026
3 2 -406.72537599092107
412 3 3
Id
3
1 1 1.0
2 2 1.0
3 3 -0.967018042470337
Nupdn
1
1 2 107.12950000000001
Ntot
2
1 3 -0.2547078827536312
3 2 406.7253759909355
413 3 3
Id
3
1 1 1.0
2 2 1.0
3 3 -0.967018042470339
Nupdn
1
1 2 107.12950000000001
Ntot
2
1 3 0.2547078827536231
3 2 -406.72537599094966
414 3 3
Id
3
1 1 1.0
2 2 1.0
3 3 -0.967018042470341
Nupdn
1
1 2 107.12950000000001
Ntot
2
1 3 -0.2547078827536158
3 2 406.725375990963
415 3 3
Id
3
1 1 1.0
2 2 1.0
3 3 -0.967018042470343
Nupdn
1
1 2 107.12950000000001
Ntot
2
1 3 0.2547078827536085
3 2 -406.72537599097507
416 3 3
Id
3
1 1 1.0
2 2 1.0
3 3 -0.967018042470345
Nupdn
1
1 2 107.12950000000001
Ntot
2
1 3 -0.25470788275360157
3 2 406.7253759909866
417 3 3
Id
3
1 1 1.0
2 2 1.0
3 3 -0.9670180424703465
Nupdn
1
1 2 107.12950000000001
Ntot
2
1 3 0.25470788275359546
3 2 -406.72537599099763
418 3 3
Id
3
1 1 1.0
2 2 1.0
3 3 -0.9670180424703478
Nupdn
1
1 2 107.12950000000001
Ntot
2
1 3 -0.2547078827535895
3 2 406.7253759910076
419 3 3
Id
3
1 1 1.0
2 2 1.0
3 3 -0.9670180424703496
Nupdn
1
1 2 107.12950000000001
Ntot
2
1 3 0.2547078827535841
3 2 -406.7253759910167
420 3 3
Id
3
1 1 1.0
2 2 1.0
3 3 -0.967018042470351
Nupdn
1
1 2 107.12950000000001
Ntot
2
1 3 -0.254707882753579
3 2 406.72537599102543
421 3 3
Id
3
1 1 1.0
2 2 1.0
3 3 -0.9670180424703518
Nupdn
1
1 2 107.12950000000001
Ntot
2
1 3 0.2547078827535742
3 2 -406.7253759910334
422 3 3
Id
3
1 1 1.0
2 2 1.0
3 3 -0.9670180424703534
Nupdn
1
1 2 107.12950000000001
Ntot
2
1 3 -0.25470788275356965
3 2 406.72537599104095
423 3 3
Id
3
1 1 1.0
2 2 1.0
3 3 -0.9670180424703543
Nupdn
1
1 2 107.12950000000001
Ntot
2
1 3 0.25470788275356576
3 2 -406.72537599104805
424 3 3
Id
3
1 1 1.0
2 2 1.0
3 3 -0.9670180424703554
Nupdn
1
1 2 107.12950000000001
Ntot
2
1 3 -0.2547078827535614
3 2 406.7253759910557
425 3 3
Id
3
1 1 1.0
2 2 1.0
3 3 -0.9670180424703565
Nupdn
1
1 2 107.12950000000001
Ntot
2
1 3 0.2547078827535578
3 2 -406.7253759910615
426 3 3
Id
3
1 1 1.0
2 2 1.0
3 3 -0.9670180424703574
Nupdn
1
1 2 107.12950000000001
Ntot
2
1 3 -0.2547078827535542
3 2 406.72537599106744
427 3 3
Id
3
1 1 1.0
2 2 1.0
3 3 -0.967018042470358
Nupdn
1
1 2 107.12950000000001
Ntot
2
1 3 0.2547078827535514
3 2 -406.7253759910727
428 3 3
Id
3
1 1 1.0
2 2 1.0
3 3 -0.9670180424703587
Nupdn
1
1 2 107.12950000000001
Ntot
2
1 3 -0.254707882753548
3 2 406.72537599107847
429 3 3
Id
3
1 1 1.0
2 2 1.0
3 3 -0.9670180424703594
Nupdn
1
1 2 107.12950000000001
Ntot
2
1 3 0.25470788275354544
3 2 -406.7253759910829
430 3 3
Id
3
1 1 1.0
2 2 1.0
3 3 -0.9670180424703603
Nupdn
1
1 2 107.12950000000001
Ntot
2
1 3 -0.2547078827535427
3 2 406.7253759910878
431 3 3
Id
3
1 1 1.0
2 2 1.0
3 3 -0.9670180424703612
Nupdn
1
1 2 107.12950000000001
Ntot
2
1 3 0.2547078827535401
3 2 -406.7253759910921
432 3 3
Id
3
1 1 1.0
2 2 1.0
3 3 -0.9670180424703618
Nupdn
1
1 2 107.12950000000001
Ntot
2
1 3 -0.2547078827535377
3 2 406.725375991096
433 3 3
Id
3
1 1 1.0
2 2 1.0
3 3 -0.967018042470362
Nupdn
1
1 2 107.12950000000001
Ntot
2
1 3 0.2547078827535356
3 2 -406.72537599109927
434 3 3
Id
3
1 1 1.0
2 2 1.0
3 3 -0.9670180424703625
Nupdn
1
1 2 107.12950000000001
Ntot
2
1 3 -0.25470788275353384
3 2 406.7253759911024
435 3 3
Id
3
1 1 1.0
2 2 1.0
3 3 -0.9670180424703632
Nupdn
1
1 2 107.12950000000001
Ntot
2
1 3 0.25470788275353184
3 2 -406.7253759911061
436 3 3
Id
3
1 1 1.0
2 2 1.0
3 3 -0.9670180424703636
Nupdn
1
1 2 107.12950000000001
Ntot
2
1 3 -0.25470788275353007
3 2 406.7253759911088
437 3 3
Id
3
1 1 1.0
2 2 1.0
3 3 -0.967018042470364
Nupdn
1
1 2 107.12950000000001
Ntot
2
1 3 0.2547078827535284
3 2 -406.72537599111195
438 3 3
Id
3
1 1 1.0
2 2 1.0
3 3 -0.9670180424703643
Nupdn
1
1 2 107.12950000000001
Ntot
2
1 3 -0.25470788275352707
3 2 406.7253759911145
439 3 3
Id
3
1 1 1.0
2 2 1.0
3 3 -0.9670180424703647
Nupdn
1
1 2 107.12950000000001
Ntot
2
1 3 0.2547078827535254
3 2 -406.7253759911166
440 3 3
Id
3
1 1 1.0
2 2 1.0
3 3 -0.9670180424703652
Nupdn
1
1 2 107.12950000000001
Ntot
2
1 3 -0.25470788275352396
3 2 406.7253759911188
441 3 3
Id
3
1 1 1.0
2 2 1.0
3 3 -0.9670180424703654
Nupdn
1
1 2 107.12950000000001
Ntot
2
1 3 0.2547078827535229
3 2 -406.72537599112115
442 3 3
Id
3
1 1 1.0
2 2 1.0
3 3 -0.9670180424703658
Nupdn
1
1 2 107.12950000000001
Ntot
2
1 3 -0.25470788275352185
3 2 406.7253759911235
443 3 3
Id
3
1 1 1.0
2 2 1.0
3 3 -0.9670180424703663
Nupdn
1
1 2 107.12950000000001
Ntot
2
1 3 0.25470788275352046
3 2 -406.7253759911255
444 3 3
Id
3
1 1 1.0
2 2 1.0
3 3 -0.9670180424703663
Nupdn
1
1 2 107.12950000000001
Ntot
2
1 3 -0.2547078827535196
3 2 406.72537599112667
445 3 3
Id
3
1 1 1.0
2 2 1.0
3 3 -0.9670180424703669
Nupdn
1
1 2 107.12950000000001
Ntot
2
1 3 0.25470788275351863
3 2 -406.7253759911288
446 3 3
Id
3
1 1 1.0
2 2 1.0
3 3 -0.9670180424703667
Nupdn
1
1 2 107.12950000000001
Ntot
2
1 3 -0.25470788275351786
3 2 406.7253759911297
447 3 3
Id
3
1 1 1.0
2 2 1.0
3 3 -0.9670180424703672
Nupdn
1
1 2 107.12950000000001
Ntot
2
1 3 0.254707882753517
3 2 -406.72537599113116
448 3 3
Id
3
1 1 1.0
2 2 1.0
3 3 -0.9670180424703674
Nupdn
1
1 2 107.12950000000001
Ntot
2
1 3 -0.2547078827535162
3 2 406.72537599113264
449 3 3
Id
3
1 1 1.0
2 2 1.0
3 3 -0.9670180424703676
Nupdn
1
1 2 107.12950000000001
Ntot
2
1 3 0.25470788275351514
3 2 -406.7253759911346
450 3 3
Id
3
1 1 1.0
2 2 1.0
3 3 -0.9670180424703678
Nupdn
1
1 2 107.12950000000001
Ntot
2
1 3 -0.25470788275351475
3 2 406.7253759911355
451 3 3
Id
3
1 1 1.0
2 2 1.0
3 3 -0.9670180424703678
Nupdn
1
1 2 107.12950000000001
Ntot
2
1 3 0.25470788275351386
3 2 -406.7253759911369
452 3 3
Id
3
1 1 1.0
2 2 1.0
3 3 -0.9670180424703678
Nupdn
1
1 2 107.12950000000001
Ntot
2
1 3 -0.2547078827535133
3 2 406.7253759911375
453 3 3
Id
3
1 1 1.0
2 2 1.0
3 3 -0.9670180424703683
Nupdn
1
1 2 107.12950000000001
Ntot
2
1 3 0.2547078827535128
3 2 -406.72537599113826
454 3 3
Id
3
1 1 1.0
2 2 1.0
3 3 -0.967018042470368
Nupdn
1
1 2 107.12950000000001
Ntot
2
1 3 -0.2547078827535123
3 2 406.7253759911394
455 3 3
Id
3
1 1 1.0
2 2 1.0
3 3 -0.9670180424703685
Nupdn
1
1 2 107.12950000000001
Ntot
2
1 3 0.2547078827535118
3 2 -406.72537599114
456 3 3
Id
3
1 1 1.0
2 2 1.0
3 3 -0.9670180424703687
Nupdn
1
1 2 107.12950000000001
Ntot
2
1 3 -0.25470788275351136
3 2 406.7253759911408
457 3 3
Id
3
1 1 1.0
2 2 1.0
3 3 -0.9670180424703685
Nupdn
1
1 2 107.12950000000001
Ntot
2
1 3 0.2547078827535109
3 2 -406.725375991142
458 3 3
Id
3
1 1 1.0
2 2 1.0
3 3 -0.9670180424703687
Nupdn
1
1 2 107.12950000000001
Ntot
2
1 3 -0.25470788275351064
3 2 406.72537599114185
459 3 3
Id
3
1 1 1.0
2 2 1.0
3 3 -0.9670180424703689
Nupdn
1
1 2 107.12950000000001
Ntot
2
1 3 0.2547078827535102
3 2 -406.7253759911433
460 3 3
Id
3
1 1 1.0
2 2 1.0
3 3 -0.9670180424703689
Nupdn
1
1 2 107.12950000000001
Ntot
2
1 3 -0.2547078827535098
3 2 406.7253759911435
461 3 3
Id
3
1 1 1.0
2 2 1.0
3 3 -0.9670180424703689
Nupdn
1
1 2 107.12950000000001
Ntot
2
1 3 0.25470788275350953
3 2 -406.72537599114395
462 3 3
Id
3
1 1 1.0
2 2 1.0
3 3 -0.9670180424703694
Nupdn
1
1 2 107.12950000000001
Ntot
2
1 3 -0.25470788275350886
3 2 406.7253759911452
463 3 3
Id
3
1 1 1.0
2 2 1.0
3 3 -0.9670180424703692
Nupdn
1
1 2 107.12950000000001
Ntot
2
1 3 0.25470788275350886
3 2 -406.725375991145
464 3 3
Id
3
1 1 1.0
2 2 1.0
3 3 -0.9670180424703692
Nupdn
1
1 2 107.12950000000001
Ntot
2
1 3 -0.2547078827535085
3 2 406.7253759911463
465 3 3
Id
3
1 1 1.0
2 2 1.0
3 3 -0.9670180424703694
Nupdn
1
1 2 107.12950000000001
Ntot
2
1 3 0.2547078827535083
3 2 -406.72537599114634
466 3 3
Id
3
1 1 1.0
2 2 1.0
3 3 -0.9670180424703696
Nupdn
1
1 2 107.12950000000001
Ntot
2
1 3 -0.25470788275350786
3 2 406.72537599114696
467 3 3
Id
3
1 1 1.0
2 2 1.0
3 3 -0.9670180424703696
Nupdn
1
1 2 107.12950000000001
Ntot
2
1 3 0.25470788275350775
3 2 -406.7253759911468
468 3 3
Id
3
1 1 1.0
2 2 1.0
3 3 -0.9670180424703696
Nupdn
1
1 2 107.12950000000001
Ntot
2
1 3 -0.2547078827535076
3 2 406.72537599114725
469 3 3
Id
3
1 1 1.0
2 2 1.0
3 3 -0.9670180424703694
Nupdn
1
1 2 107.12950000000001
Ntot
2
1 3 0.25470788275350753
3 2 -406.7253759911478
470 3 3
Id
3
1 1 1.0
2 2 1.0
3 3 -0.9670180424703696
Nupdn
1
1 2 107.12950000000001
Ntot
2
1 3 -0.25470788275350703
3 2 406.72537599114804
471 3 3
Id
3
1 1 1.0
2 2 1.0
3 3 -0.9670180424703696
Nupdn
1
1 2 107.12950000000001
Ntot
2
1 3 0.25470788275350714
3 2 -406.72537599114804
472 3 3
Id
3
1 1 1.0
2 2 1.0
3 3 -0.9670180424703698
Nupdn
1
1 2 107.12950000000001
Ntot
2
1 3 -0.25470788275350675
3 2 406.72537599114867
473 3 3
Id
3
1 1 1.0
2 2 1.0
3 3 -0.9670180424703696
Nupdn
1
1 2 107.12950000000001
Ntot
2
1 3 0.2547078827535069
3 2 -406.7253759911484
474 3 3
Id
3
1 1 1.0
2 2 1.0
3 3 -0.96701804247037
Nupdn
1
1 2 107.12950000000001
Ntot
2
1 3 -0.2547078827535068
3 2 406.72537599114884
475 3 3
Id
3
1 1 1.0
2 2 1.0
3 3 -0.9670180424703698
Nupdn
1
1 2 107.12950000000001
Ntot
2
1 3 0.25470788275350675
3 2 -406.72537599114906
476 3 3
Id
3
1 1 1.0
2 2 1.0
3 3 -0.96701804247037
Nupdn
1
1 2 107.12950000000001
Ntot
2
1 3 -0.2547078827535065
3 2 406.72537599114946
477 3 3
Id
3
1 1 1.0
2 2 1.0
3 3 -0.96701804247037
Nupdn
1
1 2 107.12950000000001
Ntot
2
1 3 0.25470788275350664
3 2 -406.72537599114906
478 3 3
Id
3
1 1 1.0
2 2 1.0
3 3 -0.96701804247037
Nupdn
1
1 2 107.12950000000001
Ntot
2
1 3 -0.25470788275350614
3 2 406.7253759911498
479 3 3
Id
3
1 1 1.0
2 2 1.0
3 3 -0.96701804247037
Nupdn
1
1 2 107.12950000000001
Ntot
2
1 3 0.2547078827535062
3 2 -406.72537599114963
480 3 3
Id
3
1 1 1.0
2 2 1.0
3 3 -0.9670180424703703
Nupdn
1
1 2 107.12950000000001
Ntot
2
1 3 -0.25470788275350603
3 2 406.72537599115
481 3 3
Id
3
1 1 1.0
2 2 1.0
3 3 -0.96701804247037
Nupdn
1
1 2 107.12950000000001
Ntot
2
1 3 0.2547078827535061
3 2 -406.72537599115003
482 3 3
Id
3
1 1 1.0
2 2 1.0
3 3 -0.96701804247037
Nupdn
1
1 2 107.12950000000001
Ntot
2
1 3 -0.2547078827535059
3 2 406.7253759911499
483 3 3
Id
3
1 1 1.0
2 2 1.0
3 3 -0.96701804247037
Nupdn
1
1 2 107.12950000000001
Ntot
2
1 3 0.25470788275350603
3 2 -406.7253759911502
484 3 3
Id
3
1 1 1.0
2 2 1.0
3 3 -0.9670180424703698
Nupdn
1
1 2 107.12950000000001
Ntot
2
1 3 -0.2547078827535059
3 2 406.72537599115014
485 3 3
Id
3
1 1 1.0
2 2 1.0
3 3 -0.9670180424703698
Nupdn
1
1 2 107.12950000000001
Ntot
2
1 3 0.2547078827535061
3 2 -406.72537599115003
486 3 3
Id
3
1 1 1.0
2 2 1.0
3 3 -0.9670180424703703
Nupdn
1
1 2 107.12950000000001
Ntot
2
1 3 -0.25470788275350587
3 2 406.7253759911505
487 3 3
Id
3
1 1 1.0
2 2 1.0
3 3 -0.96701804247037
Nupdn
1
1 2 107.12950000000001
Ntot
2
1 3 0.25470788275350587
3 2 -406.72537599115054
488 3 3
Id
3
1 1 1.0
2 2 1.0
3 3 -0.96701804247037
Nupdn
1
1 2 107.12950000000001
Ntot
2
1 3 -0.2547078827535056
3 2 406.7253759911508
489 3 3
Id
3
1 1 1.0
2 2 1.0
3 3 -0.96701804247037
Nupdn
1
1 2 107.12950000000001
Ntot
2
1 3 0.2547078827535053
3 2 -406.7253759911513
490 3 3
Id
3
1 1 1.0
2 2 1.0
3 3 -0.9670180424703703
Nupdn
1
1 2 107.12950000000001
Ntot
2
1 3 -0.2547078827535055
3 2 406.7253759911509
491 3 3
Id
3
1 1 1.0
2 2 1.0
3 3 -0.96701804247037
Nupdn
1
1 2 107.12950000000001
Ntot
2
1 3 0.25470788275350525
3 2 -406.72537599115145
492 3 3
Id
3
1 1 1.0
2 2 1.0
3 3 -0.96701804247037
Nupdn
1
1 2 107.12950000000001
Ntot
2
1 3 -0.25470788275350553
3 2 406.72537599115117
493 3 3
Id
3
1 1 1.0
2 2 1.0
3 3 -0.9670180424703703
Nupdn
1
1 2 107.12950000000001
Ntot
2
1 3 0.25470788275350537
3 2 -406.7253759911512
494 3 3
Id
3
1 1 1.0
2 2 1.0
3 3 -0.9670180424703703
Nupdn
1
1 2 107.12950000000001
Ntot
2
1 3 -0.2547078827535053
3 2 406.725375991151
495 3 3
Id
3
1 1 1.0
2 2 1.0
3 3 -0.9670180424703703
Nupdn
1
1 2 107.12950000000001
Ntot
2
1 3 0.25470788275350525
3 2 -406.7253759911515
496 3 3
Id
3
1 1 1.0
2 2 1.0
3 3 -0.9670180424703703
Nupdn
1
1 2 107.12950000000001
Ntot
2
1 3 -0.25470788275350525
3 2 406.7253759911511
497 3 3
Id
3
1 1 1.0
2 2 1.0
3 3 -0.9670180424703703
Nupdn
1
1 2 107.12950000000001
Ntot
2
1 3 0.2547078827535051
3 2 -406.7253759911516
498 3 3
Id
3
1 1 1.0
2 2 1.0
3 3 -0.96701804247037
Nupdn
1
1 2 107.12950000000001
Ntot
2
1 3 -0.2547078827535052
3 2 406.7253759911513
499 3 3
Id
3
1 1 1.0
2 2 1.0
3 3 -0.9670180424703703
Nupdn
1
1 2 107.12950000000001
Ntot
2
1 3 0.25470788275350514
3 2 -406.7253759911518
500 3 3
Id
3
1 1 1.0
2 2 1.0
3 3 -0.9670180424703705
Nupdn
1
1 2 107.12950000000001
Ntot
2
1 3 -0.25470788275350525
3 2 406.72537599115157
501 3 3
Id
3
1 1 1.0
2 2 1.0
3 3 -0.9670180424703705
Nupdn
1
1 2 107.12950000000001
Ntot
2
1 3 0.25470788275350503
3 2 -406.72537599115174
502 3 3
Id
3
1 1 1.0
2 2 1.0
3 3 -0.9670180424703703
Nupdn
1
1 2 107.12950000000001
Ntot
2
1 3 -0.25470788275350537
3 2 406.72537599115157
503 3 3
Id
3
1 1 1.0
2 2 1.0
3 3 -0.96701804247037
Nupdn
1
1 2 107.12950000000001
Ntot
2
1 3 0.2547078827535052
3 2 -406.72537599115174
504 3 3
Id
3
1 1 1.0
2 2 1.0
3 3 -0.9670180424703705
Nupdn
1
1 2 107.12950000000001
Ntot
2
1 3 -0.2547078827535052
3 2 406.7253759911515
505 3 3
Id
3
1 1 1.0
2 2 1.0
3 3 -0.9670180424703703
Nupdn
1
1 2 107.12950000000001
Ntot
2
1 3 0.2547078827535052
3 2 -406.7253759911521
506 3 3
Id
3
1 1 1.0
2 2 1.0
3 3 -0.9670180424703703
Nupdn
1
1 2 107.12950000000001
Ntot
2
1 3 -0.2547078827535053
3 2 406.7253759911513
507 3 3
Id
3
1 1 1.0
2 2 1.0
3 3 -0.96701804247037
Nupdn
1
1 2 107.12950000000001
Ntot
2
1 3 0.254707882753505
3 2 -406.72537599115157
508 3 3
Id
3
1 1 1.0
2 2 1.0
3 3 -0.96701804247037
Nupdn
1
1 2 107.12950000000001
Ntot
2
1 3 -0.2547078827535052
3 2 406.72537599115117
509 3 3
Id
3
1 1 1.0
2 2 1.0
3 3 -0.9670180424703703
Nupdn
1
1 2 107.12950000000001
Ntot
2
1 3 0.254707882753505
3 2 -406.7253759911517
510 3 3
Id
3
1 1 1.0
2 2 1.0
3 3 -0.9670180424703703
Nupdn
1
1 2 107.12950000000001
Ntot
2
1 3 -0.25470788275350514
3 2 406.72537599115174
511 3 3
Id
3
1 1 1.0
2 2 1.0
3 3 -0.9670180424703703
Nupdn
1
1 2 107.12950000000001
Ntot
2
1 3 0.2547078827535051
3 2 -406.72537599115174
512 3 3
Id
3
1 1 1.0
2 2 1.0
3 3 -0.96701804247037
Nupdn
1
1 2 107.12950000000001
Ntot
2
1 3 -0.2547078827535052
3 2 406.7253759911513
513 3 1
Id
1
2 1 1.0
Nupdn
1
1 1 107.12950000000001
Ntot
1
3 1 -406.72537599115196
